/*--------------------------------*- C++ -*----------------------------------*\
| =========                 |                                                 |
| \\      /  F ield         | OpenFOAM: The Open Source CFD Toolbox           |
|  \\    /   O peration     | Version:  2306                                  |
|   \\  /    A nd           | Website:  www.openfoam.com                      |
|    \\/     M anipulation  |                                                 |
\*---------------------------------------------------------------------------*/
FoamFile
{
    version     2.0;
    format      ascii;
    arch        "LSB;label=32;scalar=64";
    class       volVectorField;
    location    "925";
    object      momentError;
}
// * * * * * * * * * * * * * * * * * * * * * * * * * * * * * * * * * * * * * //

dimensions      [0 1 -2 0 0 0 0];

internalField   nonuniform List<vector> 
1340
(
(-7.58276e-06 0.000102649 1.78891e-16)
(-3.68485e-07 0.000111395 -1.65408e-15)
(1.06854e-05 0.00011741 -1.52309e-15)
(-6.27289e-06 9.6062e-05 -2.48141e-15)
(1.41665e-06 0.00010305 6.67458e-16)
(1.17497e-05 0.000108201 -1.48834e-15)
(2.28392e-05 0.00010667 5.51846e-15)
(3.47475e-05 0.000106659 6.91975e-15)
(-3.89806e-06 8.87541e-05 9.99654e-16)
(3.96167e-06 9.50693e-05 4.23557e-15)
(1.40802e-05 9.95235e-05 2.89056e-15)
(2.42773e-05 9.79958e-05 9.59237e-17)
(3.48238e-05 9.87156e-05 -1.09802e-15)
(4.59833e-05 9.84494e-05 -5.33421e-16)
(5.50249e-05 9.40966e-05 4.56359e-14)
(-1.24086e-06 8.282e-05 -1.44124e-15)
(6.1181e-06 8.73594e-05 3.39095e-15)
(1.6001e-05 9.09998e-05 5.96703e-16)
(2.5572e-05 8.97608e-05 -4.24932e-15)
(3.54906e-05 9.03309e-05 1.43369e-14)
(4.57733e-05 9.02282e-05 -1.98941e-14)
(5.50317e-05 8.73739e-05 2.04626e-15)
(6.16748e-05 8.10873e-05 -6.63958e-15)
(1.13828e-06 7.66916e-05 -3.25436e-15)
(8.19338e-06 8.04583e-05 -1.74033e-15)
(1.72889e-05 8.33332e-05 -3.88647e-16)
(2.62931e-05 8.22023e-05 -3.99184e-15)
(3.55477e-05 8.26219e-05 -8.10476e-16)
(4.53633e-05 8.26247e-05 1.51751e-14)
(5.37707e-05 7.96574e-05 -5.00752e-14)
(6.12107e-05 7.38007e-05 2.10024e-14)
(6.39159e-05 6.65686e-05 8.43932e-14)
(2.70959e-06 7.09995e-05 3.46391e-15)
(9.56708e-06 7.40084e-05 -3.22909e-15)
(1.81496e-05 7.63722e-05 1.3477e-15)
(2.64199e-05 7.53512e-05 2.11866e-15)
(3.51459e-05 7.57274e-05 -1.9178e-14)
(4.43968e-05 7.56936e-05 1.62749e-14)
(5.2348e-05 7.28731e-05 4.08655e-14)
(5.87348e-05 6.82621e-05 -2.99582e-14)
(6.33159e-05 6.17669e-05 -4.44595e-15)
(3.87808e-06 6.55747e-05 2.1654e-15)
(1.04676e-05 6.80768e-05 -1.18257e-15)
(1.84962e-05 7.0015e-05 -3.29422e-15)
(2.6265e-05 6.91493e-05 9.0145e-17)
(3.43681e-05 6.94072e-05 -1.73325e-15)
(4.30545e-05 6.94967e-05 -4.02439e-14)
(5.06485e-05 6.71545e-05 2.88281e-14)
(5.65909e-05 6.29908e-05 9.22014e-15)
(6.09236e-05 5.79223e-05 -7.90314e-14)
(6.42168e-05 5.271e-05 -7.44452e-15)
(4.65432e-06 6.04665e-05 -1.74295e-16)
(1.10026e-05 6.2623e-05 7.63614e-16)
(1.85533e-05 6.42162e-05 1.44558e-16)
(2.57222e-05 6.34527e-05 -2.91563e-15)
(3.34005e-05 6.37913e-05 1.82169e-14)
(4.16056e-05 6.3881e-05 1.92678e-14)
(4.86908e-05 6.1799e-05 -4.41289e-14)
(5.4585e-05 5.84332e-05 1.99905e-14)
(5.89013e-05 5.38428e-05 4.86782e-14)
(6.22019e-05 4.92726e-05 -4.44748e-15)
(6.54495e-05 4.53489e-05 -3.35545e-14)
(5.17267e-06 5.57502e-05 -5.40123e-16)
(1.123e-05 5.75797e-05 -1.97423e-15)
(1.83178e-05 5.89455e-05 4.58329e-17)
(2.50354e-05 5.83505e-05 -5.94978e-16)
(3.22246e-05 5.85426e-05 -1.24406e-14)
(3.99766e-05 5.87796e-05 3.305e-14)
(4.6864e-05 5.70941e-05 3.43228e-14)
(5.24956e-05 5.38378e-05 6.43835e-15)
(5.68841e-05 4.99463e-05 9.94058e-15)
(6.04356e-05 4.59856e-05 -1.46257e-14)
(6.41267e-05 4.22086e-05 -1.34927e-14)
(5.47853e-06 5.13633e-05 -5.33263e-16)
(1.12707e-05 5.2984e-05 -6.71733e-16)
(1.79156e-05 5.41464e-05 -1.8973e-15)
(2.41549e-05 5.35804e-05 -8.62412e-16)
(3.10095e-05 5.38836e-05 -3.00108e-15)
(3.83881e-05 5.40697e-05 -1.89161e-14)
(4.48352e-05 5.24676e-05 -2.82776e-15)
(5.05389e-05 4.98324e-05 -3.4952e-14)
(5.496e-05 4.62278e-05 7.17321e-15)
(5.84632e-05 4.22554e-05 1.19148e-14)
(6.23038e-05 3.89018e-05 1.52633e-14)
(6.54223e-05 3.43827e-05 -1.17275e-14)
(5.6675e-06 4.73639e-05 2.34066e-15)
(1.11527e-05 4.87346e-05 1.21246e-15)
(1.73702e-05 4.97591e-05 1.85999e-15)
(2.32739e-05 4.93119e-05 -1.34079e-15)
(2.9682e-05 4.94443e-05 -6.77804e-17)
(3.67062e-05 4.97263e-05 -7.68535e-15)
(4.30152e-05 4.84372e-05 2.15499e-14)
(4.84335e-05 4.58126e-05 8.58332e-15)
(5.2908e-05 4.25419e-05 -2.86662e-14)
(5.67187e-05 3.88807e-05 1.26948e-14)
(6.04006e-05 3.50837e-05 -2.54092e-14)
(6.37928e-05 3.06253e-05 3.94095e-14)
(5.75596e-06 4.35792e-05 2.32469e-15)
(1.09504e-05 4.48659e-05 -5.73307e-17)
(1.67832e-05 4.57161e-05 -5.58626e-16)
(2.22514e-05 4.52749e-05 2.12338e-15)
(2.83758e-05 4.55353e-05 -1.62619e-15)
(3.50507e-05 4.57346e-05 -3.5096e-15)
(4.09815e-05 4.44318e-05 1.22894e-14)
(4.64345e-05 4.2272e-05 2.4221e-14)
(5.09882e-05 3.89984e-05 -2.28309e-14)
(5.45521e-05 3.5087e-05 3.38063e-14)
(5.84592e-05 3.12433e-05 -2.07098e-14)
(6.18461e-05 2.65658e-05 -1.10902e-14)
(6.41106e-05 2.07855e-05 6.06879e-14)
(5.79849e-06 4.01126e-05 -5.69128e-16)
(1.0684e-05 4.12032e-05 2.77146e-15)
(1.61429e-05 4.19964e-05 -1.39262e-16)
(2.12701e-05 4.16805e-05 -8.43508e-16)
(2.69836e-05 4.17511e-05 -1.01424e-15)
(3.33107e-05 4.20249e-05 9.09459e-15)
(3.91292e-05 4.09715e-05 5.98026e-15)
(4.42706e-05 3.85938e-05 1.66351e-14)
(4.87829e-05 3.54712e-05 2.1489e-14)
(5.25952e-05 3.16889e-05 -2.66441e-14)
(5.61602e-05 2.72741e-05 4.39627e-14)
(5.94627e-05 2.23912e-05 -4.22423e-14)
(6.22913e-05 1.70178e-05 2.25212e-14)
(5.8121e-06 3.67876e-05 -2.12928e-15)
(1.03913e-05 3.78471e-05 2.37565e-15)
(1.54703e-05 3.85435e-05 1.11257e-15)
(2.0227e-05 3.82062e-05 -2.18345e-15)
(2.56596e-05 3.83942e-05 -1.12735e-14)
(3.16351e-05 3.85685e-05 1.21e-14)
(3.70466e-05 3.73943e-05 -2.27654e-14)
(4.22046e-05 3.53485e-05 -3.11702e-14)
(4.66101e-05 3.21737e-05 5.01677e-15)
(5.00954e-05 2.79831e-05 4.93851e-15)
(5.36863e-05 2.36596e-05 -1.01361e-17)
(5.69489e-05 1.86458e-05 3.80841e-14)
(5.98045e-05 1.38168e-05 -8.79078e-14)
(6.15552e-05 8.38307e-06 6.75324e-16)
(5.72259e-06 3.36822e-05 1.99339e-16)
(1.00205e-05 3.46605e-05 -1.12806e-15)
(1.47483e-05 3.53263e-05 9.39945e-16)
(1.9239e-05 3.50741e-05 -5.00315e-15)
(2.42583e-05 3.50764e-05 1.16265e-15)
(2.9904e-05 3.52857e-05 -9.50194e-15)
(3.5151e-05 3.43166e-05 9.69277e-15)
(3.99e-05 3.2027e-05 -1.62519e-14)
(4.41416e-05 2.88864e-05 -1.75314e-14)
(4.77316e-05 2.49092e-05 -3.26526e-14)
(5.09013e-05 2.01654e-05 -6.83998e-14)
(5.39963e-05 1.54092e-05 -3.47145e-15)
(5.69182e-05 1.06064e-05 -1.16523e-14)
(5.86659e-05 5.35425e-06 -5.71259e-14)
(5.60741e-06 3.07217e-05 1.99542e-16)
(9.59958e-06 3.1691e-05 -7.06181e-17)
(1.40098e-05 3.22728e-05 9.64859e-16)
(1.81579e-05 3.19954e-05 -2.95351e-15)
(2.292e-05 3.21248e-05 3.05175e-15)
(2.82003e-05 3.22291e-05 -1.87939e-14)
(3.30244e-05 3.11229e-05 -3.9074e-15)
(3.76862e-05 2.91321e-05 6.24145e-15)
(4.17292e-05 2.59407e-05 1.74959e-14)
(4.48136e-05 2.16747e-05 1.23219e-14)
(4.80096e-05 1.73126e-05 -1.7937e-14)
(5.08439e-05 1.2721e-05 5.54745e-16)
(5.36915e-05 8.30855e-06 7.62268e-14)
(5.61051e-05 3.92733e-06 1.02876e-13)
(5.42047e-06 2.80184e-05 -2.1719e-15)
(9.14823e-06 2.88741e-05 -1.08881e-15)
(1.32672e-05 2.94221e-05 -6.36592e-16)
(1.71356e-05 2.92473e-05 6.07371e-15)
(2.15317e-05 2.91992e-05 -1.55376e-15)
(2.64689e-05 2.93444e-05 5.56969e-15)
(3.11073e-05 2.84241e-05 -1.85498e-16)
(3.52971e-05 2.61813e-05 1.4533e-15)
(3.90645e-05 2.30748e-05 1.49726e-14)
(4.2189e-05 1.92105e-05 -8.34341e-15)
(4.48497e-05 1.48151e-05 2.1353e-14)
(4.75458e-05 1.07051e-05 2.96626e-14)
(5.0246e-05 7.01606e-06 -1.39419e-15)
(5.29112e-05 3.50059e-06 -1.05726e-14)
(5.49721e-05 1.42778e-06 -4.60958e-14)
(5.38834e-06 2.55944e-05 1.62627e-15)
(8.71189e-06 2.62957e-05 -7.13098e-16)
(1.25133e-05 2.68002e-05 2.41202e-16)
(1.60992e-05 2.65817e-05 2.71536e-15)
(2.02477e-05 2.66537e-05 -1.57424e-15)
(2.48323e-05 2.66943e-05 9.22845e-15)
(2.90215e-05 2.56229e-05 4.80243e-15)
(3.30815e-05 2.36963e-05 1.4989e-14)
(3.65301e-05 2.06635e-05 9.03617e-15)
(3.91334e-05 1.67323e-05 2.0417e-14)
(4.18354e-05 1.29877e-05 -2.97446e-14)
(4.43206e-05 9.41563e-06 -3.75939e-14)
(4.69707e-05 6.32642e-06 -1.30036e-14)
(5.00104e-05 4.09899e-06 2.45143e-14)
(5.22451e-05 2.10331e-06 3.7628e-14)
(5.10706e-06 2.32316e-05 1.01612e-15)
(8.29281e-06 2.41225e-05 1.22345e-15)
(1.17657e-05 2.44314e-05 -1.69803e-16)
(1.51445e-05 2.42668e-05 -5.31562e-16)
(1.89383e-05 2.41728e-05 3.2757e-15)
(2.32119e-05 2.42276e-05 -1.02034e-14)
(2.71872e-05 2.33447e-05 -1.83026e-14)
(3.07427e-05 2.12354e-05 1.46746e-14)
(3.38933e-05 1.83812e-05 -4.01061e-15)
(3.64833e-05 1.50341e-05 -2.80359e-14)
(3.87559e-05 1.14722e-05 5.77792e-15)
(4.11994e-05 8.45984e-06 -1.21573e-15)
(4.39807e-05 6.08455e-06 -3.60147e-14)
(4.70466e-05 4.24694e-06 -4.75597e-14)
(5.01302e-05 2.67005e-06 -1.08495e-14)
(4.5496e-06 2.0982e-05 -8.9443e-16)
(7.68452e-06 2.19583e-05 2.28935e-16)
(1.10139e-05 2.23293e-05 -1.5112e-15)
(1.41444e-05 2.20509e-05 -2.04117e-15)
(1.7725e-05 2.20629e-05 1.70684e-15)
(2.1658e-05 2.2019e-05 7.54867e-15)
(2.52165e-05 2.10142e-05 3.37422e-15)
(2.86276e-05 1.92366e-05 -1.15315e-14)
(3.14746e-05 1.65553e-05 3.91993e-14)
(3.35942e-05 1.32613e-05 -5.41852e-15)
(3.59503e-05 1.03709e-05 -5.14889e-16)
(3.83052e-05 7.81479e-06 4.00606e-14)
(4.1079e-05 5.81876e-06 -8.27324e-16)
(4.45503e-05 4.35479e-06 -3.05222e-15)
(4.76126e-05 2.69688e-06 3.09186e-15)
(4.95961e-05 1.15067e-07 -6.82009e-15)
(4.31076e-06 1.89079e-05 -3.08402e-16)
(7.08732e-06 1.98654e-05 -8.20024e-16)
(1.02512e-05 2.02683e-05 -2.43744e-16)
(1.31921e-05 2.0129e-05 2.50447e-15)
(1.64801e-05 1.99954e-05 -2.04506e-15)
(2.01245e-05 1.99812e-05 1.80343e-15)
(2.34968e-05 1.91578e-05 9.2059e-15)
(2.64513e-05 1.72593e-05 -2.74556e-14)
(2.90531e-05 1.4794e-05 -1.82155e-14)
(3.11962e-05 1.20867e-05 2.23174e-15)
(3.31976e-05 9.35908e-06 6.96146e-15)
(3.55541e-05 7.1994e-06 4.72722e-15)
(3.83894e-05 5.55601e-06 5.38689e-14)
(4.17062e-05 4.09346e-06 4.28064e-14)
(4.51414e-05 2.37155e-06 -3.90281e-14)
(4.67099e-05 -9.6108e-07 7.62364e-15)
(4.00886e-06 1.73695e-05 -7.69231e-16)
(6.67839e-06 1.79208e-05 -1.91034e-16)
(9.51331e-06 1.84462e-05 -1.25392e-15)
(1.22502e-05 1.82506e-05 5.10688e-15)
(1.53486e-05 1.82389e-05 -3.39581e-15)
(1.87012e-05 1.81521e-05 -3.5065e-15)
(2.17035e-05 1.72252e-05 -1.93291e-14)
(2.45484e-05 1.56624e-05 3.50821e-16)
(2.68934e-05 1.34017e-05 2.01287e-14)
(2.86589e-05 1.07471e-05 1.52515e-14)
(3.07594e-05 8.55389e-06 -1.58964e-14)
(3.30083e-05 6.67579e-06 -5.42748e-14)
(3.57723e-05 5.18114e-06 -3.39492e-14)
(3.91734e-05 3.81809e-06 4.13643e-14)
(4.21121e-05 1.67429e-06 2.02649e-14)
(4.40704e-05 -1.53095e-06 -1.04199e-14)
(1.96607e-06 1.51684e-05 -4.54478e-17)
(3.81191e-06 1.60233e-05 5.68982e-16)
(6.21105e-06 1.62838e-05 2.70332e-16)
(8.86104e-06 1.67221e-05 -2.04683e-16)
(1.14047e-05 1.66379e-05 7.55503e-16)
(1.42253e-05 1.65145e-05 8.48437e-18)
(1.73412e-05 1.64577e-05 9.92407e-17)
(2.01749e-05 1.57244e-05 9.89866e-15)
(2.26294e-05 1.40783e-05 -5.21973e-15)
(2.47768e-05 1.20251e-05 9.37976e-15)
(2.65899e-05 9.86744e-06 2.16608e-14)
(2.83834e-05 7.74917e-06 -2.1991e-15)
(3.06025e-05 6.11605e-06 6.55856e-15)
(3.32834e-05 4.78861e-06 2.69652e-15)
(3.63428e-05 3.29103e-06 -2.33384e-14)
(3.94187e-05 1.34254e-06 -3.57397e-14)
(4.12349e-05 -1.69715e-06 1.7832e-14)
(4.15725e-05 -4.88281e-06 3.35283e-14)
(1.91621e-06 1.39995e-05 8.91133e-17)
(3.6861e-06 1.45289e-05 5.22665e-16)
(5.87294e-06 1.48167e-05 -2.38406e-16)
(8.26096e-06 1.51651e-05 2.36683e-15)
(1.0579e-05 1.5076e-05 -5.36321e-16)
(1.32199e-05 1.50653e-05 6.3018e-15)
(1.60711e-05 1.49638e-05 2.6761e-15)
(1.8589e-05 1.41594e-05 1.22597e-14)
(2.0963e-05 1.28263e-05 -8.15541e-16)
(2.29141e-05 1.0948e-05 -1.70264e-14)
(2.44084e-05 8.79825e-06 -2.62443e-16)
(2.62804e-05 7.09427e-06 -3.29462e-16)
(2.83622e-05 5.61489e-06 -1.88141e-14)
(3.08877e-05 4.33754e-06 9.16096e-15)
(3.39141e-05 2.99194e-06 6.62891e-15)
(3.64232e-05 9.3428e-07 2.99417e-14)
(3.85556e-05 -1.54332e-06 5.82962e-16)
(3.90906e-05 -4.53418e-06 -4.10312e-14)
(2.06899e-06 1.28469e-05 6.26262e-16)
(3.62453e-06 1.32764e-05 -7.95706e-16)
(5.5552e-06 1.34303e-05 -9.44079e-17)
(7.72338e-06 1.37765e-05 2.79296e-16)
(9.83651e-06 1.37487e-05 -8.19004e-16)
(1.22308e-05 1.36408e-05 -6.16487e-15)
(1.48589e-05 1.3585e-05 -3.89157e-15)
(1.72508e-05 1.29549e-05 2.01688e-14)
(1.92938e-05 1.15531e-05 1.03476e-14)
(2.10959e-05 9.84175e-06 -2.52385e-15)
(2.26476e-05 8.10925e-06 -2.30845e-14)
(2.42301e-05 6.41462e-06 9.20403e-15)
(2.62417e-05 5.09315e-06 1.95856e-14)
(2.86274e-05 3.93604e-06 -1.57175e-15)
(3.12936e-05 2.52911e-06 8.9352e-15)
(3.40258e-05 8.08218e-07 -5.54875e-14)
(3.5821e-05 -1.55671e-06 -3.19203e-14)
(3.6791e-05 -4.34006e-06 3.98076e-14)
(2.09711e-06 1.17732e-05 8.97516e-17)
(3.51886e-06 1.20863e-05 8.10282e-18)
(5.2674e-06 1.22407e-05 3.51037e-16)
(7.20774e-06 1.25173e-05 2.85945e-16)
(9.12542e-06 1.24592e-05 1.52517e-15)
(1.13573e-05 1.24493e-05 -1.4167e-16)
(1.37575e-05 1.23567e-05 -3.4987e-15)
(1.58772e-05 1.16604e-05 1.08101e-14)
(1.78711e-05 1.05384e-05 1.16344e-14)
(1.95084e-05 8.98254e-06 -1.09137e-14)
(2.07822e-05 7.22881e-06 -1.30404e-15)
(2.24261e-05 5.85742e-06 -9.60269e-15)
(2.42699e-05 4.63971e-06 1.98283e-14)
(2.64787e-05 3.51609e-06 -1.71389e-14)
(2.90692e-05 2.31491e-06 -9.77258e-15)
(3.13024e-05 5.29997e-07 1.32635e-15)
(3.33819e-05 -1.57047e-06 -1.54976e-14)
(3.44664e-05 -4.29453e-06 -1.41373e-14)
(3.44876e-05 -7.0102e-06 -1.92687e-14)
(2.08083e-06 1.07752e-05 -2.68785e-17)
(3.3909e-06 1.10539e-05 7.68352e-18)
(4.96208e-06 1.11186e-05 5.06326e-17)
(6.72891e-06 1.13873e-05 1.76057e-15)
(8.49449e-06 1.13583e-05 -2.26584e-15)
(1.04986e-05 1.12656e-05 1.12695e-14)
(1.27227e-05 1.12052e-05 -1.20798e-14)
(1.47279e-05 1.06782e-05 -7.33205e-15)
(1.64429e-05 9.49802e-06 -1.60258e-14)
(1.7957e-05 8.08451e-06 7.5786e-15)
(1.92856e-05 6.674e-06 2.75482e-15)
(2.06614e-05 5.28242e-06 -8.68716e-15)
(2.24172e-05 4.18542e-06 -1.82412e-14)
(2.44803e-05 3.1826e-06 -1.17141e-15)
(2.67332e-05 1.94653e-06 -2.61034e-14)
(2.91035e-05 4.59752e-07 -1.07231e-14)
(3.07273e-05 -1.70653e-06 2.19655e-14)
(3.20531e-05 -4.04572e-06 6.97469e-14)
(3.23527e-05 -6.58604e-06 3.00625e-14)
(2.0324e-06 9.87406e-06 2.8545e-16)
(3.2369e-06 1.0075e-05 1.31594e-16)
(4.67527e-06 1.01599e-05 -2.06654e-16)
(6.27715e-06 1.03513e-05 -4.17698e-16)
(7.87278e-06 1.02919e-05 1.5999e-15)
(9.7405e-06 1.0283e-05 2.6337e-15)
(1.17679e-05 1.01943e-05 -1.22223e-14)
(1.35451e-05 9.61403e-06 -1.06743e-14)
(1.52241e-05 8.68037e-06 -3.34734e-15)
(1.66093e-05 7.38989e-06 4.84554e-15)
(1.76924e-05 5.93783e-06 1.28391e-14)
(1.91148e-05 4.81655e-06 -7.3108e-15)
(2.07081e-05 3.79418e-06 4.86201e-15)
(2.25942e-05 2.82863e-06 1.88427e-14)
(2.47808e-05 1.75895e-06 -5.98856e-15)
(2.66463e-05 1.75978e-07 -3.32031e-14)
(2.85594e-05 -1.65596e-06 4.78611e-15)
(2.96836e-05 -3.74985e-06 -6.95121e-15)
(2.99775e-05 -6.51138e-06 -3.19503e-15)
(1.96357e-06 9.05106e-06 -4.59438e-17)
(3.07722e-06 9.23868e-06 7.05361e-17)
(4.38339e-06 9.24766e-06 1.05087e-16)
(5.85802e-06 9.43196e-06 -1.59414e-15)
(7.3119e-06 9.40301e-06 2.2688e-15)
(8.99665e-06 9.30856e-06 -1.53328e-15)
(1.0863e-05 9.25564e-06 4.82855e-15)
(1.25612e-05 8.81527e-06 1.1233e-14)
(1.40019e-05 7.82192e-06 -5.66803e-15)
(1.52919e-05 6.63953e-06 -1.41352e-15)
(1.64311e-05 5.48051e-06 -2.01307e-14)
(1.76062e-05 4.32205e-06 8.20076e-15)
(1.91167e-05 3.39487e-06 1.0572e-14)
(2.08588e-05 2.52643e-06 3.48141e-14)
(2.27302e-05 1.41791e-06 4.50036e-15)
(2.47027e-05 1.39935e-07 5.76836e-15)
(2.61896e-05 -1.60862e-06 1.64408e-14)
(2.74058e-05 -3.74962e-06 -2.14844e-15)
(2.76496e-05 -6.33192e-06 -3.4138e-14)
(1.87118e-06 8.31535e-06 -8.23064e-17)
(2.90139e-06 8.4464e-06 -1.09e-16)
(4.11395e-06 8.47512e-06 -1.24386e-16)
(5.44925e-06 8.60228e-06 1.7105e-15)
(6.7756e-06 8.53442e-06 -6.78708e-16)
(8.34676e-06 8.50866e-06 -4.6995e-15)
(1.00488e-05 8.42551e-06 -3.75474e-15)
(1.15507e-05 7.92575e-06 1.34376e-15)
(1.29749e-05 7.14316e-06 9.59591e-15)
(1.41529e-05 6.06501e-06 9.11516e-15)
(1.5079e-05 4.8543e-06 1.28251e-14)
(1.6298e-05 3.91813e-06 -1.7957e-14)
(1.76501e-05 3.05131e-06 3.81157e-15)
(1.92347e-05 2.20382e-06 1.18129e-14)
(2.10502e-05 1.2938e-06 5.90809e-15)
(2.25941e-05 -1.53126e-08 -4.51103e-15)
(2.41527e-05 -1.54241e-06 2.35935e-14)
(2.5102e-05 -3.53322e-06 -6.90573e-15)
(2.54912e-05 -5.85623e-06 -1.85735e-15)
(1.76528e-06 7.64791e-06 9.40447e-17)
(2.72521e-06 7.77144e-06 -4.03839e-16)
(3.83621e-06 7.74162e-06 -2.35734e-16)
(5.07032e-06 7.86336e-06 2.14326e-16)
(6.30069e-06 7.80928e-06 -2.25404e-15)
(7.70993e-06 7.71047e-06 5.70294e-15)
(9.29099e-06 7.64534e-06 -2.2494e-15)
(1.07199e-05 7.27227e-06 -2.24599e-14)
(1.19405e-05 6.43128e-06 1.0773e-14)
(1.3037e-05 5.44112e-06 5.07735e-15)
(1.4015e-05 4.47482e-06 -8.72137e-15)
(1.50175e-05 3.49292e-06 -1.85858e-15)
(1.6295e-05 2.70196e-06 -2.49084e-14)
(1.77624e-05 1.96033e-06 -2.11776e-14)
(1.93112e-05 1.03343e-06 -3.03922e-14)
(2.09362e-05 -1.4276e-08 -2.11663e-14)
(2.21217e-05 -1.49135e-06 -6.42487e-15)
(2.30726e-05 -3.20531e-06 3.3125e-15)
(2.33873e-05 -5.40479e-06 -1.96693e-15)
(2.34599e-05 -7.32023e-06 1.40835e-14)
(1.65476e-06 7.04383e-06 3.8973e-16)
(2.54566e-06 7.12198e-06 -2.51361e-16)
(3.57901e-06 7.11741e-06 7.81832e-16)
(4.71109e-06 7.18377e-06 -8.62398e-16)
(5.83163e-06 7.09969e-06 -2.28484e-15)
(7.15036e-06 7.06099e-06 -1.39029e-15)
(8.59215e-06 6.96974e-06 3.94063e-15)
(9.85824e-06 6.54324e-06 -4.73362e-15)
(1.10674e-05 5.88158e-06 -1.37204e-14)
(1.20754e-05 4.97077e-06 2.11138e-14)
(1.28662e-05 3.94236e-06 -3.59106e-15)
(1.39097e-05 3.15265e-06 -1.18974e-14)
(1.50563e-05 2.40628e-06 1.06449e-14)
(1.63873e-05 1.68478e-06 1.90477e-14)
(1.79226e-05 9.10795e-07 9.77043e-15)
(1.91933e-05 -1.80204e-07 3.01797e-15)
(2.04897e-05 -1.39273e-06 3.7838e-14)
(2.11015e-05 -2.99509e-06 1.33654e-14)
(2.16131e-05 -4.65997e-06 -1.53879e-14)
(2.18576e-05 -6.08118e-06 1.08722e-14)
(1.54934e-06 6.47619e-06 5.57317e-16)
(2.37617e-06 6.55893e-06 -3.09417e-17)
(3.32491e-06 6.50632e-06 1.4446e-16)
(4.37973e-06 6.57515e-06 -1.19956e-15)
(5.40667e-06 6.51481e-06 5.16093e-15)
(6.59967e-06 6.40594e-06 -5.31321e-15)
(7.92999e-06 6.33777e-06 -2.98721e-15)
(9.14885e-06 6.01382e-06 1.58754e-14)
(1.0184e-05 5.2919e-06 -1.22088e-14)
(1.11275e-05 4.44666e-06 -4.06953e-15)
(1.19711e-05 3.6314e-06 1.29794e-14)
(1.28218e-05 2.78834e-06 4.36445e-15)
(1.39095e-05 2.10008e-06 -1.37028e-15)
(1.51462e-05 1.45108e-06 3.26908e-15)
(1.64553e-05 6.42593e-07 6.44093e-15)
(1.78556e-05 -2.22284e-07 1.24909e-14)
(1.88479e-05 -1.40849e-06 -7.52835e-15)
(1.96968e-05 -2.75624e-06 1.84304e-15)
(2.00494e-05 -3.99673e-06 2.04664e-14)
(2.02504e-05 -5.40805e-06 -3.71889e-15)
(1.44654e-06 5.94506e-06 -3.52573e-16)
(2.20873e-06 5.9999e-06 1.44066e-16)
(3.09499e-06 5.97569e-06 2.61646e-16)
(4.05609e-06 6.01219e-06 -1.6101e-16)
(4.9987e-06 5.92433e-06 -8.3328e-16)
(6.11785e-06 5.87021e-06 2.94479e-18)
(7.33356e-06 5.77732e-06 -4.14457e-15)
(8.41037e-06 5.39875e-06 6.57357e-15)
(9.44452e-06 4.83372e-06 1.13379e-14)
(1.03087e-05 4.05749e-06 -4.10369e-15)
(1.09893e-05 3.17996e-06 -6.81979e-15)
(1.18841e-05 2.49499e-06 -8.31643e-15)
(1.28528e-05 1.83579e-06 1.08669e-14)
(1.39783e-05 1.18478e-06 -5.67256e-15)
(1.52881e-05 5.17129e-07 -1.06306e-14)
(1.63927e-05 -4.07682e-07 2.03191e-15)
(1.75432e-05 -1.41378e-06 8.39927e-15)
(1.82575e-05 -2.59701e-06 -2.69687e-14)
(1.88564e-05 -3.81534e-06 -2.03452e-14)
(1.90439e-05 -4.98992e-06 1.88874e-15)
(1.35067e-06 5.43775e-06 -6.89617e-17)
(2.05399e-06 5.50367e-06 1.03307e-16)
(2.86497e-06 5.44847e-06 -2.31791e-16)
(3.75755e-06 5.49426e-06 1.0616e-15)
(4.63624e-06 5.42361e-06 -1.68237e-15)
(5.64032e-06 5.31584e-06 -3.7419e-15)
(6.77404e-06 5.23738e-06 7.94053e-15)
(7.80436e-06 4.95548e-06 -5.26923e-15)
(8.68712e-06 4.33671e-06 4.30737e-15)
(9.49628e-06 3.61779e-06 6.58207e-15)
(1.02246e-05 2.91937e-06 8.73143e-15)
(1.09507e-05 2.17869e-06 -7.97021e-15)
(1.18708e-05 1.55979e-06 -6.38288e-15)
(1.29182e-05 9.69797e-07 4.20541e-15)
(1.40325e-05 2.53708e-07 1.73393e-14)
(1.5259e-05 -5.0712e-07 4.64036e-15)
(1.62043e-05 -1.52836e-06 -1.93167e-14)
(1.70756e-05 -2.63804e-06 -6.00401e-16)
(1.76197e-05 -3.81863e-06 1.34982e-14)
(1.79356e-05 -5.07213e-06 1.19316e-14)
(1.26301e-06 4.96212e-06 3.97604e-17)
(1.90736e-06 5.00672e-06 -2.36934e-17)
(2.65754e-06 4.98424e-06 -3.11879e-16)
(3.47491e-06 5.0005e-06 -3.3519e-16)
(4.27674e-06 4.91397e-06 1.59153e-15)
(5.21909e-06 4.85775e-06 -4.38896e-16)
(6.25339e-06 4.76214e-06 3.47395e-15)
(7.16474e-06 4.43645e-06 6.66119e-15)
(8.0481e-06 3.95384e-06 -4.72913e-15)
(8.79161e-06 3.28923e-06 -9.44161e-15)
(9.37588e-06 2.52665e-06 -9.15154e-15)
(1.01405e-05 1.92247e-06 6.63306e-16)
(1.09592e-05 1.31748e-06 1.19617e-14)
(1.19067e-05 7.17977e-07 9.45289e-15)
(1.3029e-05 8.97515e-08 -1.68017e-14)
(1.39841e-05 -7.62401e-07 -1.23444e-14)
(1.50391e-05 -1.67631e-06 -6.15154e-15)
(1.5791e-05 -2.78255e-06 1.88118e-14)
(1.64747e-05 -3.96603e-06 1.55433e-14)
(1.68402e-05 -5.35177e-06 -1.09713e-14)
(1.67965e-05 -6.75408e-06 4.51693e-15)
(1.18622e-06 4.51052e-06 -2.61224e-17)
(1.7755e-06 4.56734e-06 -1.69581e-17)
(2.45758e-06 4.51866e-06 1.36819e-16)
(3.21735e-06 4.5469e-06 -9.32192e-17)
(3.95074e-06 4.48557e-06 2.61261e-15)
(4.80179e-06 4.38051e-06 -2.78321e-15)
(5.7569e-06 4.30571e-06 1.45102e-15)
(6.6376e-06 4.05933e-06 -3.86296e-15)
(7.38911e-06 3.52536e-06 4.6411e-17)
(8.08813e-06 2.903e-06 -1.27543e-15)
(8.71669e-06 2.29722e-06 -3.87917e-15)
(9.32857e-06 1.63392e-06 5.88839e-17)
(1.01042e-05 1.05835e-06 5.11233e-15)
(1.09765e-05 4.93229e-07 4.88139e-15)
(1.19132e-05 -1.96887e-07 9.14059e-15)
(1.29721e-05 -9.15661e-07 -8.63874e-15)
(1.38094e-05 -1.86962e-06 -8.7416e-15)
(1.46453e-05 -2.92642e-06 -1.02724e-14)
(1.51299e-05 -4.16087e-06 -7.8685e-15)
(1.55743e-05 -5.48431e-06 1.65322e-15)
(1.57904e-05 -6.78477e-06 -3.56274e-15)
(1.11288e-06 4.09583e-06 1.50607e-16)
(1.64945e-06 4.13373e-06 6.62446e-17)
(2.28086e-06 4.11246e-06 -4.19577e-16)
(2.96774e-06 4.12282e-06 -1.81453e-15)
(3.63967e-06 4.04509e-06 1.97743e-15)
(4.43744e-06 3.98594e-06 -1.12917e-15)
(5.30737e-06 3.89457e-06 -8.37628e-15)
(6.08315e-06 3.60396e-06 4.9244e-15)
(6.83873e-06 3.18775e-06 -2.17032e-15)
(7.4765e-06 2.61185e-06 -7.44892e-15)
(7.97662e-06 1.94361e-06 9.46027e-15)
(8.62394e-06 1.39302e-06 -2.53103e-14)
(9.29926e-06 8.2425e-07 -4.7997e-16)
(1.00813e-05 2.41205e-07 1.5138e-15)
(1.10109e-05 -3.56473e-07 4.17929e-15)
(1.18089e-05 -1.15853e-06 2.13883e-14)
(1.27171e-05 -2.01781e-06 -3.00037e-15)
(1.33774e-05 -3.08569e-06 8.50568e-15)
(1.40194e-05 -4.28886e-06 6.86467e-15)
(1.43681e-05 -5.52289e-06 -6.02185e-15)
(1.44504e-05 -6.98321e-06 1.13514e-14)
(1.04228e-06 3.71422e-06 1.2576e-17)
(1.53398e-06 3.75819e-06 -1.60903e-17)
(2.1065e-06 3.71447e-06 2.72569e-16)
(2.7408e-06 3.73416e-06 -1.17756e-15)
(3.36402e-06 3.67218e-06 -1.23876e-16)
(4.07637e-06 3.57438e-06 5.79478e-15)
(4.8871e-06 3.49407e-06 -1.04746e-15)
(5.62923e-06 3.2761e-06 -2.28658e-15)
(6.26819e-06 2.81233e-06 1.12335e-14)
(6.86369e-06 2.27166e-06 -1.02769e-14)
(7.3999e-06 1.73379e-06 1.69857e-14)
(7.90873e-06 1.1269e-06 5.46182e-15)
(8.54353e-06 5.81963e-07 -2.93268e-14)
(9.25229e-06 3.92464e-08 5.21663e-15)
(1.00101e-05 -6.11495e-07 1.27361e-14)
(1.08845e-05 -1.29049e-06 7.0157e-15)
(1.15685e-05 -2.19342e-06 -6.02671e-15)
(1.22538e-05 -3.21374e-06 4.13441e-15)
(1.27103e-05 -4.38458e-06 -2.40284e-15)
(1.31039e-05 -5.73015e-06 -1.03496e-14)
(1.32393e-05 -7.12693e-06 9.07942e-15)
(9.72421e-07 3.37241e-06 5.0586e-17)
(1.42336e-06 3.39438e-06 -4.79685e-17)
(1.95052e-06 3.37256e-06 2.74499e-16)
(2.52751e-06 3.36941e-06 1.20053e-15)
(3.09335e-06 3.29504e-06 1.92431e-15)
(3.75974e-06 3.23681e-06 -1.06514e-15)
(4.49538e-06 3.14291e-06 5.71112e-15)
(5.14753e-06 2.88739e-06 -5.59131e-17)
(5.7886e-06 2.52252e-06 3.94719e-15)
(6.3303e-06 2.01553e-06 1.19311e-14)
(6.74921e-06 1.41677e-06 -2.77185e-15)
(7.28571e-06 9.09881e-07 1.6977e-14)
(7.8301e-06 3.70634e-07 -4.00647e-17)
(8.45389e-06 -1.81256e-07 -1.98492e-14)
(9.20299e-06 -7.55975e-07 -5.46181e-16)
(9.82888e-06 -1.51107e-06 -8.86018e-15)
(1.05554e-05 -2.32616e-06 -1.78081e-14)
(1.10723e-05 -3.32546e-06 -8.87752e-15)
(1.1545e-05 -4.46947e-06 -4.84081e-15)
(1.18015e-05 -5.73125e-06 6.79214e-15)
(1.19454e-05 -7.05803e-06 5.10548e-15)
(9.0625e-07 3.05949e-06 6.22461e-17)
(1.32121e-06 3.084e-06 -2.78506e-17)
(1.79946e-06 3.03749e-06 -4.01819e-16)
(2.33446e-06 3.04007e-06 -3.99637e-17)
(2.84869e-06 2.98289e-06 -2.16625e-15)
(3.44645e-06 2.8866e-06 -7.29884e-16)
(4.12291e-06 2.80656e-06 8.00832e-16)
(4.75179e-06 2.60797e-06 -2.67732e-15)
(5.28946e-06 2.19741e-06 -5.17432e-15)
(5.79565e-06 1.71475e-06 5.077e-15)
(6.24419e-06 1.23123e-06 -7.54299e-15)
(6.65318e-06 6.73495e-07 -2.03394e-14)
(7.16045e-06 1.58866e-07 1.51996e-14)
(7.7137e-06 -3.5918e-07 1.21882e-14)
(8.30287e-06 -9.78438e-07 6.70008e-15)
(8.99252e-06 -1.6146e-06 -1.42789e-15)
(9.50649e-06 -2.44538e-06 2.64285e-15)
(1.00127e-05 -3.377e-06 3.52208e-15)
(1.03174e-05 -4.43743e-06 -6.69494e-15)
(1.06226e-05 -5.59397e-06 -2.83242e-15)
(1.08184e-05 -6.80751e-06 -3.30412e-15)
(1.06826e-05 -8.10994e-06 -6.95446e-15)
(8.39372e-07 2.77781e-06 5.81878e-17)
(1.22048e-06 2.78236e-06 3.73131e-17)
(1.66422e-06 2.75065e-06 1.99143e-16)
(2.14591e-06 2.73608e-06 -3.89236e-16)
(2.6152e-06 2.66361e-06 -2.03755e-15)
(3.17314e-06 2.59976e-06 -3.07583e-15)
(3.78449e-06 2.50499e-06 2.19926e-15)
(4.33328e-06 2.26876e-06 -1.15926e-15)
(4.87354e-06 1.94322e-06 4.9771e-16)
(5.32712e-06 1.49137e-06 -5.64064e-15)
(5.67181e-06 9.54518e-07 -6.49697e-15)
(6.10524e-06 4.84618e-07 -1.40658e-14)
(6.52608e-06 -1.89863e-08 -8.58714e-15)
(7.00448e-06 -5.41502e-07 1.08702e-14)
(7.57739e-06 -1.0718e-06 -1.98959e-15)
(8.04152e-06 -1.75895e-06 9.25971e-15)
(8.59392e-06 -2.48821e-06 4.35001e-15)
(8.96288e-06 -3.36494e-06 -1.32251e-14)
(9.29926e-06 -4.34122e-06 -1.35465e-14)
(9.44413e-06 -5.36861e-06 2.3906e-14)
(9.62165e-06 -6.46934e-06 -2.85513e-17)
(9.59314e-06 -7.70954e-06 -6.67306e-15)
(7.73515e-07 2.51675e-06 3.72358e-18)
(1.12531e-06 2.52336e-06 2.58404e-17)
(1.52838e-06 2.47043e-06 -4.65256e-17)
(1.97302e-06 2.45864e-06 7.99415e-16)
(2.40623e-06 2.39459e-06 -2.77568e-16)
(2.90048e-06 2.29913e-06 2.68359e-15)
(3.46742e-06 2.20991e-06 -3.68178e-15)
(3.98891e-06 2.02564e-06 3.80847e-15)
(4.43714e-06 1.66062e-06 -1.49665e-15)
(4.85664e-06 1.23242e-06 1.10685e-14)
(5.22401e-06 7.96499e-07 6.09852e-15)
(5.54493e-06 2.877e-07 5.85792e-15)
(5.93462e-06 -1.87794e-07 -4.00936e-15)
(6.34987e-06 -6.62992e-07 -4.39622e-15)
(6.78357e-06 -1.22012e-06 2.47156e-15)
(7.29908e-06 -1.78593e-06 -7.53528e-15)
(7.66525e-06 -2.51348e-06 6.27796e-16)
(8.02861e-06 -3.31855e-06 1.09176e-14)
(8.2541e-06 -4.21041e-06 -4.89668e-16)
(8.4977e-06 -5.16208e-06 -2.00708e-14)
(8.5412e-06 -6.17925e-06 2.90811e-15)
(8.34391e-06 -7.38772e-06 -8.84046e-16)
(7.09409e-07 2.27792e-06 -7.49872e-17)
(1.03269e-06 2.26854e-06 9.37869e-17)
(1.40439e-06 2.22947e-06 -2.37475e-16)
(1.80771e-06 2.19798e-06 1.0591e-15)
(2.19962e-06 2.12151e-06 -3.26731e-16)
(2.65957e-06 2.05206e-06 2.27289e-15)
(3.1686e-06 1.94994e-06 3.92993e-15)
(3.62111e-06 1.73488e-06 -1.56847e-15)
(4.06897e-06 1.4428e-06 -5.11627e-15)
(4.44175e-06 1.04075e-06 -3.92247e-15)
(4.71692e-06 5.61111e-07 1.33391e-14)
(5.05831e-06 1.37505e-07 -4.41303e-15)
(5.37588e-06 -3.18594e-07 4.04174e-15)
(5.72792e-06 -7.84973e-07 -1.12344e-17)
(6.15203e-06 -1.25945e-06 8.6535e-15)
(6.47179e-06 -1.85991e-06 7.76006e-15)
(6.87039e-06 -2.4926e-06 -3.8314e-15)
(7.12007e-06 -3.2374e-06 -1.56868e-15)
(7.36018e-06 -4.05407e-06 6.89169e-16)
(7.45092e-06 -4.93181e-06 7.5983e-15)
(7.51564e-06 -5.91929e-06 -3.42757e-16)
(7.32858e-06 -6.9772e-06 -3.93551e-15)
(6.51063e-07 2.05286e-06 3.18831e-17)
(9.46573e-07 2.04869e-06 1.07279e-16)
(1.28274e-06 1.99193e-06 -6.8058e-16)
(1.6563e-06 1.96306e-06 -1.21142e-15)
(2.01007e-06 1.89651e-06 2.96713e-16)
(2.41917e-06 1.79627e-06 1.30538e-15)
(2.88357e-06 1.70143e-06 -2.56419e-15)
(3.31566e-06 1.52643e-06 7.17803e-16)
(3.68182e-06 1.19921e-06 9.2635e-16)
(4.0258e-06 8.16943e-07 -2.95269e-15)
(4.31987e-06 4.31205e-07 -4.91299e-15)
(4.56317e-06 -1.94854e-08 1.29645e-15)
(4.85703e-06 -4.41105e-07 -2.59144e-15)
(5.1573e-06 -8.59427e-07 -4.92264e-15)
(5.46292e-06 -1.34729e-06 -1.32353e-14)
(5.83113e-06 -1.83337e-06 -7.23715e-15)
(6.06832e-06 -2.4474e-06 -2.16326e-15)
(6.31597e-06 -3.11942e-06 4.18601e-15)
(6.45367e-06 -3.85227e-06 3.42257e-15)
(6.60443e-06 -4.66341e-06 -6.03909e-15)
(6.54914e-06 -5.54656e-06 1.34979e-15)
(6.30254e-06 -6.57498e-06 4.20754e-15)
(5.96341e-07 1.84602e-06 3.28078e-17)
(8.64213e-07 1.83295e-06 -5.35708e-17)
(1.17431e-06 1.78983e-06 4.22942e-16)
(1.50835e-06 1.7491e-06 -8.03668e-16)
(1.82977e-06 1.67e-06 2.38576e-16)
(2.20871e-06 1.59108e-06 -2.90015e-15)
(2.62267e-06 1.48255e-06 -4.6483e-15)
(2.99331e-06 1.27741e-06 2.6706e-15)
(3.35873e-06 1.0127e-06 8.59626e-15)
(3.65794e-06 6.56183e-07 2.93912e-16)
(3.8727e-06 2.36963e-07 2.99589e-15)
(4.13672e-06 -1.35123e-07 -9.51108e-15)
(4.3682e-06 -5.29954e-07 -4.49412e-15)
(4.62069e-06 -9.32959e-07 -1.83773e-16)
(4.91843e-06 -1.33013e-06 1.22157e-14)
(5.12298e-06 -1.83031e-06 2.58171e-15)
(5.38959e-06 -2.34604e-06 -1.55551e-15)
(5.53891e-06 -2.94794e-06 1.07011e-14)
(5.68083e-06 -3.6162e-06 -1.88995e-15)
(5.68923e-06 -4.3444e-06 6.85037e-15)
(5.65826e-06 -5.201e-06 -5.39126e-15)
(5.48108e-06 -5.98974e-06 -7.67216e-15)
(5.46739e-07 1.65748e-06 4.80797e-17)
(7.88673e-07 1.65136e-06 5.07866e-18)
(1.06753e-06 1.59746e-06 2.27991e-16)
(1.37457e-06 1.56065e-06 1.56337e-15)
(1.66911e-06 1.48727e-06 8.67699e-16)
(2.00129e-06 1.38407e-06 -3.25494e-15)
(2.38156e-06 1.2772e-06 4.95496e-15)
(2.7287e-06 1.10784e-06 -4.81653e-15)
(3.02197e-06 8.1341e-07 4.80467e-15)
(3.29423e-06 4.76329e-07 -2.34261e-15)
(3.52329e-06 1.39208e-07 1.10898e-15)
(3.70479e-06 -2.49874e-07 6.5753e-15)
(3.9207e-06 -6.0878e-07 -1.16073e-14)
(4.13398e-06 -9.55464e-07 2.06318e-15)
(4.33954e-06 -1.35431e-06 -3.89039e-15)
(4.58761e-06 -1.74221e-06 -2.76443e-15)
(4.72329e-06 -2.2316e-06 -1.22607e-15)
(4.86321e-06 -2.76262e-06 -9.85346e-15)
(4.91683e-06 -3.35001e-06 6.10344e-15)
(4.94867e-06 -4.01273e-06 2.84305e-15)
(4.87507e-06 -4.68692e-06 7.32934e-16)
(4.70029e-06 -5.39497e-06 -8.3027e-16)
(5.0054e-07 1.49263e-06 5.31632e-17)
(7.18895e-07 1.4794e-06 1.23027e-16)
(9.73212e-07 1.43988e-06 -5.24558e-16)
(1.24935e-06 1.39253e-06 -6.022e-16)
(1.51456e-06 1.31131e-06 2.38872e-15)
(1.8215e-06 1.22653e-06 1.54779e-15)
(2.1579e-06 1.10912e-06 -3.0741e-16)
(2.453e-06 9.1593e-07 2.64492e-15)
(2.74344e-06 6.74296e-07 -9.05539e-15)
(2.97659e-06 3.58651e-07 1.48305e-14)
(3.13756e-06 -5.54826e-09 1.36146e-16)
(3.33751e-06 -3.22869e-07 7.98305e-15)
(3.50663e-06 -6.53221e-07 5.07277e-15)
(3.68503e-06 -9.81185e-07 -8.56208e-15)
(3.89495e-06 -1.30089e-06 1.48429e-14)
(4.01374e-06 -1.69796e-06 8.99809e-15)
(4.17799e-06 -2.10143e-06 -5.38907e-15)
(4.24083e-06 -2.56937e-06 1.52099e-15)
(4.28346e-06 -3.08427e-06 2.87701e-15)
(4.24401e-06 -3.6276e-06 1.16777e-16)
(4.19853e-06 -4.20897e-06 4.42688e-16)
(4.13723e-06 -4.80645e-06 4.08874e-15)
(3.98262e-06 -5.35756e-06 -2.43183e-16)
(4.60818e-07 1.34948e-06 -2.79733e-17)
(6.57498e-07 1.34181e-06 -4.72194e-18)
(8.85327e-07 1.29294e-06 -2.56192e-17)
(1.13948e-06 1.25071e-06 -3.81398e-16)
(1.37679e-06 1.17799e-06 -2.07334e-16)
(1.64736e-06 1.07233e-06 1.46818e-15)
(1.95133e-06 9.6082e-07 1.00485e-16)
(2.22934e-06 7.96387e-07 1.12208e-15)
(2.45772e-06 5.30009e-07 -9.98235e-16)
(2.66945e-06 2.3046e-07 -6.83241e-15)
(2.84287e-06 -6.11716e-08 5.17304e-15)
(2.97406e-06 -3.91072e-07 -3.4953e-16)
(3.13384e-06 -6.89223e-07 8.94981e-15)
(3.28695e-06 -9.71982e-07 3.25627e-15)
(3.42596e-06 -1.29482e-06 -8.94408e-15)
(3.59431e-06 -1.6011e-06 7.02823e-15)
(3.65683e-06 -1.98135e-06 1.16052e-14)
(3.72057e-06 -2.38454e-06 -2.07522e-15)
(3.71538e-06 -2.81618e-06 -6.42757e-15)
(3.70239e-06 -3.28101e-06 4.84144e-15)
(3.59699e-06 -3.75327e-06 1.9799e-15)
(3.52764e-06 -4.24062e-06 -5.83816e-15)
(3.44048e-06 -4.77284e-06 -1.49419e-15)
(4.20795e-07 1.22259e-06 -2.57129e-18)
(5.97412e-07 1.2084e-06 -4.52247e-17)
(8.06129e-07 1.17085e-06 -4.65383e-16)
(1.03271e-06 1.12458e-06 1.69661e-15)
(1.24782e-06 1.04597e-06 2.61401e-16)
(1.49737e-06 9.57861e-07 -3.60895e-15)
(1.76522e-06 8.39439e-07 4.64941e-15)
(1.99951e-06 6.55775e-07 -3.52005e-15)
(2.22682e-06 4.36603e-07 -1.14746e-15)
(2.40425e-06 1.58786e-07 -1.13671e-15)
(2.52237e-06 -1.5378e-07 -6.03876e-15)
(2.67237e-06 -4.23045e-07 -3.93284e-15)
(2.79446e-06 -6.9772e-07 -3.43923e-15)
(2.92354e-06 -9.68418e-07 1.59131e-15)
(3.0735e-06 -1.22597e-06 1.63546e-15)
(3.14214e-06 -1.5417e-06 -1.36838e-14)
(3.24322e-06 -1.8513e-06 5.51359e-15)
(3.25372e-06 -2.2008e-06 9.27387e-16)
(3.24855e-06 -2.57685e-06 -1.03014e-14)
(3.1919e-06 -2.96121e-06 2.47597e-15)
(3.15794e-06 -3.36992e-06 4.75803e-15)
(3.04276e-06 -3.78103e-06 -1.7792e-15)
(2.88688e-06 -4.26464e-06 -3.56561e-16)
(3.8528e-07 1.11905e-06 -5.48255e-17)
(5.46827e-07 1.10778e-06 5.37077e-17)
(7.33921e-07 1.05994e-06 4.08023e-16)
(9.40272e-07 1.01622e-06 -5.64969e-16)
(1.13547e-06 9.42378e-07 6.90014e-16)
(1.35151e-06 8.39447e-07 -2.06595e-15)
(1.59587e-06 7.26216e-07 -5.90431e-16)
(1.81293e-06 5.72132e-07 -5.28347e-16)
(1.98909e-06 3.36337e-07 -1.46842e-15)
(2.1493e-06 7.64627e-08 -4.21361e-15)
(2.27911e-06 -1.73643e-07 -1.04787e-15)
(2.37433e-06 -4.52433e-07 -2.27087e-15)
(2.49232e-06 -7.01424e-07 5.27944e-15)
(2.6035e-06 -9.34047e-07 -1.88973e-16)
(2.70035e-06 -1.19614e-06 -2.25395e-15)
(2.81989e-06 -1.43753e-06 -3.93531e-16)
(2.84684e-06 -1.7324e-06 -9.67194e-15)
(2.87083e-06 -2.03591e-06 1.02784e-14)
(2.83656e-06 -2.35223e-06 -4.05975e-15)
(2.79923e-06 -2.68365e-06 -8.54198e-15)
(2.69722e-06 -3.02911e-06 1.53737e-15)
(2.60075e-06 -3.40948e-06 3.24764e-15)
(2.47578e-06 -3.78874e-06 4.90886e-15)
(3.47004e-07 1.03031e-06 4.80186e-17)
(4.94051e-07 1.00897e-06 -7.48192e-17)
(6.6535e-07 9.67849e-07 3.32026e-16)
(8.50836e-07 9.16212e-07 -8.27932e-16)
(1.02525e-06 8.37142e-07 -7.19402e-16)
(1.22321e-06 7.48299e-07 9.53397e-16)
(1.43685e-06 6.31524e-07 -1.98979e-16)
(1.61838e-06 4.65613e-07 -1.62215e-16)
(1.79348e-06 2.72515e-07 5.46666e-15)
(1.92721e-06 3.35218e-08 2.90422e-15)
(2.01285e-06 -2.32174e-07 -8.0213e-15)
(2.12616e-06 -4.58334e-07 -1.31745e-16)
(2.21633e-06 -6.8698e-07 -4.31086e-17)
(2.31061e-06 -9.08807e-07 4.89055e-15)
(2.42233e-06 -1.11812e-06 -8.96235e-16)
(2.46519e-06 -1.36988e-06 -5.43208e-15)
(2.53559e-06 -1.61238e-06 7.36069e-15)
(2.52566e-06 -1.87792e-06 -4.83342e-15)
(2.50167e-06 -2.15553e-06 -1.12633e-15)
(2.43098e-06 -2.43194e-06 -1.29517e-16)
(2.37386e-06 -2.72466e-06 -3.3065e-15)
(2.24098e-06 -3.03244e-06 4.4963e-15)
(2.05776e-06 -3.39374e-06 -1.09513e-15)
(3.08709e-07 9.59553e-07 8.46735e-18)
(4.45707e-07 9.35825e-07 -3.68142e-17)
(6.00051e-07 8.82334e-07 -3.15522e-16)
(7.70149e-07 8.30171e-07 -6.0231e-16)
(9.24549e-07 7.5418e-07 1.42017e-15)
(1.09588e-06 6.50215e-07 -9.18856e-16)
(1.28651e-06 5.39853e-07 1.64116e-15)
(1.45617e-06 3.98666e-07 5.27015e-16)
(1.58898e-06 1.93816e-07 -2.26417e-15)
(1.71053e-06 -2.917e-08 4.95356e-15)
(1.80843e-06 -2.40012e-07 6.76353e-15)
(1.87875e-06 -4.72849e-07 -7.63623e-15)
(1.96806e-06 -6.77687e-07 9.39959e-16)
(2.05002e-06 -8.6702e-07 -9.46945e-15)
(2.12031e-06 -1.07836e-06 2.7916e-15)
(2.21153e-06 -1.26994e-06 1.30935e-15)
(2.22642e-06 -1.49945e-06 -7.71769e-15)
(2.24193e-06 -1.73167e-06 3.5175e-17)
(2.20268e-06 -1.96265e-06 -3.08652e-15)
(2.15846e-06 -2.19823e-06 8.31599e-15)
(2.04571e-06 -2.44001e-06 3.37256e-15)
(1.9139e-06 -2.72148e-06 -6.33616e-15)
(1.76201e-06 -3.00187e-06 -1.86267e-15)
(2.7774e-07 8.54756e-07 -8.6807e-18)
(3.99945e-07 8.26636e-07 2.04069e-17)
(5.37806e-07 7.80786e-07 6.98063e-17)
(6.86379e-07 7.2881e-07 5.17107e-16)
(8.2316e-07 6.5187e-07 5.46068e-16)
(9.78696e-07 5.63012e-07 -3.69241e-17)
(1.14475e-06 4.52513e-07 8.12978e-17)
(1.28562e-06 3.0342e-07 -7.71155e-17)
(1.41892e-06 1.36878e-07 8.07372e-16)
(1.51872e-06 -6.57332e-08 -5.15497e-15)
(1.58256e-06 -2.88879e-07 2.37039e-15)
(1.67102e-06 -4.76636e-07 5.96251e-15)
(1.73923e-06 -6.62442e-07 -4.92216e-15)
(1.80941e-06 -8.39355e-07 1.24138e-15)
(1.89202e-06 -1.00168e-06 -4.71764e-15)
(1.92235e-06 -1.19605e-06 4.14086e-15)
(1.97885e-06 -1.37982e-06 5.89164e-15)
(1.97267e-06 -1.57752e-06 4.38052e-16)
(1.96019e-06 -1.78129e-06 -2.58137e-15)
(1.89675e-06 -1.97525e-06 -8.3364e-16)
(1.82245e-06 -2.18427e-06 -1.26801e-16)
(1.665e-06 -2.43089e-06 1.8779e-17)
(1.45057e-06 -2.74863e-06 4.6329e-15)
(2.40432e-07 7.71385e-07 2.80978e-17)
(3.51699e-07 7.46231e-07 -4.88049e-17)
(4.75235e-07 6.91664e-07 -2.62054e-17)
(6.09429e-07 6.38879e-07 -1.45445e-15)
(7.33264e-07 5.64528e-07 1.96327e-15)
(8.64496e-07 4.66087e-07 1.23312e-15)
(1.0126e-06 3.6219e-07 -1.13303e-15)
(1.14192e-06 2.39023e-07 -7.45063e-16)
(1.24169e-06 6.60984e-08 -3.11838e-17)
(1.33386e-06 -1.23443e-07 3.41085e-15)
(1.41117e-06 -3.01363e-07 -8.57243e-15)
(1.4663e-06 -4.9229e-07 1.69377e-15)
(1.53654e-06 -6.55017e-07 9.22329e-15)
(1.59816e-06 -7.98804e-07 -3.82189e-15)
(1.64873e-06 -9.57067e-07 1.83618e-15)
(1.71618e-06 -1.09356e-06 -2.12694e-15)
(1.72899e-06 -1.26136e-06 -2.33525e-15)
(1.74839e-06 -1.43112e-06 1.04326e-15)
(1.72811e-06 -1.6e-06 2.17359e-15)
(1.70076e-06 -1.77257e-06 5.13136e-15)
(1.5755e-06 -1.99933e-06 -1.15894e-15)
(1.38396e-06 -2.31582e-06 -1.49994e-15)
(1.2269e-06 -2.54645e-06 -8.75028e-16)
(2.12913e-07 7.10661e-07 -1.85904e-17)
(3.1166e-07 6.82047e-07 4.6335e-17)
(4.23521e-07 6.33842e-07 4.33478e-16)
(5.42093e-07 5.72297e-07 7.45273e-17)
(6.48579e-07 4.92635e-07 -1.24778e-15)
(7.67523e-07 4.03883e-07 -1.44715e-15)
(8.94349e-07 2.97456e-07 -1.28722e-17)
(9.98599e-07 1.65799e-07 -1.19796e-15)
(1.09685e-06 1.9026e-08 6.75423e-16)
(1.17207e-06 -1.56845e-07 3.10024e-16)
(1.22653e-06 -3.46289e-07 6.37735e-15)
(1.30223e-06 -4.99549e-07 -2.77044e-15)
(1.35804e-06 -6.43065e-07 -2.24281e-16)
(1.41347e-06 -7.7385e-07 5.05584e-15)
(1.47701e-06 -8.86537e-07 -4.28053e-15)
(1.49577e-06 -1.02169e-06 9.31451e-16)
(1.53638e-06 -1.14835e-06 -7.33406e-16)
(1.53608e-06 -1.29157e-06 -5.21419e-15)
(1.53799e-06 -1.44145e-06 -1.23052e-16)
(1.46605e-06 -1.64717e-06 3.22081e-15)
(1.32301e-06 -1.92885e-06 1.08037e-15)
(1.16219e-06 -2.14524e-06 -1.64949e-15)
(1.01377e-06 -2.37618e-06 -1.87699e-15)
(9.2126e-07 -2.5336e-06 -8.54854e-16)
(1.9187e-07 7.389e-07 2.80409e-17)
(2.91398e-07 6.98054e-07 6.01967e-17)
(3.99834e-07 6.3367e-07 2.09241e-16)
(5.08075e-07 5.62299e-07 1.62351e-15)
(6.01622e-07 4.72779e-07 -7.3132e-16)
(6.96098e-07 3.62126e-07 -3.17277e-15)
(7.98561e-07 2.53583e-07 -5.97533e-16)
(8.84692e-07 1.35198e-07 7.48518e-16)
(9.44049e-07 -2.15622e-08 7.30405e-16)
(1.00024e-06 -1.90282e-07 -2.29572e-15)
(1.06556e-06 -3.4324e-07 -3.69572e-16)
(1.12738e-06 -5.0594e-07 2.5041e-15)
(1.19936e-06 -6.39942e-07 -3.37992e-15)
(1.25748e-06 -7.49273e-07 -2.7265e-15)
(1.30195e-06 -8.61257e-07 2.04872e-15)
(1.35561e-06 -9.50975e-07 -3.98158e-15)
(1.35962e-06 -1.06575e-06 2.2437e-15)
(1.37143e-06 -1.18336e-06 8.42764e-16)
(1.32422e-06 -1.34711e-06 -5.71181e-15)
(1.23249e-06 -1.55852e-06 -4.97338e-17)
(1.12294e-06 -1.76073e-06 3.59651e-15)
(9.71502e-07 -1.98443e-06 2.0466e-15)
(8.65972e-07 -2.10369e-06 2.34746e-15)
(8.17592e-07 -2.18759e-06 -1.33378e-15)
(1.50612e-07 5.25861e-07 2.42076e-18)
(2.27086e-07 5.10356e-07 5.43481e-18)
(3.14598e-07 4.78722e-07 -2.01917e-16)
(4.10982e-07 4.42336e-07 -5.54079e-16)
(4.9903e-07 3.78373e-07 1.25665e-15)
(5.92772e-07 3.00777e-07 1.05411e-15)
(6.89389e-07 2.09227e-07 1.22625e-16)
(7.66325e-07 9.4356e-08 -2.20872e-15)
(8.26896e-07 -4.06141e-08 4.37822e-16)
(8.61798e-07 -1.91608e-07 4.58359e-16)
(8.96509e-07 -3.68769e-07 2.90244e-15)
(9.7183e-07 -5.1e-07 1.29363e-15)
(1.04119e-06 -6.29076e-07 -1.4995e-16)
(1.10594e-06 -7.3495e-07 -3.90286e-15)
(1.16987e-06 -8.19469e-07 -5.18504e-15)
(1.19097e-06 -9.14424e-07 4.39486e-16)
(1.22592e-06 -1.00416e-06 -9.4925e-16)
(1.19993e-06 -1.11731e-06 2.6627e-15)
(1.15875e-06 -1.26047e-06 1.06508e-15)
(1.06766e-06 -1.42868e-06 -2.05691e-15)
(9.15281e-07 -1.61119e-06 -2.81755e-16)
(8.39193e-07 -1.71337e-06 8.74146e-16)
(8.15868e-07 -1.77675e-06 -1.55472e-16)
(7.3284e-07 -1.87411e-06 -1.08888e-15)
(2.11118e-07 5.22805e-07 -2.21644e-17)
(2.87534e-07 4.98087e-07 1.3698e-17)
(3.71599e-07 4.52335e-07 -2.95868e-16)
(4.58724e-07 4.014e-07 -3.1296e-16)
(5.25812e-07 3.30848e-07 5.93605e-16)
(5.86866e-07 2.41654e-07 2.05267e-16)
(6.49956e-07 1.52737e-07 1.81395e-15)
(6.94173e-07 6.06133e-08 -3.2671e-15)
(7.02987e-07 -6.53087e-08 2.4623e-16)
(7.03926e-07 -1.71636e-07 -2.03277e-16)
(6.92291e-07 -3.19145e-07 -1.8678e-15)
(7.56395e-07 -4.8402e-07 4.53736e-15)
(8.6169e-07 -5.98077e-07 2.94765e-15)
(9.48094e-07 -6.9118e-07 3.00041e-15)
(1.01604e-06 -7.89119e-07 -7.75568e-16)
(1.08072e-06 -8.64162e-07 2.13976e-15)
(1.09256e-06 -9.55293e-07 4.18971e-15)
(1.09298e-06 -1.05657e-06 -1.91359e-15)
(1.02082e-06 -1.17581e-06 -1.60894e-15)
(9.17117e-07 -1.31061e-06 2.46798e-15)
(8.53136e-07 -1.40272e-06 2.33345e-15)
(7.8834e-07 -1.48173e-06 -2.34916e-15)
(7.2528e-07 -1.5643e-06 -6.92328e-17)
(6.66413e-07 -1.65828e-06 2.46553e-16)
(1.97468e-07 4.78971e-07 1.51531e-17)
(2.7259e-07 4.51696e-07 8.21663e-18)
(3.53964e-07 4.10165e-07 3.00696e-16)
(4.33002e-07 3.5602e-07 -4.04007e-16)
(4.97082e-07 2.82426e-07 -7.47693e-16)
(5.52227e-07 1.9875e-07 -6.98767e-16)
(6.01761e-07 1.12162e-07 -3.37489e-15)
(6.29216e-07 1.8958e-08 1.94153e-16)
(6.32563e-07 -8.015e-08 2.16902e-15)
(6.25371e-07 -1.36934e-07 3.17693e-15)
(5.21431e-07 -3.00189e-07 -1.76836e-15)
(5.55241e-07 -4.5933e-07 1.275e-15)
(6.70173e-07 -5.46358e-07 3.74633e-15)
(7.70451e-07 -6.30366e-07 2.75152e-16)
(8.65399e-07 -7.05182e-07 -1.18985e-15)
(9.19536e-07 -7.91781e-07 -1.2464e-15)
(9.72059e-07 -8.70169e-07 5.14321e-15)
(9.60242e-07 -9.67625e-07 -1.21149e-15)
(9.23287e-07 -1.07374e-06 -1.25782e-15)
(8.50415e-07 -1.1602e-06 2.3724e-15)
(7.51594e-07 -1.2501e-06 -8.68427e-16)
(7.12811e-07 -1.32229e-06 1.46714e-15)
(6.95746e-07 -1.41042e-06 1.52796e-15)
(5.96124e-07 -1.48619e-06 -1.15703e-15)
(1.76999e-07 4.17251e-07 -3.22161e-18)
(2.44301e-07 3.93805e-07 -6.02297e-17)
(3.16483e-07 3.53229e-07 3.4458e-17)
(3.90729e-07 3.05007e-07 3.85557e-16)
(4.47396e-07 2.40832e-07 -7.45985e-17)
(4.95423e-07 1.5955e-07 5.86446e-16)
(5.37319e-07 8.12491e-08 1.36949e-16)
(5.63754e-07 8.08717e-09 -1.31816e-15)
(5.54876e-07 -8.33468e-08 2.5035e-16)
(5.49427e-07 -1.17604e-07 -2.23626e-15)
(4.18033e-07 -2.66846e-07 2.10672e-15)
(4.0336e-07 -4.45414e-07 1.65828e-15)
(5.17366e-07 -5.07328e-07 -8.18991e-16)
(6.17193e-07 -5.65309e-07 -2.51421e-15)
(7.06189e-07 -6.42078e-07 1.91557e-15)
(7.93151e-07 -7.03246e-07 -2.1511e-15)
(8.31967e-07 -7.85597e-07 -6.75557e-15)
(8.57e-07 -8.6949e-07 -3.76524e-15)
(8.1792e-07 -9.59598e-07 1.09236e-15)
(7.49333e-07 -1.04873e-06 1.69214e-15)
(7.11284e-07 -1.10192e-06 -1.55859e-15)
(6.61961e-07 -1.17234e-06 -7.96429e-16)
(6.03215e-07 -1.28285e-06 -8.73888e-17)
(5.27158e-07 -1.35156e-06 2.34849e-15)
(1.59554e-07 3.70495e-07 1.46923e-18)
(2.21458e-07 3.45641e-07 4.0317e-18)
(2.87402e-07 3.07752e-07 -1.70993e-16)
(3.50783e-07 2.60587e-07 2.99587e-16)
(4.00514e-07 1.99311e-07 -5.73382e-16)
(4.41338e-07 1.30215e-07 3.57303e-16)
(4.73896e-07 6.07146e-08 1.54244e-15)
(4.90954e-07 -7.43136e-09 1.2008e-15)
(4.88093e-07 -7.17757e-08 -1.84812e-16)
(4.87493e-07 -7.7781e-08 -5.18208e-16)
(3.20318e-07 -2.49447e-07 -2.2744e-15)
(2.90723e-07 -4.2804e-07 -1.98334e-15)
(3.92331e-07 -4.72408e-07 -1.80547e-15)
(4.86365e-07 -5.19969e-07 1.23412e-15)
(5.8559e-07 -5.74538e-07 1.613e-15)
(6.52981e-07 -6.44004e-07 2.35252e-15)
(7.24093e-07 -7.09113e-07 -1.10991e-15)
(7.37098e-07 -7.89714e-07 -9.08471e-16)
(7.3436e-07 -8.6996e-07 -1.14947e-15)
(7.02673e-07 -9.25617e-07 -3.92803e-16)
(6.29375e-07 -9.98871e-07 -1.6202e-16)
(5.82409e-07 -1.08582e-06 1.50931e-15)
(5.47461e-07 -1.17815e-06 -1.07329e-15)
(4.64794e-07 -1.23715e-06 -3.82375e-16)
(1.39245e-07 3.22702e-07 5.2909e-18)
(1.94996e-07 2.97278e-07 6.89279e-18)
(2.52863e-07 2.59962e-07 1.17264e-16)
(3.10082e-07 2.1787e-07 -3.34346e-16)
(3.51708e-07 1.64809e-07 -1.27584e-16)
(3.84333e-07 1.01112e-07 -1.51383e-16)
(4.11309e-07 4.15838e-08 -8.95266e-16)
(4.29e-07 -5.26421e-09 9.32656e-16)
(4.21779e-07 -5.94338e-08 7.17843e-16)
(4.26396e-07 -5.50039e-08 2.14139e-15)
(2.58681e-07 -2.16393e-07 2.5162e-15)
(1.98536e-07 -4.14666e-07 -1.53109e-15)
(2.94143e-07 -4.48466e-07 -1.15239e-15)
(3.78345e-07 -4.77545e-07 2.31811e-15)
(4.63644e-07 -5.35112e-07 -1.77764e-15)
(5.53023e-07 -5.801e-07 -1.60451e-15)
(6.0476e-07 -6.47547e-07 2.4517e-15)
(6.52334e-07 -7.13113e-07 1.67779e-15)
(6.50647e-07 -7.76482e-07 2.57885e-15)
(6.15945e-07 -8.53284e-07 1.87447e-16)
(5.82958e-07 -9.29257e-07 8.64693e-16)
(5.3087e-07 -1.03263e-06 3.95458e-16)
(4.59361e-07 -1.10662e-06 -1.73263e-15)
(4.1291e-07 -1.17506e-06 3.58234e-16)
(1.20008e-07 2.9657e-07 1.87737e-17)
(1.71999e-07 2.70168e-07 -1.75059e-17)
(2.24526e-07 2.30262e-07 7.41587e-17)
(2.71488e-07 1.85041e-07 -4.45944e-16)
(3.05558e-07 1.32885e-07 5.07818e-16)
(3.31275e-07 7.74216e-08 4.90905e-16)
(3.5052e-07 2.53648e-08 -2.79337e-17)
(3.62853e-07 -1.71626e-08 -9.28182e-17)
(3.66777e-07 -5.07503e-08 -1.86782e-15)
(3.78025e-07 -3.22986e-08 -1.41605e-15)
(1.94958e-07 -2.06413e-07 1.97575e-15)
(1.30795e-07 -4.01839e-07 1.0334e-15)
(2.12924e-07 -4.28483e-07 -2.00899e-15)
(2.88418e-07 -4.49448e-07 2.21193e-15)
(3.76216e-07 -4.8657e-07 -1.3392e-15)
(4.42052e-07 -5.36864e-07 -1.88278e-15)
(5.1857e-07 -5.8322e-07 3.44066e-15)
(5.52518e-07 -6.41944e-07 -4.60601e-17)
(5.72969e-07 -7.10388e-07 -2.7861e-15)
(5.55307e-07 -7.91043e-07 -3.49027e-15)
(4.91268e-07 -9.16805e-07 -2.84741e-18)
(4.40452e-07 -1.01263e-06 3.98228e-16)
(4.09156e-07 -1.06842e-06 1.08336e-15)
(3.7807e-07 -1.10179e-06 -6.06761e-16)
(9.95976e-08 2.72187e-07 -6.25764e-18)
(1.46141e-07 2.40787e-07 1.29266e-17)
(1.91187e-07 2.00883e-07 2.51688e-17)
(2.33038e-07 1.57208e-07 4.15668e-16)
(2.58733e-07 1.0784e-07 -6.63366e-16)
(2.77009e-07 5.36207e-08 8.37458e-17)
(2.91496e-07 6.44377e-09 7.70775e-16)
(3.06086e-07 -2.42263e-08 8.72462e-16)
(3.1216e-07 -5.15025e-08 -1.46766e-15)
(3.2803e-07 -3.34972e-08 -1.44357e-15)
(1.53459e-07 -1.92507e-07 1.48274e-15)
(6.97877e-08 -3.9733e-07 1.5782e-15)
(1.47946e-07 -4.16344e-07 -1.72183e-15)
(2.14129e-07 -4.19403e-07 -1.84331e-15)
(2.87396e-07 -4.57648e-07 8.92668e-16)
(3.69971e-07 -4.80747e-07 9.43482e-16)
(4.25195e-07 -5.26753e-07 -6.81579e-16)
(4.78741e-07 -5.75217e-07 -7.67172e-16)
(4.80866e-07 -6.57091e-07 7.97154e-16)
(4.40177e-07 -7.98617e-07 2.78561e-16)
(4.09009e-07 -8.99696e-07 8.44505e-16)
(3.8281e-07 -9.69483e-07 2.83876e-16)
(3.69599e-07 -1.00356e-06 1.11963e-15)
(3.72029e-07 -1.00212e-06 -7.39059e-16)
(8.16561e-08 2.68033e-07 6.84007e-18)
(1.24503e-07 2.35533e-07 1.36088e-19)
(1.63479e-07 1.90992e-07 -8.10905e-17)
(1.94764e-07 1.42236e-07 1.13914e-16)
(2.14454e-07 9.01327e-08 1.53307e-16)
(2.24854e-07 3.59749e-08 -5.85142e-17)
(2.32615e-07 -1.333e-08 1.31214e-15)
(2.40111e-07 -4.94166e-08 -6.53756e-16)
(2.5911e-07 -6.5344e-08 7.65247e-16)
(2.78383e-07 -4.95109e-08 -1.29621e-16)
(1.03649e-07 -2.01065e-07 3.84036e-16)
(2.33912e-08 -3.93088e-07 -2.66016e-16)
(9.13533e-08 -4.04829e-07 -8.60261e-16)
(1.52092e-07 -3.99924e-07 1.76741e-15)
(2.28544e-07 -4.16808e-07 -6.0752e-17)
(2.88836e-07 -4.43227e-07 -1.15262e-15)
(3.61896e-07 -4.68191e-07 1.98479e-16)
(3.86124e-07 -5.40396e-07 1.68973e-15)
(3.67362e-07 -6.66505e-07 -2.00309e-15)
(3.46548e-07 -7.69519e-07 -1.78002e-16)
(3.21257e-07 -8.52666e-07 6.72457e-16)
(3.24496e-07 -8.97516e-07 9.00656e-16)
(3.69793e-07 -8.90239e-07 -9.66849e-16)
(3.83691e-07 -9.00022e-07 -5.92168e-16)
(3.32546e-07 -8.7432e-07 2.51786e-16)
(6.13673e-08 2.02877e-07 -1.12591e-17)
(9.26732e-08 1.72747e-07 -1.37707e-17)
(1.20809e-07 1.39081e-07 7.21795e-17)
(1.4606e-07 1.02474e-07 -1.88582e-16)
(1.59605e-07 5.80375e-08 -2.05737e-16)
(1.66147e-07 8.24196e-09 7.2638e-16)
(1.69736e-07 -3.64029e-08 -7.8476e-17)
(1.7859e-07 -6.72015e-08 -9.83703e-16)
(2.0266e-07 -8.04649e-08 -1.66761e-16)
(2.39437e-07 -5.32889e-08 1.11287e-15)
(6.99084e-08 -2.02529e-07 -1.91616e-15)
(-2.20734e-08 -3.98745e-07 -1.62048e-15)
(4.34213e-08 -4.04447e-07 2.73214e-15)
(9.98815e-08 -3.86101e-07 3.31198e-16)
(1.66266e-07 -4.02653e-07 -1.63233e-15)
(2.4512e-07 -4.01222e-07 -1.78802e-15)
(2.80467e-07 -4.52584e-07 1.64018e-15)
(2.84195e-07 -5.5427e-07 1.51754e-15)
(2.7089e-07 -6.43557e-07 -1.63526e-15)
(2.51671e-07 -7.30771e-07 -1.65563e-15)
(2.63301e-07 -7.77526e-07 1.48332e-15)
(3.20191e-07 -7.7954e-07 9.86696e-16)
(3.42986e-07 -7.95622e-07 -1.50291e-15)
(3.57875e-07 -8.1986e-07 -6.41068e-17)
(3.36597e-07 -8.17819e-07 8.58984e-16)
(4.80946e-08 1.81043e-07 6.51772e-18)
(7.53152e-08 1.65065e-07 -3.53742e-18)
(9.75165e-08 1.2738e-07 6.49399e-17)
(1.14349e-07 8.51813e-08 -1.17284e-16)
(1.2147e-07 3.98087e-08 -3.63714e-16)
(1.2086e-07 -8.62253e-09 4.41893e-16)
(1.12434e-07 -5.55637e-08 1.50117e-16)
(1.11397e-07 -9.48214e-08 -1.16062e-15)
(1.41093e-07 -1.0298e-07 5.03179e-16)
(2.09674e-07 -5.7879e-08 1.26303e-16)
(4.54215e-08 -1.99629e-07 -7.66392e-16)
(-6.38728e-08 -4.25233e-07 1.07077e-15)
(6.65491e-10 -4.13797e-07 1.64968e-15)
(5.59292e-08 -3.94533e-07 -1.25774e-15)
(1.31235e-07 -3.83577e-07 8.89308e-16)
(1.74691e-07 -4.08946e-07 -1.45563e-15)
(1.98583e-07 -4.75366e-07 -5.80485e-16)
(1.9885e-07 -5.46439e-07 1.01763e-15)
(1.86435e-07 -6.24128e-07 -2.02314e-16)
(1.95059e-07 -6.66899e-07 7.4727e-16)
(2.40337e-07 -6.73835e-07 -5.55635e-16)
(2.7429e-07 -6.9427e-07 1.07896e-17)
(3.15332e-07 -7.28388e-07 8.1065e-16)
(3.30979e-07 -7.62493e-07 -7.94947e-16)
(2.96849e-07 -7.89775e-07 2.00725e-16)
(3.28234e-08 1.62027e-07 2.31511e-17)
(5.91078e-08 1.43886e-07 -1.49363e-17)
(8.0013e-08 1.14294e-07 -1.57358e-17)
(9.25784e-08 7.54332e-08 -8.38421e-17)
(9.58889e-08 3.20362e-08 -1.07548e-16)
(8.76797e-08 -1.34505e-08 1.42245e-16)
(7.39808e-08 -6.11898e-08 3.87e-16)
(6.1864e-08 -1.02716e-07 1.02679e-16)
(7.27091e-08 -1.20245e-07 -5.21365e-16)
(1.95997e-07 -4.72754e-08 6.17172e-16)
(3.12563e-08 -2.17742e-07 3.23499e-16)
(-1.04917e-07 -4.65917e-07 -2.89642e-16)
(-3.26822e-08 -4.5871e-07 -3.46928e-16)
(2.62059e-08 -4.07529e-07 2.18005e-16)
(7.85243e-08 -4.11919e-07 -5.37237e-16)
(1.17769e-07 -4.35238e-07 1.33038e-16)
(1.30348e-07 -4.81656e-07 -8.78558e-16)
(1.27476e-07 -5.42125e-07 1.18084e-15)
(1.36604e-07 -5.79196e-07 3.06584e-16)
(1.71626e-07 -5.91718e-07 -9.2987e-16)
(2.0328e-07 -6.13596e-07 1.98345e-16)
(2.40676e-07 -6.54999e-07 3.08225e-16)
(2.5378e-07 -6.98163e-07 6.61912e-16)
(2.53622e-07 -7.71036e-07 -1.54454e-16)
(2.38608e-07 -7.99395e-07 -3.75753e-16)
(3.82098e-08 2.78835e-07 -3.26119e-17)
(6.6214e-08 2.41223e-07 -1.43863e-18)
(8.9907e-08 1.93904e-07 6.25036e-18)
(1.00364e-07 1.31445e-07 -2.28665e-16)
(9.53355e-08 6.8734e-08 4.76301e-16)
(7.48515e-08 9.06471e-10 -3.18017e-17)
(4.1284e-08 -7.16389e-08 -5.1429e-16)
(-4.49743e-09 -1.38349e-07 2.27996e-16)
(-4.6872e-08 -1.98841e-07 1.69713e-16)
(-1.63472e-08 -2.19073e-07 -8.371e-17)
(-1.01596e-08 -2.92179e-07 1.9806e-17)
(-1.38114e-07 -5.73836e-07 -1.65878e-16)
(-5.40192e-08 -5.10916e-07 -2.27677e-16)
(4.36475e-09 -4.26149e-07 -3.53105e-16)
(4.81538e-08 -4.17195e-07 6.12198e-16)
(7.08458e-08 -4.31954e-07 -3.00574e-16)
(7.75449e-08 -4.75696e-07 2.89409e-16)
(8.62556e-08 -5.11053e-07 -4.5533e-17)
(1.08399e-07 -5.37753e-07 -2.90807e-16)
(1.28969e-07 -5.69469e-07 3.03967e-16)
(1.51513e-07 -6.20968e-07 2.85813e-16)
(1.66173e-07 -6.71781e-07 -1.14651e-16)
(1.7343e-07 -7.46096e-07 1.09588e-16)
(1.67665e-07 -8.03236e-07 -1.60882e-16)
(1.52876e-07 -8.37686e-07 1.70006e-17)
(2.31638e-09 5.19514e-08 -7.27064e-18)
(8.58338e-09 5.95394e-08 1.68059e-18)
(1.46469e-08 5.72032e-08 1.9067e-17)
(2.4064e-08 5.66999e-08 -9.06908e-17)
(2.70467e-08 4.40343e-08 6.49704e-17)
(2.57525e-08 2.63598e-08 1.26374e-16)
(1.9705e-08 2.0405e-09 -7.91365e-17)
(1.60261e-09 -2.70719e-08 -2.96129e-16)
(-2.56106e-08 -5.78333e-08 6.85357e-17)
(-5.66671e-08 -5.20513e-08 1.35711e-16)
(-1.77114e-07 -5.89129e-07 -1.17724e-16)
(-1.54086e-07 -7.54495e-07 -9.14755e-17)
(-2.50247e-08 -4.38821e-07 1.54496e-16)
(9.37584e-09 -3.8176e-07 4.87915e-16)
(2.5532e-08 -3.95945e-07 -3.40768e-16)
(3.26756e-08 -4.29116e-07 -2.49188e-16)
(3.65129e-08 -4.67722e-07 1.16386e-16)
(4.43151e-08 -5.03647e-07 -6.77148e-16)
(5.38015e-08 -5.4448e-07 -2.21709e-16)
(6.52038e-08 -5.97662e-07 6.27916e-16)
(7.78827e-08 -6.56967e-07 9.54967e-17)
(8.64639e-08 -7.3012e-07 -3.68146e-16)
(8.53266e-08 -8.00797e-07 7.46132e-16)
(8.48229e-08 -8.68526e-07 2.24925e-16)
(8.8472e-08 -8.85972e-07 -1.54573e-16)
)
;

boundaryField
{
    inlet
    {
        type            calculated;
        value           nonuniform List<vector> 
25
(
(0.000410187 5.1956e-08 -7.27064e-18)
(0.00208746 5.95461e-08 1.68059e-18)
(0.00352326 5.72095e-08 1.9067e-17)
(0.00432639 5.67048e-08 -9.06908e-17)
(0.00410397 4.40392e-08 6.49704e-17)
(0.0029866 2.63629e-08 1.26374e-16)
(0.00105154 2.03985e-09 -7.91365e-17)
(-0.0016003 -2.70776e-08 -2.96129e-16)
(-0.00430941 -5.78427e-08 6.85357e-17)
(-0.00100768 -5.20592e-08 1.35711e-16)
(-1.77119e-07 -0.0118533 -1.17724e-16)
(-1.54085e-07 0.00554758 -9.14755e-17)
(-2.50163e-08 0.0167514 1.54496e-16)
(9.40496e-09 0.0286755 4.87915e-16)
(2.55733e-08 0.0434775 -3.40768e-16)
(3.27437e-08 0.0601141 -2.49188e-16)
(3.65695e-08 0.0785069 1.16386e-16)
(4.44636e-08 0.0990398 -6.77148e-16)
(5.39715e-08 0.1223 -2.21709e-16)
(6.55432e-08 0.149138 6.27916e-16)
(7.82885e-08 0.180789 9.54967e-17)
(8.72763e-08 0.218068 -3.68146e-16)
(8.61376e-08 0.259296 7.46132e-16)
(8.58585e-08 0.299291 2.24925e-16)
(8.93432e-08 0.328037 -1.54573e-16)
)
;
    }
    outlet
    {
        type            calculated;
        value           nonuniform List<vector> 0();
    }
    walls
    {
        type            calculated;
        value           nonuniform List<vector> 0();
    }
    frontAndBack
    {
        type            empty;
    }
    procBoundary4to0
    {
        type            processor;
        value           nonuniform List<vector> 
72
(
(-1.39589e-05 9.38988e-05 -2.94633e-15)
(-1.19873e-05 8.77224e-05 -6.00336e-15)
(-9.15538e-06 8.23021e-05 2.60356e-15)
(-6.2965e-06 7.72252e-05 -1.68984e-15)
(-4.34888e-06 7.196e-05 -1.88598e-15)
(-2.69551e-06 6.68396e-05 8.9199e-16)
(-1.53083e-06 6.18321e-05 1.09052e-15)
(-6.22136e-07 5.71449e-05 -1.83212e-15)
(7.85272e-08 5.27248e-05 -2.13499e-17)
(6.32386e-07 4.86604e-05 -8.35024e-16)
(1.05923e-06 4.4838e-05 1.35946e-16)
(1.42633e-06 4.13096e-05 -2.92542e-18)
(1.75304e-06 3.79545e-05 6.75386e-16)
(1.96277e-06 3.48054e-05 7.43479e-16)
(2.16203e-06 3.17766e-05 6.51535e-16)
(2.28791e-06 2.90149e-05 -1.48565e-15)
(2.44798e-06 2.63988e-05 3.20347e-18)
(2.30099e-06 2.40088e-05 -4.67904e-16)
(2.11516e-06 2.15861e-05 -1.12892e-15)
(2.13164e-06 1.95964e-05 8.4754e-17)
(1.96199e-06 1.78671e-05 5.88349e-17)
(2.07279e-06 1.64782e-05 8.39053e-16)
(2.07279e-06 1.64782e-05 8.39053e-16)
(5.44034e-07 1.44204e-05 2.84936e-16)
(6.74565e-07 1.34072e-05 3.17512e-15)
(7.68508e-07 1.23326e-05 -2.40768e-16)
(8.6564e-07 1.13345e-05 -2.06843e-15)
(9.30073e-07 1.03819e-05 2.18063e-15)
(9.57253e-07 9.53574e-06 2.48927e-16)
(9.51403e-07 8.74605e-06 -3.34937e-17)
(9.30478e-07 8.05207e-06 -6.31199e-16)
(8.96254e-07 7.40565e-06 1.13266e-16)
(8.51485e-07 6.82911e-06 2.69393e-15)
(8.0358e-07 6.27297e-06 -2.49825e-16)
(7.62725e-07 5.76083e-06 -5.17476e-16)
(7.26831e-07 5.26059e-06 1.08898e-16)
(6.93383e-07 4.8023e-06 -6.24295e-17)
(6.60421e-07 4.36201e-06 5.03783e-16)
(6.29821e-07 3.96822e-06 -2.30845e-16)
(5.97859e-07 3.60134e-06 1.18109e-16)
(5.62645e-07 3.28042e-06 4.32093e-16)
(5.24501e-07 2.98185e-06 2.39258e-16)
(4.86642e-07 2.71658e-06 2.77739e-16)
(4.4941e-07 2.4648e-06 -3.02469e-16)
(4.13347e-07 2.23663e-06 -6.47692e-16)
(3.78618e-07 2.01597e-06 9.82377e-18)
(3.50428e-07 1.81548e-06 2.36417e-16)
(3.24276e-07 1.63001e-06 4.12949e-16)
(3.00603e-07 1.4702e-06 1.85781e-16)
(2.77763e-07 1.33123e-06 6.96516e-17)
(2.53841e-07 1.2068e-06 -3.70945e-16)
(2.33318e-07 1.11205e-06 -4.40107e-18)
(2.06973e-07 1.02866e-06 2.65528e-16)
(1.76777e-07 9.62658e-07 -1.79627e-16)
(1.63654e-07 8.54294e-07 2.37024e-16)
(1.33444e-07 7.77004e-07 5.44735e-17)
(1.19406e-07 7.24227e-07 -1.03565e-16)
(1.00891e-07 7.55555e-07 4.94276e-17)
(8.84612e-08 5.21305e-07 -2.2304e-16)
(1.42515e-07 5.23885e-07 2.04102e-17)
(1.27151e-07 4.8593e-07 3.93855e-17)
(1.09057e-07 4.24433e-07 1.32115e-16)
(9.64847e-08 3.84986e-07 3.05299e-17)
(7.96026e-08 3.33618e-07 2.15057e-17)
(6.52053e-08 3.21333e-07 -5.4333e-17)
(4.92706e-08 2.9258e-07 6.38913e-18)
(3.66645e-08 2.94815e-07 -7.05506e-18)
(2.17371e-08 2.07954e-07 -5.90526e-17)
(1.27772e-08 1.99989e-07 3.53317e-17)
(1.28746e-08 1.76429e-07 -7.04876e-17)
(1.80003e-09 2.98912e-07 -1.26606e-16)
(-3.65185e-09 3.86927e-08 -2.18146e-18)
)
;
    }
    procBoundary4to5
    {
        type            processor;
        value           nonuniform List<vector> 
95
(
(-9.93784e-06 0.00011243 4.02437e-15)
(-1.71954e-06 0.000120827 -1.76075e-16)
(1.01744e-05 0.000124235 1.80305e-19)
(2.24359e-05 0.000114423 9.00186e-15)
(2.24359e-05 0.000114423 9.00186e-15)
(3.36994e-05 0.000112741 -2.93907e-15)
(4.54531e-05 0.000104825 -3.58098e-15)
(4.54531e-05 0.000104825 -3.58098e-15)
(5.27539e-05 9.7566e-05 -2.51515e-14)
(5.84573e-05 8.56734e-05 -6.97182e-14)
(5.84573e-05 8.56734e-05 -6.97182e-14)
(5.99983e-05 6.89931e-05 -1.29143e-13)
(5.99983e-05 6.89931e-05 -1.29143e-13)
(5.97904e-05 5.70083e-05 6.09828e-15)
(6.32296e-05 5.44307e-05 4.15141e-14)
(6.32296e-05 5.44307e-05 4.15141e-14)
(6.42889e-05 4.6996e-05 1.06422e-14)
(6.42889e-05 4.6996e-05 1.06422e-14)
(6.42801e-05 3.98306e-05 9.87954e-16)
(6.53291e-05 3.73505e-05 -2.24607e-14)
(6.53291e-05 3.73505e-05 -2.24607e-14)
(6.40847e-05 2.82076e-05 -3.78052e-14)
(6.4471e-05 2.46363e-05 -9.84654e-14)
(6.4471e-05 2.46363e-05 -9.84654e-14)
(6.22691e-05 1.49126e-05 -7.33934e-14)
(6.20842e-05 1.16442e-05 9.87419e-14)
(6.20842e-05 1.16442e-05 9.87419e-14)
(5.90984e-05 3.03927e-06 2.83246e-14)
(5.84128e-05 1.07253e-06 9.71761e-15)
(5.60662e-05 1.97915e-07 1.0908e-14)
(5.60662e-05 1.97915e-07 1.0908e-14)
(5.54723e-05 2.146e-07 -1.01934e-13)
(5.36317e-05 4.95946e-07 4.03566e-14)
(5.13377e-05 4.75375e-07 2.94575e-14)
(5.13377e-05 4.75375e-07 2.94575e-14)
(4.87273e-05 -4.57194e-06 3.28879e-14)
(4.61833e-05 -5.4078e-06 2.95008e-14)
(4.32326e-05 -5.64621e-06 3.80917e-15)
(4.32326e-05 -5.64621e-06 3.80917e-15)
(4.02839e-05 -7.92496e-06 1.92498e-16)
(3.82672e-05 -7.69363e-06 -4.28239e-15)
(3.60307e-05 -7.52082e-06 9.36805e-14)
(3.60307e-05 -7.52082e-06 9.36805e-14)
(3.33722e-05 -9.8931e-06 3.0054e-14)
(3.13204e-05 -9.69987e-06 -4.55827e-14)
(2.89756e-05 -9.63355e-06 2.96812e-14)
(2.70871e-05 -9.18163e-06 -4.38774e-15)
(2.48996e-05 -8.61655e-06 -3.23085e-14)
(2.48996e-05 -8.61655e-06 -3.23085e-14)
(2.36716e-05 -9.0069e-06 -1.47457e-15)
(2.15971e-05 -7.92989e-06 1.98615e-14)
(2.00486e-05 -6.97153e-06 -1.87343e-14)
(1.86738e-05 -6.51509e-06 -6.92913e-15)
(1.73995e-05 -6.62547e-06 -1.12677e-14)
(1.73995e-05 -6.62547e-06 -1.12677e-14)
(1.63089e-05 -7.99064e-06 6.30866e-16)
(1.52669e-05 -8.30722e-06 1.58198e-14)
(1.39319e-05 -8.57608e-06 -1.23337e-15)
(1.28451e-05 -8.61951e-06 -1.12573e-15)
(1.14512e-05 -8.46913e-06 -1.62643e-16)
(1.14512e-05 -8.46913e-06 -1.62643e-16)
(1.00359e-05 -9.35606e-06 -3.46315e-15)
(8.98836e-06 -9.08912e-06 7.14641e-15)
(7.75033e-06 -8.68888e-06 1.94022e-15)
(6.77774e-06 -8.14418e-06 -1.21826e-15)
(5.81049e-06 -7.49879e-06 2.50909e-15)
(5.15152e-06 -6.80042e-06 -1.91127e-15)
(4.35696e-06 -6.01861e-06 -8.31346e-15)
(4.35696e-06 -6.01861e-06 -8.31346e-15)
(3.6449e-06 -5.85634e-06 1.43771e-15)
(3.23233e-06 -5.30823e-06 -1.20048e-15)
(2.68057e-06 -4.71917e-06 1.74054e-16)
(2.28418e-06 -4.21335e-06 -4.84026e-15)
(1.84854e-06 -3.7335e-06 -4.01468e-15)
(1.55568e-06 -3.33349e-06 4.08955e-15)
(1.23944e-06 -2.99894e-06 6.5559e-17)
(1.049e-06 -2.78685e-06 4.1408e-16)
(1.049e-06 -2.78685e-06 4.1408e-16)
(7.66062e-07 -2.47232e-06 -2.56106e-15)
(6.59324e-07 -2.1512e-06 -1.00239e-15)
(5.97689e-07 -1.83569e-06 -1.18566e-15)
(5.02894e-07 -1.64307e-06 -8.36295e-17)
(4.67761e-07 -1.51622e-06 -1.71824e-15)
(3.98111e-07 -1.38887e-06 -1.27442e-16)
(3.70292e-07 -1.27999e-06 7.18856e-16)
(3.11298e-07 -1.18445e-06 1.01582e-15)
(3.29026e-07 -1.09002e-06 3.20213e-16)
(2.9774e-07 -9.75921e-07 -7.48056e-16)
(2.9774e-07 -9.75921e-07 -7.48056e-16)
(2.10667e-07 -8.45308e-07 4.38295e-20)
(2.65891e-07 -8.22856e-07 1.23597e-16)
(2.06367e-07 -7.99686e-07 -1.23405e-16)
(1.89198e-07 -8.27322e-07 1.2698e-16)
(9.24313e-08 -8.48709e-07 -6.72025e-17)
(4.75955e-08 -9.13583e-07 -2.60341e-16)
)
;
    }
}


// ************************************************************************* //
