/*--------------------------------*- C++ -*----------------------------------*\
| =========                 |                                                 |
| \\      /  F ield         | OpenFOAM: The Open Source CFD Toolbox           |
|  \\    /   O peration     | Version:  2306                                  |
|   \\  /    A nd           | Website:  www.openfoam.com                      |
|    \\/     M anipulation  |                                                 |
\*---------------------------------------------------------------------------*/
FoamFile
{
    version     2.0;
    format      ascii;
    arch        "LSB;label=32;scalar=64";
    class       volVectorField;
    location    "975";
    object      momentError;
}
// * * * * * * * * * * * * * * * * * * * * * * * * * * * * * * * * * * * * * //

dimensions      [0 1 -2 0 0 0 0];

internalField   nonuniform List<vector> 
1340
(
(1.08154e-07 -6.17725e-07 6.04177e-16)
(8.70924e-08 -6.74611e-07 -1.95205e-15)
(1.81173e-07 -6.58274e-07 5.9428e-15)
(1.44697e-07 -6.94425e-07 7.89902e-16)
(9.64321e-08 -5.96709e-07 1.19894e-15)
(1.62216e-07 -6.63323e-07 2.7942e-15)
(2.29679e-07 -6.85566e-07 9.75797e-17)
(2.23774e-07 -6.31981e-07 6.32711e-16)
(1.93414e-07 -6.27993e-07 7.02407e-16)
(1.64314e-07 -6.80821e-07 -3.9252e-16)
(9.14473e-08 -7.18163e-07 -5.39262e-16)
(1.64862e-07 -6.74333e-07 3.05654e-15)
(3.47947e-07 -1.0945e-06 -1.32701e-15)
(2.95427e-07 -9.53384e-07 2.76906e-15)
(2.40679e-07 -8.25774e-07 8.46648e-18)
(2.08356e-07 -6.59585e-07 1.68361e-18)
(2.49558e-07 -6.29656e-07 1.20545e-15)
(2.19187e-07 -7.06938e-07 -4.17098e-15)
(1.75087e-07 -7.30107e-07 -2.20927e-15)
(1.19147e-07 -6.79062e-07 1.56422e-17)
(1.15817e-07 -6.72159e-07 -5.43762e-15)
(7.51301e-07 -1.61191e-06 2.16818e-16)
(6.52082e-07 -1.44508e-06 -2.65772e-16)
(5.72718e-07 -1.36513e-06 1.83281e-16)
(4.97011e-07 -1.30283e-06 1.12155e-15)
(4.13431e-07 -1.19141e-06 -4.12129e-16)
(3.35525e-07 -1.00257e-06 2.70045e-15)
(2.83362e-07 -8.82012e-07 -8.21307e-16)
(2.50012e-07 -8.0248e-07 -1.39444e-15)
(2.29204e-07 -7.62504e-07 -1.75778e-17)
(2.67071e-07 -6.92642e-07 -1.83122e-16)
(2.15376e-07 -6.68729e-07 2.71574e-15)
(1.72304e-07 -7.04659e-07 1.51725e-15)
(1.21789e-07 -6.82454e-07 3.03888e-18)
(1.00358e-07 -6.62329e-07 4.39401e-16)
(1.87713e-06 -1.58033e-06 -9.60057e-16)
(1.62159e-06 -1.65347e-06 2.21601e-16)
(1.35755e-06 -1.67185e-06 3.47353e-16)
(1.16063e-06 -1.69015e-06 1.11301e-15)
(9.64652e-07 -1.61925e-06 1.02628e-15)
(8.00742e-07 -1.4333e-06 -3.98597e-16)
(6.72594e-07 -1.288e-06 -6.26356e-16)
(5.81838e-07 -1.21852e-06 -5.6674e-16)
(4.96499e-07 -1.15243e-06 1.68754e-15)
(4.31438e-07 -1.12465e-06 -1.11343e-16)
(3.90632e-07 -1.11994e-06 -6.81548e-16)
(3.34786e-07 -9.83006e-07 8.58158e-16)
(2.86982e-07 -8.52347e-07 -6.31143e-16)
(2.5521e-07 -7.27188e-07 1.51701e-17)
(2.47154e-07 -6.80317e-07 -1.63044e-16)
(2.18038e-07 -6.72822e-07 6.20619e-16)
(1.74169e-07 -6.98728e-07 7.21119e-16)
(1.24521e-07 -6.68556e-07 2.62397e-17)
(8.2716e-08 -6.48105e-07 -2.31074e-16)
(4.11256e-06 -7.9951e-07 4.63403e-16)
(3.7727e-06 -9.32949e-07 8.07158e-16)
(3.45738e-06 -9.86907e-07 9.94068e-16)
(3.15938e-06 -1.00538e-06 -2.56756e-16)
(2.86805e-06 -9.86404e-07 7.71617e-16)
(2.61646e-06 -1.05411e-06 -7.49312e-16)
(2.31534e-06 -1.11673e-06 -2.2897e-15)
(2.02408e-06 -1.0662e-06 -1.15913e-15)
(1.71972e-06 -1.25379e-06 6.27323e-16)
(1.47285e-06 -1.32096e-06 1.01966e-16)
(1.24107e-06 -1.35805e-06 1.45314e-15)
(1.07184e-06 -1.43683e-06 -2.24408e-16)
(9.45083e-07 -1.53231e-06 -5.2147e-17)
(7.98973e-07 -1.42887e-06 8.048e-17)
(6.96403e-07 -1.35916e-06 -5.61818e-17)
(5.94318e-07 -1.29181e-06 -5.39949e-16)
(5.06479e-07 -1.17874e-06 1.07562e-15)
(4.19145e-07 -1.02066e-06 -9.69777e-16)
(3.5655e-07 -9.07779e-07 1.2337e-16)
(3.06938e-07 -8.07919e-07 1.72682e-15)
(2.72269e-07 -7.30337e-07 -3.73563e-17)
(2.50736e-07 -6.82698e-07 1.70588e-16)
(2.16659e-07 -6.61505e-07 -1.40742e-15)
(1.74016e-07 -6.8418e-07 -1.67632e-15)
(1.22228e-07 -6.53921e-07 -2.11107e-17)
(7.10487e-08 -6.30305e-07 6.30173e-16)
(6.70996e-06 2.45375e-06 -2.3941e-16)
(6.60097e-06 2.16734e-06 2.68111e-16)
(6.48329e-06 1.95606e-06 -1.10561e-16)
(6.3218e-06 1.7356e-06 -2.15841e-16)
(6.14258e-06 1.51442e-06 7.03259e-16)
(5.92663e-06 1.28168e-06 -5.63917e-16)
(5.69477e-06 1.04506e-06 9.91815e-17)
(5.43432e-06 8.00488e-07 6.16017e-16)
(5.16098e-06 5.63001e-07 -6.14678e-16)
(4.85886e-06 3.28096e-07 -1.85811e-15)
(4.6225e-06 6.0871e-08 3.37768e-17)
(4.37924e-06 -1.79754e-07 -3.54425e-16)
(3.87123e-06 -9.99952e-08 3.28142e-16)
(3.55603e-06 -2.73271e-07 3.45e-16)
(3.23469e-06 -4.10556e-07 -1.00426e-16)
(2.98504e-06 -4.47946e-07 -2.2343e-16)
(2.7144e-06 -5.24741e-07 7.12578e-16)
(2.50484e-06 -5.54849e-07 -2.74343e-16)
(2.33159e-06 -7.66432e-07 -4.00471e-16)
(2.26203e-06 -1.20257e-06 3.30263e-16)
(1.97183e-06 -1.29374e-06 -1.00442e-15)
(1.7043e-06 -1.39606e-06 6.39793e-16)
(1.45897e-06 -1.45587e-06 -3.79383e-16)
(1.23172e-06 -1.42012e-06 -5.21306e-16)
(9.95961e-07 -1.274e-06 2.87799e-16)
(8.54743e-07 -1.2e-06 2.0157e-16)
(7.41428e-07 -1.16347e-06 4.20729e-16)
(6.42852e-07 -1.11796e-06 -4.56518e-16)
(5.46489e-07 -1.06064e-06 -7.81179e-16)
(4.64603e-07 -9.78133e-07 2.68937e-16)
(3.91378e-07 -8.7682e-07 4.30351e-17)
(3.32193e-07 -7.85458e-07 -1.72225e-16)
(2.87728e-07 -7.11093e-07 1.24171e-17)
(2.5271e-07 -6.72767e-07 -1.38834e-16)
(2.14424e-07 -6.50961e-07 2.83384e-15)
(1.70955e-07 -6.67122e-07 -1.33357e-16)
(1.17884e-07 -6.34104e-07 2.68172e-16)
(6.15232e-08 -6.1072e-07 -9.54525e-17)
(3.31475e-05 -1.37048e-05 -7.58892e-17)
(3.46506e-05 -1.11556e-05 -2.39067e-17)
(3.47524e-05 -1.05904e-05 -2.76964e-18)
(3.43733e-05 -9.9078e-06 -2.61454e-17)
(3.35879e-05 -9.13944e-06 -1.17637e-17)
(3.2463e-05 -8.39297e-06 -8.8928e-18)
(3.11124e-05 -7.62178e-06 2.48382e-17)
(2.95872e-05 -6.85829e-06 6.72e-17)
(2.79812e-05 -6.06294e-06 -2.89407e-17)
(2.6307e-05 -5.27347e-06 -5.41056e-17)
(2.46517e-05 -4.49113e-06 2.53284e-17)
(2.30067e-05 -3.74368e-06 -5.02818e-17)
(2.14439e-05 -3.01508e-06 -6.09803e-17)
(1.99377e-05 -2.33161e-06 -5.36782e-17)
(1.85474e-05 -1.68111e-06 -1.081e-16)
(1.72341e-05 -1.06715e-06 -1.02427e-17)
(1.60494e-05 -4.94198e-07 -8.98226e-17)
(1.49443e-05 3.38395e-08 -5.33862e-17)
(1.3967e-05 5.12302e-07 -1.20516e-16)
(1.3061e-05 9.58384e-07 -1.00084e-17)
(1.22744e-05 1.36529e-06 1.40505e-16)
(1.15445e-05 1.7298e-06 1.41573e-16)
(1.09203e-05 2.04101e-06 -8.45728e-17)
(1.03375e-05 2.32703e-06 5.85497e-17)
(9.84808e-06 2.58337e-06 1.26186e-16)
(9.38423e-06 2.80369e-06 1.14901e-17)
(8.99972e-06 2.97759e-06 -1.07145e-16)
(8.62858e-06 3.12891e-06 -7.39742e-18)
(8.32743e-06 3.26874e-06 2.56448e-17)
(8.03293e-06 3.38925e-06 -1.19007e-17)
(7.79813e-06 3.47323e-06 -9.52144e-17)
(7.56887e-06 3.54537e-06 8.12986e-17)
(7.39406e-06 3.60843e-06 -2.40956e-16)
(7.21866e-06 3.62146e-06 -9.33839e-17)
(7.09173e-06 3.63489e-06 1.70034e-16)
(6.96759e-06 3.62097e-06 3.12994e-17)
(6.87692e-06 3.59417e-06 2.10376e-17)
(6.78883e-06 3.53682e-06 -3.25513e-17)
(6.71367e-06 3.47308e-06 4.52523e-17)
(6.64902e-06 3.41584e-06 2.55538e-16)
(6.51451e-06 3.31917e-06 -9.47032e-17)
(6.68355e-06 3.27829e-06 2.14511e-18)
(7.0501e-06 3.05635e-06 1.8147e-17)
(6.29322e-06 2.93719e-06 -1.50997e-16)
(6.01586e-06 2.69759e-06 7.08088e-16)
(5.82966e-06 2.52571e-06 1.44935e-17)
(5.61968e-06 2.33905e-06 -6.57195e-16)
(5.42834e-06 2.13661e-06 5.98735e-16)
(5.20792e-06 1.91897e-06 3.82693e-16)
(5.00809e-06 1.69666e-06 -7.985e-17)
(4.77401e-06 1.46083e-06 9.91143e-18)
(4.56068e-06 1.2237e-06 -6.37458e-16)
(4.31455e-06 9.90335e-07 -1.0041e-15)
(4.04538e-06 7.69472e-07 -6.10041e-17)
(3.98198e-06 4.47345e-07 -2.14372e-16)
(4.15499e-06 -1.28261e-07 3.17205e-16)
(3.8499e-06 -3.01876e-07 -7.38465e-17)
(3.54676e-06 -4.46321e-07 -1.43816e-15)
(3.24591e-06 -5.60646e-07 -4.97837e-17)
(3.00395e-06 -6.16346e-07 4.51482e-16)
(2.72688e-06 -7.08166e-07 2.13327e-16)
(2.50225e-06 -7.52938e-07 5.01242e-16)
(2.19889e-06 -7.63297e-07 4.15956e-16)
(1.98506e-06 -8.83462e-07 6.61477e-16)
(1.7504e-06 -1.00007e-06 1.12117e-15)
(1.51378e-06 -1.09025e-06 2.59624e-17)
(1.28721e-06 -1.12455e-06 1.34366e-16)
(1.08149e-06 -1.12078e-06 -1.80602e-16)
(9.28242e-07 -1.07046e-06 -1.64914e-16)
(8.16592e-07 -1.05335e-06 8.4291e-16)
(7.10791e-07 -1.03581e-06 -6.83903e-16)
(6.04216e-07 -9.81016e-07 -4.3027e-17)
(5.05164e-07 -9.0468e-07 -5.80651e-16)
(4.2097e-07 -8.22469e-07 7.62726e-16)
(3.53954e-07 -7.48635e-07 -3.18059e-16)
(3.0045e-07 -6.90932e-07 4.23992e-17)
(2.53966e-07 -6.55346e-07 8.82583e-17)
(2.10615e-07 -6.31821e-07 -1.91253e-15)
(1.65209e-07 -6.48235e-07 7.61452e-16)
(1.11071e-07 -6.1404e-07 1.7998e-16)
(5.43976e-08 -5.89508e-07 6.72517e-18)
(1.29532e-05 -6.11349e-06 -1.36773e-17)
(1.66948e-05 -5.11707e-06 -9.71951e-18)
(1.90627e-05 -4.90972e-06 8.61459e-18)
(2.08565e-05 -4.57998e-06 -1.06456e-18)
(2.21119e-05 -4.27852e-06 -1.19099e-17)
(2.28669e-05 -3.95849e-06 3.78998e-17)
(2.32132e-05 -3.61425e-06 1.29753e-17)
(2.32004e-05 -3.23805e-06 -1.01015e-17)
(2.29061e-05 -2.85106e-06 3.17882e-17)
(2.23702e-05 -2.43586e-06 -4.03383e-18)
(2.16657e-05 -2.02313e-06 3.44896e-17)
(2.0822e-05 -1.58624e-06 5.5203e-17)
(1.99006e-05 -1.15673e-06 -3.68516e-17)
(1.89193e-05 -7.08769e-07 4.63712e-17)
(1.79264e-05 -2.82915e-07 -2.80629e-17)
(1.69284e-05 1.59173e-07 -9.07739e-17)
(1.59624e-05 5.74134e-07 -6.60378e-18)
(1.50246e-05 9.92061e-07 2.18897e-17)
(1.41445e-05 1.36672e-06 1.85419e-17)
(1.33078e-05 1.73995e-06 -2.34396e-17)
(1.25405e-05 2.07678e-06 -1.04073e-17)
(1.18219e-05 2.40828e-06 -3.38867e-18)
(1.11731e-05 2.68611e-06 -2.54929e-17)
(1.05683e-05 2.95158e-06 -4.1742e-17)
(1.00296e-05 3.17915e-06 1.26981e-17)
(9.5287e-06 3.39632e-06 5.61215e-17)
(9.08446e-06 3.55493e-06 -4.90649e-17)
(8.66605e-06 3.6953e-06 4.72291e-17)
(8.29574e-06 3.79861e-06 -2.22808e-17)
(7.94543e-06 3.8954e-06 4.61952e-17)
(7.6353e-06 3.93285e-06 -1.09869e-16)
(7.33415e-06 3.96246e-06 -1.16781e-16)
(7.06899e-06 3.96508e-06 -8.71481e-18)
(6.8114e-06 3.95927e-06 -1.98043e-16)
(6.57763e-06 3.8891e-06 -2.37219e-17)
(6.35378e-06 3.83511e-06 8.08301e-17)
(6.14887e-06 3.74585e-06 3.98052e-17)
(5.95296e-06 3.67706e-06 3.12096e-17)
(5.77367e-06 3.58128e-06 6.15685e-17)
(5.60981e-06 3.50052e-06 1.89223e-16)
(5.44922e-06 3.42173e-06 -1.58071e-17)
(5.17478e-06 3.32783e-06 -1.31151e-16)
(5.35133e-06 3.35115e-06 1.17846e-16)
(6.32457e-06 3.17214e-06 -2.65771e-16)
(6.16845e-06 2.95174e-06 -4.51899e-16)
(5.97305e-06 2.69223e-06 2.55262e-17)
(5.77506e-06 2.43043e-06 1.98754e-16)
(5.58095e-06 2.17373e-06 -2.89518e-16)
(5.37775e-06 1.91089e-06 2.64896e-16)
(5.17914e-06 1.65302e-06 1.16688e-16)
(4.96651e-06 1.39724e-06 2.15968e-16)
(4.75877e-06 1.148e-06 4.9792e-16)
(4.53041e-06 9.08406e-07 5.40854e-16)
(4.29056e-06 6.88861e-07 -2.29364e-17)
(3.96277e-06 5.04707e-07 -4.91986e-17)
(3.571e-06 4.25615e-07 1.6645e-16)
(3.35353e-06 2.39413e-07 1.84738e-16)
(3.16047e-06 7.43344e-08 1.12637e-15)
(2.94195e-06 -6.00705e-08 1.56582e-17)
(2.75726e-06 -1.79504e-07 -1.05767e-15)
(2.56568e-06 -2.76307e-07 1.09738e-16)
(2.38504e-06 -4.06972e-07 -5.13535e-16)
(2.21373e-06 -5.37989e-07 -2.63678e-16)
(2.00885e-06 -6.508e-07 9.39446e-19)
(1.79612e-06 -7.6166e-07 -9.20628e-16)
(1.5809e-06 -8.65201e-07 1.03939e-16)
(1.35391e-06 -9.21257e-07 5.71388e-17)
(1.15665e-06 -9.13426e-07 -1.02324e-17)
(9.95468e-07 -9.14791e-07 1.32811e-16)
(8.90552e-07 -9.23027e-07 -4.40646e-16)
(7.68946e-07 -9.08434e-07 2.13085e-16)
(6.5519e-07 -8.73669e-07 1.085e-16)
(5.43901e-07 -8.21148e-07 4.22952e-17)
(4.47178e-07 -7.61027e-07 -1.82659e-15)
(3.72246e-07 -7.04206e-07 -5.39292e-16)
(3.09062e-07 -6.55681e-07 -1.50449e-17)
(2.54116e-07 -6.31424e-07 3.64595e-17)
(2.05134e-07 -6.12942e-07 -1.43926e-15)
(1.58424e-07 -6.26274e-07 4.97133e-16)
(1.0342e-07 -5.90903e-07 -4.05482e-16)
(4.89809e-08 -5.68005e-07 1.07391e-17)
(-5.72543e-06 5.66939e-06 -1.24919e-17)
(-1.69694e-06 5.59087e-06 -5.1069e-18)
(2.10554e-06 4.77404e-06 1.23589e-17)
(5.34661e-06 4.25067e-06 8.18477e-18)
(8.08897e-06 3.77731e-06 -3.79434e-18)
(1.03478e-05 3.38632e-06 -3.65687e-18)
(1.21448e-05 3.06229e-06 1.39251e-17)
(1.35249e-05 2.80781e-06 -1.00189e-17)
(1.45147e-05 2.61469e-06 -3.1336e-18)
(1.5171e-05 2.47012e-06 1.54859e-17)
(1.55262e-05 2.36149e-06 -1.8975e-18)
(1.56383e-05 2.30397e-06 2.28283e-17)
(1.55375e-05 2.28766e-06 2.06496e-17)
(1.5279e-05 2.31196e-06 -1.27979e-17)
(1.48847e-05 2.36182e-06 3.66104e-17)
(1.44043e-05 2.44645e-06 -1.04073e-17)
(1.38504e-05 2.55147e-06 -2.52494e-17)
(1.32654e-05 2.68344e-06 3.1204e-17)
(1.26528e-05 2.82587e-06 1.58713e-17)
(1.20465e-05 2.98584e-06 2.34957e-18)
(1.14429e-05 3.14805e-06 -9.73893e-18)
(1.08704e-05 3.32453e-06 -6.92466e-17)
(1.03183e-05 3.49902e-06 3.68128e-18)
(9.80954e-06 3.67788e-06 -3.64918e-17)
(9.32911e-06 3.84145e-06 -1.08958e-17)
(8.89735e-06 4.00992e-06 1.85239e-17)
(8.49573e-06 4.16637e-06 3.52093e-17)
(8.13963e-06 4.31327e-06 3.40935e-18)
(7.80986e-06 4.42452e-06 8.41977e-18)
(7.52146e-06 4.52844e-06 -1.09539e-17)
(7.25478e-06 4.61346e-06 2.80933e-17)
(7.01948e-06 4.67231e-06 -5.90509e-17)
(6.79821e-06 4.68096e-06 -1.40992e-17)
(6.60302e-06 4.68898e-06 3.87772e-17)
(6.41627e-06 4.64554e-06 -1.15763e-16)
(6.23849e-06 4.5775e-06 -6.01311e-17)
(6.0671e-06 4.473e-06 2.07932e-17)
(5.8993e-06 4.35005e-06 -1.70292e-17)
(5.74055e-06 4.18076e-06 -3.3327e-17)
(5.58839e-06 4.00949e-06 -5.14316e-17)
(5.43766e-06 3.823e-06 3.91575e-17)
(5.22967e-06 3.63245e-06 -4.01231e-17)
(4.92301e-06 3.42157e-06 -1.14841e-16)
(4.38574e-06 3.21993e-06 4.64847e-17)
(4.29713e-06 3.00586e-06 -2.38342e-16)
(4.21303e-06 2.78484e-06 3.17725e-19)
(4.13911e-06 2.56269e-06 1.4744e-17)
(4.05729e-06 2.34445e-06 1.70964e-16)
(3.98284e-06 2.1256e-06 -3.33611e-16)
(3.89452e-06 1.90963e-06 1.43859e-19)
(3.81024e-06 1.69542e-06 3.58325e-16)
(3.70743e-06 1.47978e-06 -1.18636e-16)
(3.60661e-06 1.26922e-06 4.96313e-16)
(3.46568e-06 1.06073e-06 2.98446e-17)
(3.3504e-06 8.49618e-07 -6.52451e-17)
(3.23954e-06 6.32932e-07 -6.43331e-17)
(3.09862e-06 4.60888e-07 -4.20676e-18)
(2.93537e-06 2.95321e-07 -6.34334e-16)
(2.78072e-06 1.5133e-07 2.19446e-16)
(2.61679e-06 2.02511e-08 6.07056e-16)
(2.45944e-06 -9.4112e-08 -1.34387e-16)
(2.29843e-06 -2.05654e-07 1.0079e-15)
(2.13326e-06 -3.11059e-07 1.48844e-17)
(1.96516e-06 -4.11282e-07 -1.84765e-16)
(1.78958e-06 -5.32138e-07 -2.21795e-16)
(1.59591e-06 -6.25955e-07 -2.70729e-16)
(1.39803e-06 -6.90453e-07 5.21064e-16)
(1.20136e-06 -7.36069e-07 1.23186e-16)
(1.06085e-06 -7.461e-07 2.62856e-16)
(9.3366e-07 -7.73199e-07 -4.81885e-16)
(8.16493e-07 -7.74775e-07 1.51512e-16)
(6.88709e-07 -7.56831e-07 -1.12311e-16)
(5.69018e-07 -7.19915e-07 -1.171e-15)
(4.70334e-07 -6.84941e-07 -3.83444e-16)
(3.86645e-07 -6.5099e-07 1.39203e-16)
(3.15947e-07 -6.1897e-07 9.83186e-18)
(2.51827e-07 -6.00216e-07 1.81975e-16)
(1.99093e-07 -5.85522e-07 2.68096e-16)
(1.52349e-07 -6.03024e-07 -8.99735e-16)
(9.64954e-08 -5.68342e-07 -2.02938e-16)
(4.48229e-08 -5.45831e-07 -5.13723e-16)
(-2.14672e-05 1.64865e-05 6.81339e-18)
(-1.82976e-05 1.69431e-05 -2.02389e-18)
(-1.42355e-05 1.57975e-05 -9.00856e-18)
(-1.04589e-05 1.4739e-05 -2.63984e-18)
(-6.95775e-06 1.36655e-05 5.94454e-18)
(-3.78574e-06 1.26561e-05 -2.58432e-19)
(-9.67208e-07 1.17005e-05 -4.50325e-18)
(1.48511e-06 1.08279e-05 1.85888e-18)
(3.57358e-06 1.00399e-05 -2.01581e-17)
(5.30965e-06 9.32711e-06 -1.31693e-17)
(6.71323e-06 8.67815e-06 -1.0165e-17)
(7.81012e-06 8.09674e-06 -1.96626e-18)
(8.629e-06 7.58391e-06 2.68124e-17)
(9.20319e-06 7.12867e-06 -7.72909e-18)
(9.56292e-06 6.72174e-06 -3.10193e-17)
(9.74209e-06 6.36312e-06 1.478e-17)
(9.76872e-06 6.04943e-06 -1.0022e-17)
(9.67378e-06 5.77861e-06 -4.74049e-17)
(9.48036e-06 5.54262e-06 -6.82354e-18)
(9.21421e-06 5.34393e-06 -5.62896e-19)
(8.89283e-06 5.17499e-06 4.05251e-17)
(8.53671e-06 5.03874e-06 5.26123e-17)
(8.15742e-06 4.92377e-06 5.02294e-18)
(7.77103e-06 4.83757e-06 1.90138e-17)
(7.38383e-06 4.76532e-06 -3.24961e-19)
(7.00682e-06 4.71414e-06 3.36087e-17)
(6.64284e-06 4.67037e-06 -1.4956e-17)
(6.30002e-06 4.64455e-06 -3.48632e-18)
(5.9771e-06 4.61367e-06 -2.17749e-18)
(5.6783e-06 4.59068e-06 7.36817e-18)
(5.40221e-06 4.55859e-06 -2.85172e-18)
(5.1525e-06 4.54025e-06 2.88837e-17)
(4.92316e-06 4.49802e-06 -3.88612e-19)
(4.71509e-06 4.44751e-06 8.23125e-19)
(4.52837e-06 4.4004e-06 2.12033e-17)
(4.35957e-06 4.34938e-06 7.08655e-17)
(4.2075e-06 4.26053e-06 -4.42136e-17)
(4.07021e-06 4.16144e-06 -2.93838e-18)
(3.94917e-06 4.03324e-06 4.89765e-17)
(3.84266e-06 3.88403e-06 4.60823e-18)
(3.74963e-06 3.70757e-06 -8.50581e-17)
(3.6247e-06 3.52157e-06 3.69076e-17)
(3.55724e-06 3.32841e-06 7.77286e-17)
(3.58639e-06 3.14114e-06 2.01301e-16)
(3.55414e-06 2.92928e-06 2.1184e-16)
(3.5158e-06 2.71851e-06 4.92788e-17)
(3.48103e-06 2.50632e-06 -7.55814e-18)
(3.44288e-06 2.30276e-06 -1.04034e-16)
(3.40538e-06 2.09986e-06 1.19912e-16)
(3.36161e-06 1.90437e-06 -5.44698e-17)
(3.31428e-06 1.71188e-06 -2.77361e-16)
(3.25756e-06 1.52356e-06 -1.76934e-16)
(3.19251e-06 1.3382e-06 -7.99191e-17)
(3.1021e-06 1.15753e-06 -4.79421e-17)
(3.00155e-06 9.79691e-07 4.23707e-17)
(2.89914e-06 8.12165e-07 -4.06183e-16)
(2.7951e-06 6.498e-07 -1.92448e-16)
(2.68252e-06 4.94694e-07 -2.25971e-16)
(2.55999e-06 3.53672e-07 -5.5279e-16)
(2.43461e-06 2.20081e-07 1.25388e-16)
(2.30185e-06 1.00929e-07 -1.40617e-16)
(2.16831e-06 -1.45378e-08 -5.43823e-16)
(2.03355e-06 -1.18302e-07 5.71101e-16)
(1.89109e-06 -2.26971e-07 7.14524e-16)
(1.7437e-06 -3.20382e-07 -1.12852e-16)
(1.56895e-06 -4.18725e-07 -3.32984e-16)
(1.40026e-06 -4.89306e-07 -7.97746e-18)
(1.21772e-06 -5.43684e-07 -6.46352e-17)
(1.07286e-06 -5.84479e-07 1.59065e-16)
(9.5779e-07 -6.16483e-07 1.27655e-16)
(8.31698e-07 -6.31872e-07 1.04693e-16)
(7.07349e-07 -6.20805e-07 3.01819e-16)
(5.93858e-07 -6.17085e-07 5.75301e-16)
(4.95548e-07 -6.05172e-07 2.44252e-16)
(4.04594e-07 -5.86379e-07 5.51216e-17)
(3.22871e-07 -5.65629e-07 -1.39369e-16)
(2.54994e-07 -5.61742e-07 -9.72111e-16)
(1.97657e-07 -5.5947e-07 4.2628e-16)
(1.48233e-07 -5.76205e-07 4.60118e-16)
(9.09548e-08 -5.41561e-07 6.12582e-16)
(4.10809e-08 -5.23049e-07 1.88946e-15)
(-3.06211e-05 2.60098e-05 4.92352e-19)
(-2.94239e-05 2.63095e-05 1.82257e-18)
(-2.64545e-05 2.45766e-05 6.03166e-18)
(-2.33537e-05 2.30486e-05 1.81879e-18)
(-2.0192e-05 2.1537e-05 -3.24239e-18)
(-1.70639e-05 2.01201e-05 -1.44196e-18)
(-1.40485e-05 1.87782e-05 -2.46266e-19)
(-1.12043e-05 1.75205e-05 -6.65906e-20)
(-8.57376e-06 1.63397e-05 3.04068e-20)
(-6.18476e-06 1.52497e-05 -8.03747e-18)
(-4.05542e-06 1.42429e-05 9.68418e-18)
(-2.18882e-06 1.33096e-05 -7.07692e-18)
(-5.84233e-07 1.24452e-05 -1.72594e-17)
(7.71472e-07 1.16555e-05 -1.03235e-17)
(1.89066e-06 1.09332e-05 -3.77209e-18)
(2.79499e-06 1.0269e-05 3.27427e-18)
(3.50264e-06 9.65619e-06 1.41378e-18)
(4.03916e-06 9.0967e-06 -1.21919e-17)
(4.42377e-06 8.58419e-06 -1.80754e-17)
(4.68157e-06 8.11309e-06 -4.89517e-18)
(4.83e-06 7.68014e-06 3.11613e-18)
(4.89225e-06 7.28411e-06 1.95867e-17)
(4.882e-06 6.91954e-06 -2.73346e-17)
(4.81931e-06 6.58678e-06 6.02816e-18)
(4.71383e-06 6.284e-06 -2.2357e-17)
(4.58177e-06 6.0127e-06 1.23659e-17)
(4.42918e-06 5.76515e-06 3.37534e-17)
(4.26886e-06 5.5452e-06 -2.59935e-17)
(4.10306e-06 5.34787e-06 -4.72186e-17)
(3.94116e-06 5.17469e-06 -1.33377e-17)
(3.7834e-06 5.0162e-06 9.92064e-17)
(3.63679e-06 4.87429e-06 6.59201e-17)
(3.5003e-06 4.74431e-06 5.49405e-17)
(3.37652e-06 4.62444e-06 -4.9315e-19)
(3.26421e-06 4.48449e-06 -5.80113e-17)
(3.16794e-06 4.35209e-06 -6.42551e-17)
(3.08324e-06 4.20411e-06 4.87757e-17)
(3.00867e-06 4.04768e-06 -2.02058e-17)
(2.94565e-06 3.86985e-06 -6.40208e-17)
(2.8968e-06 3.69131e-06 4.97859e-17)
(2.85494e-06 3.48758e-06 -1.32364e-17)
(2.79101e-06 3.27786e-06 2.98619e-19)
(2.7429e-06 3.07789e-06 -3.83451e-17)
(2.71695e-06 2.88728e-06 3.2362e-18)
(2.7142e-06 2.6885e-06 -1.72667e-16)
(2.71027e-06 2.5024e-06 -1.14767e-16)
(2.70831e-06 2.3176e-06 -2.42462e-17)
(2.7022e-06 2.14302e-06 -2.30156e-16)
(2.69505e-06 1.96889e-06 -1.81431e-16)
(2.68034e-06 1.80528e-06 -5.94147e-17)
(2.66094e-06 1.64382e-06 -1.63983e-16)
(2.63115e-06 1.48871e-06 1.18346e-16)
(2.59503e-06 1.33463e-06 -3.20083e-16)
(2.53838e-06 1.18454e-06 -4.52488e-17)
(2.47669e-06 1.03293e-06 2.14039e-16)
(2.41299e-06 8.85196e-07 4.19957e-17)
(2.33985e-06 7.4501e-07 -1.03336e-16)
(2.25691e-06 6.06808e-07 9.20894e-16)
(2.16676e-06 4.77849e-07 5.36292e-17)
(2.07184e-06 3.52742e-07 -7.88563e-16)
(1.96988e-06 2.37167e-07 1.93106e-16)
(1.86486e-06 1.26754e-07 -6.62626e-16)
(1.75693e-06 2.47861e-08 -3.64857e-17)
(1.64705e-06 -6.66057e-08 8.00439e-17)
(1.52189e-06 -1.60215e-07 -1.72251e-15)
(1.39621e-06 -2.36415e-07 4.28746e-17)
(1.24509e-06 -3.07669e-07 7.87269e-17)
(1.10826e-06 -3.71348e-07 -2.46901e-16)
(9.81678e-07 -4.23186e-07 3.22968e-16)
(8.76598e-07 -4.603e-07 -2.28349e-17)
(7.71162e-07 -4.78185e-07 1.06674e-16)
(6.65422e-07 -4.97244e-07 -7.12147e-16)
(5.7227e-07 -5.02752e-07 -6.83217e-16)
(4.75845e-07 -5.06425e-07 6.13202e-17)
(3.92777e-07 -5.01926e-07 -5.03104e-17)
(3.13052e-07 -5.01407e-07 1.24005e-16)
(2.50314e-07 -5.07731e-07 -6.68404e-16)
(1.89846e-07 -5.12279e-07 8.53179e-17)
(1.37919e-07 -5.37932e-07 -6.87664e-16)
(7.99949e-08 -5.05966e-07 -8.15958e-17)
(3.40183e-08 -4.92283e-07 1.4542e-15)
(-2.74917e-05 2.52458e-05 2.71328e-18)
(-2.88866e-05 2.56704e-05 4.04511e-18)
(-2.83093e-05 2.44019e-05 -1.01343e-18)
(-2.72126e-05 2.3232e-05 1.98565e-18)
(-2.57105e-05 2.21009e-05 1.75269e-18)
(-2.38986e-05 2.09975e-05 -1.57959e-17)
(-2.18798e-05 1.99261e-05 -9.37349e-18)
(-1.97379e-05 1.88716e-05 -3.43138e-18)
(-1.75483e-05 1.78398e-05 -1.05409e-18)
(-1.53784e-05 1.68361e-05 4.02977e-18)
(-1.32756e-05 1.58682e-05 -9.10994e-18)
(-1.1282e-05 1.49307e-05 1.24143e-17)
(-9.4262e-06 1.403e-05 2.1375e-18)
(-7.72796e-06 1.31633e-05 7.63858e-18)
(-6.19718e-06 1.23404e-05 1.90276e-17)
(-4.83846e-06 1.15564e-05 1.71568e-17)
(-3.64856e-06 1.08143e-05 1.49338e-17)
(-2.62255e-06 1.01108e-05 5.83708e-18)
(-1.74849e-06 9.45306e-06 2.6089e-17)
(-1.01582e-06 8.834e-06 -1.29568e-17)
(-4.09685e-07 8.25608e-06 -3.83753e-17)
(8.32316e-08 7.7158e-06 -8.38639e-18)
(4.77698e-07 7.21309e-06 -2.42052e-18)
(7.8736e-07 6.74759e-06 -1.11156e-17)
(1.02527e-06 6.31517e-06 -8.53562e-18)
(1.20361e-06 5.91646e-06 -2.84738e-17)
(1.33313e-06 5.54904e-06 -5.44049e-18)
(1.42396e-06 5.21493e-06 -1.47119e-18)
(1.48427e-06 4.90837e-06 3.04874e-17)
(1.52268e-06 4.63126e-06 -9.33999e-18)
(1.54416e-06 4.37892e-06 1.04556e-17)
(1.55618e-06 4.156e-06 3.1829e-17)
(1.5613e-06 3.95207e-06 2.6189e-17)
(1.5656e-06 3.76986e-06 6.96778e-17)
(1.56972e-06 3.60549e-06 5.22293e-18)
(1.57626e-06 3.45944e-06 -4.58965e-17)
(1.58485e-06 3.3251e-06 -6.5452e-17)
(1.59605e-06 3.1965e-06 2.12999e-17)
(1.60936e-06 3.05472e-06 5.94641e-17)
(1.62726e-06 2.9121e-06 -3.57479e-17)
(1.64498e-06 2.76336e-06 6.22365e-17)
(1.64906e-06 2.60968e-06 -1.07358e-17)
(1.65778e-06 2.44548e-06 2.2981e-17)
(1.67912e-06 2.29269e-06 -1.2902e-16)
(1.69633e-06 2.13992e-06 -3.72187e-17)
(1.70893e-06 2.00135e-06 3.37692e-17)
(1.71954e-06 1.86586e-06 -4.37016e-17)
(1.72575e-06 1.74142e-06 -4.89909e-17)
(1.72984e-06 1.61807e-06 7.65287e-17)
(1.72849e-06 1.50282e-06 3.90734e-18)
(1.72491e-06 1.39058e-06 1.43047e-16)
(1.71561e-06 1.27923e-06 2.39302e-16)
(1.70397e-06 1.16652e-06 2.83631e-17)
(1.68166e-06 1.05337e-06 7.12398e-17)
(1.65619e-06 9.36369e-07 1.27021e-17)
(1.62899e-06 8.19184e-07 1.92177e-16)
(1.5966e-06 7.04316e-07 4.33549e-17)
(1.55827e-06 5.90518e-07 -3.20725e-16)
(1.51326e-06 4.80172e-07 3.08777e-16)
(1.46402e-06 3.73847e-07 8.1251e-17)
(1.4063e-06 2.73226e-07 -5.96107e-17)
(1.34608e-06 1.78107e-07 4.76694e-16)
(1.27863e-06 9.07196e-08 -1.44164e-16)
(1.20914e-06 9.62821e-09 -1.21551e-16)
(1.13197e-06 -6.0636e-08 8.46011e-16)
(1.04552e-06 -1.24863e-07 -6.35405e-17)
(9.56894e-07 -1.84464e-07 -3.78664e-16)
(8.56433e-07 -2.47449e-07 -3.6242e-18)
(7.7721e-07 -2.95773e-07 -1.35285e-16)
(7.05136e-07 -3.35611e-07 -3.55639e-17)
(6.3274e-07 -3.66441e-07 -8.64119e-17)
(5.60063e-07 -3.84417e-07 4.53648e-16)
(4.86387e-07 -4.04547e-07 4.74123e-16)
(4.18119e-07 -4.16146e-07 2.05257e-16)
(3.49122e-07 -4.24658e-07 1.70744e-16)
(2.87834e-07 -4.31611e-07 -1.19521e-16)
(2.3149e-07 -4.51014e-07 7.25558e-16)
(1.77887e-07 -4.63037e-07 1.00231e-17)
(1.27639e-07 -4.93063e-07 8.06742e-16)
(7.05274e-08 -4.62301e-07 -4.10169e-16)
(3.01923e-08 -4.6176e-07 -2.34434e-15)
(-1.18986e-05 2.29224e-05 9.35518e-18)
(-1.53252e-05 2.31243e-05 -3.3563e-18)
(-1.75817e-05 2.18099e-05 -4.58598e-18)
(-1.92074e-05 2.05952e-05 7.12249e-19)
(-2.02753e-05 1.94869e-05 5.52536e-18)
(-2.08252e-05 1.84435e-05 7.54803e-18)
(-2.09118e-05 1.74657e-05 -4.12602e-18)
(-2.06013e-05 1.65375e-05 4.11813e-19)
(-1.99575e-05 1.56554e-05 9.21807e-18)
(-1.90531e-05 1.48123e-05 5.18913e-18)
(-1.79465e-05 1.40052e-05 -4.46879e-18)
(-1.67006e-05 1.32291e-05 -9.47269e-18)
(-1.53672e-05 1.24833e-05 5.92783e-19)
(-1.39944e-05 1.17708e-05 5.10054e-20)
(-1.26182e-05 1.10879e-05 -8.32059e-19)
(-1.12745e-05 1.04379e-05 1.69118e-18)
(-9.9847e-06 9.81516e-06 1.15565e-17)
(-8.76835e-06 9.22571e-06 5.93165e-18)
(-7.63811e-06 8.66726e-06 -1.27157e-17)
(-6.60029e-06 8.13942e-06 2.07711e-17)
(-5.66017e-06 7.63932e-06 1.41287e-17)
(-4.81556e-06 7.17021e-06 -5.88085e-18)
(-4.06433e-06 6.72751e-06 1.40583e-18)
(-3.40154e-06 6.31419e-06 1.58439e-17)
(-2.82217e-06 5.92403e-06 1.45153e-17)
(-2.31753e-06 5.55972e-06 1.71252e-17)
(-1.88198e-06 5.21846e-06 -1.37103e-17)
(-1.50595e-06 4.90073e-06 -3.20859e-19)
(-1.18423e-06 4.60377e-06 1.86097e-17)
(-9.07766e-07 4.32831e-06 4.01048e-18)
(-6.71907e-07 4.07046e-06 -2.61518e-17)
(-4.68028e-07 3.83412e-06 -1.37061e-17)
(-2.92457e-07 3.61534e-06 -6.89177e-18)
(-1.38153e-07 3.41468e-06 2.14531e-17)
(-3.20372e-09 3.22737e-06 4.21315e-17)
(1.1917e-07 3.06027e-06 4.28882e-17)
(2.28859e-07 2.90786e-06 3.06001e-17)
(3.3225e-07 2.7731e-06 -2.08061e-17)
(4.28763e-07 2.64691e-06 -6.5346e-17)
(5.23081e-07 2.53228e-06 2.87858e-17)
(6.09864e-07 2.42024e-06 7.80776e-18)
(6.82986e-07 2.31391e-06 2.60391e-17)
(7.56808e-07 2.20795e-06 -5.20092e-17)
(8.27454e-07 2.10851e-06 9.48847e-17)
(8.91951e-07 2.00977e-06 -3.50674e-17)
(9.49599e-07 1.91326e-06 1.09239e-16)
(1.00389e-06 1.8079e-06 3.56579e-17)
(1.05227e-06 1.70534e-06 -7.13705e-17)
(1.09836e-06 1.59878e-06 5.116e-17)
(1.13826e-06 1.49346e-06 1.23665e-16)
(1.17656e-06 1.38541e-06 3.39014e-17)
(1.20989e-06 1.27953e-06 -4.31891e-17)
(1.24143e-06 1.1686e-06 2.29648e-16)
(1.26249e-06 1.06245e-06 4.77537e-17)
(1.28217e-06 9.5108e-07 -1.14432e-16)
(1.29541e-06 8.43151e-07 -2.93824e-16)
(1.30191e-06 7.34441e-07 -2.58167e-17)
(1.30004e-06 6.29054e-07 -1.99262e-17)
(1.29053e-06 5.23294e-07 -2.52882e-16)
(1.27381e-06 4.21596e-07 1.9614e-16)
(1.24665e-06 3.22581e-07 1.18706e-16)
(1.21408e-06 2.2682e-07 2.0846e-16)
(1.17146e-06 1.37017e-07 1.96498e-16)
(1.12434e-06 5.33329e-08 -4.36179e-16)
(1.06627e-06 -2.04872e-08 5.38537e-16)
(1.00584e-06 -8.52952e-08 3.46215e-16)
(9.369e-07 -1.50201e-07 2.22445e-17)
(8.61856e-07 -2.13373e-07 1.15354e-16)
(7.77145e-07 -2.69656e-07 -2.76979e-16)
(7.22451e-07 -3.18943e-07 -5.95466e-17)
(6.59843e-07 -3.51876e-07 -1.9748e-17)
(5.97024e-07 -3.83559e-07 4.83135e-16)
(5.32084e-07 -4.05977e-07 5.50307e-16)
(4.65979e-07 -4.25158e-07 4.84932e-16)
(3.99572e-07 -4.36862e-07 2.12761e-16)
(3.37096e-07 -4.55165e-07 1.05039e-16)
(2.77482e-07 -4.75776e-07 -7.47747e-16)
(2.15178e-07 -4.90426e-07 1.65537e-16)
(1.55044e-07 -5.18526e-07 7.20185e-16)
(9.28362e-08 -4.91067e-07 -1.44847e-16)
(4.44681e-08 -4.82764e-07 -5.445e-16)
(4.91039e-06 1.21164e-05 -2.26198e-18)
(2.00709e-06 1.23129e-05 3.94657e-18)
(-1.00739e-06 1.15941e-05 1.7295e-18)
(-3.72435e-06 1.0958e-05 4.82997e-19)
(-6.13824e-06 1.0435e-05 5.45038e-19)
(-8.19934e-06 9.96504e-06 1.37324e-18)
(-9.88585e-06 9.54127e-06 5.04112e-18)
(-1.11992e-05 9.14715e-06 -2.62719e-20)
(-1.21489e-05 8.77731e-06 -7.03583e-18)
(-1.27558e-05 8.42197e-06 -2.25879e-18)
(-1.30582e-05 8.08204e-06 2.44804e-18)
(-1.30882e-05 7.75047e-06 -3.44033e-18)
(-1.28884e-05 7.42666e-06 -9.51567e-19)
(-1.24983e-05 7.10843e-06 -7.06153e-18)
(-1.19603e-05 6.79629e-06 2.71525e-18)
(-1.13108e-05 6.48989e-06 -1.72916e-18)
(-1.05823e-05 6.1881e-06 -4.24217e-18)
(-9.80847e-06 5.89285e-06 1.75855e-18)
(-9.01267e-06 5.60408e-06 3.98912e-18)
(-8.21651e-06 5.3239e-06 -1.177e-17)
(-7.43848e-06 5.05282e-06 -9.83172e-18)
(-6.69109e-06 4.79081e-06 -2.55374e-18)
(-5.98288e-06 4.53719e-06 -1.63212e-18)
(-5.32186e-06 4.29583e-06 -1.164e-17)
(-4.71111e-06 4.06476e-06 -1.07094e-17)
(-4.15186e-06 3.84396e-06 -9.58626e-18)
(-3.64472e-06 3.63322e-06 3.01322e-17)
(-3.18709e-06 3.43223e-06 -5.75207e-19)
(-2.77722e-06 3.24078e-06 -2.83135e-17)
(-2.4113e-06 3.05945e-06 3.9836e-18)
(-2.08645e-06 2.88592e-06 1.08293e-17)
(-1.79798e-06 2.72197e-06 2.50447e-18)
(-1.54271e-06 2.56588e-06 -7.97726e-18)
(-1.31626e-06 2.41867e-06 -3.74503e-17)
(-1.11667e-06 2.27998e-06 -7.49447e-18)
(-9.38824e-07 2.1506e-06 1.94049e-17)
(-7.80712e-07 2.02907e-06 2.01456e-17)
(-6.37259e-07 1.91918e-06 5.49635e-18)
(-5.07088e-07 1.81876e-06 -1.71865e-17)
(-3.86918e-07 1.72726e-06 -4.93827e-17)
(-2.7958e-07 1.63931e-06 5.45574e-18)
(-1.84962e-07 1.55875e-06 -3.66594e-17)
(-9.5675e-08 1.48669e-06 2.8333e-17)
(-8.50335e-09 1.42139e-06 -2.08903e-17)
(7.32205e-08 1.35635e-06 6.71938e-17)
(1.52203e-07 1.29622e-06 -9.34374e-17)
(2.26873e-07 1.23367e-06 3.53348e-17)
(2.98336e-07 1.174e-06 4.73162e-17)
(3.65753e-07 1.11263e-06 -9.73625e-17)
(4.29913e-07 1.05424e-06 -8.85109e-17)
(4.89906e-07 9.89666e-07 -5.54346e-17)
(5.46222e-07 9.28576e-07 -6.31137e-17)
(5.98544e-07 8.63048e-07 -2.7751e-18)
(6.43103e-07 8.00224e-07 -1.44488e-16)
(6.83804e-07 7.33692e-07 8.82562e-17)
(7.19593e-07 6.67938e-07 1.53866e-16)
(7.50914e-07 5.99665e-07 -1.39045e-16)
(7.74769e-07 5.31243e-07 9.87642e-17)
(7.9398e-07 4.6153e-07 2.69872e-16)
(8.05062e-07 3.92167e-07 4.74928e-17)
(8.1059e-07 3.23226e-07 1.05054e-16)
(8.07418e-07 2.55134e-07 -1.83189e-16)
(8.0018e-07 1.90167e-07 -1.65729e-16)
(7.85393e-07 1.27564e-07 3.55162e-17)
(7.67018e-07 7.25636e-08 -5.61002e-16)
(7.43318e-07 1.99378e-08 -3.21154e-16)
(7.19831e-07 -2.66561e-08 3.74665e-16)
(6.85096e-07 -8.87446e-08 -1.84205e-16)
(6.44935e-07 -1.26439e-07 -1.90637e-16)
(6.06043e-07 -1.70541e-07 4.68454e-17)
(5.66865e-07 -2.11122e-07 -1.75997e-16)
(5.23436e-07 -2.42947e-07 -1.09356e-16)
(4.7866e-07 -2.76781e-07 -3.52704e-16)
(4.32395e-07 -3.00503e-07 -2.06098e-17)
(3.84408e-07 -3.26758e-07 2.64447e-17)
(3.3483e-07 -3.47655e-07 3.80551e-18)
(2.82481e-07 -3.77524e-07 1.1495e-15)
(2.253e-07 -3.99931e-07 -4.14801e-16)
(1.67403e-07 -4.33033e-07 -4.53362e-16)
(1.05777e-07 -4.15951e-07 1.67054e-16)
(5.57327e-08 -4.2105e-07 -1.14367e-16)
(1.1932e-05 3.30084e-06 8.84841e-19)
(1.17946e-05 3.51911e-06 9.64034e-19)
(1.09482e-05 3.10181e-06 5.15832e-20)
(9.19865e-06 2.98631e-06 -5.36057e-19)
(7.27709e-06 2.81908e-06 -1.84551e-18)
(5.28735e-06 2.71519e-06 -1.82959e-18)
(3.30511e-06 2.64365e-06 -2.67941e-18)
(1.40405e-06 2.60082e-06 9.50453e-19)
(-3.60061e-07 2.57763e-06 3.04011e-18)
(-1.94591e-06 2.57079e-06 4.7861e-18)
(-3.32617e-06 2.57085e-06 1.14351e-18)
(-4.48529e-06 2.57651e-06 -1.66737e-18)
(-5.41908e-06 2.5821e-06 3.45459e-18)
(-6.13319e-06 2.58635e-06 6.95834e-18)
(-6.63905e-06 2.58552e-06 1.05064e-17)
(-6.95522e-06 2.57913e-06 -4.39786e-18)
(-7.10256e-06 2.56501e-06 1.74718e-18)
(-7.10288e-06 2.54407e-06 -4.22396e-18)
(-6.98302e-06 2.51538e-06 -4.2947e-18)
(-6.7637e-06 2.4781e-06 -7.34357e-19)
(-6.46846e-06 2.43458e-06 5.96065e-18)
(-6.11758e-06 2.38525e-06 -7.83086e-19)
(-5.7291e-06 2.33131e-06 7.13478e-18)
(-5.31908e-06 2.27162e-06 7.00183e-18)
(-4.89995e-06 2.20759e-06 -2.47877e-18)
(-4.48319e-06 2.14056e-06 -1.24555e-17)
(-4.07619e-06 2.07065e-06 -1.44643e-17)
(-3.68635e-06 1.99845e-06 -1.27307e-17)
(-3.31717e-06 1.92475e-06 1.92697e-17)
(-2.9715e-06 1.85003e-06 4.87206e-21)
(-2.65094e-06 1.77598e-06 -1.9961e-17)
(-2.35618e-06 1.70155e-06 7.56028e-18)
(-2.08651e-06 1.62817e-06 1.21034e-17)
(-1.84155e-06 1.55494e-06 5.79542e-18)
(-1.61937e-06 1.48274e-06 -1.06572e-17)
(-1.41937e-06 1.41233e-06 -1.80641e-17)
(-1.23749e-06 1.34447e-06 -9.26804e-18)
(-1.0721e-06 1.27846e-06 -5.30681e-18)
(-9.20217e-07 1.2174e-06 -7.22323e-18)
(-7.82263e-07 1.16067e-06 8.85526e-18)
(-6.56906e-07 1.10982e-06 1.86903e-17)
(-5.45753e-07 1.06072e-06 -5.29855e-18)
(-4.46143e-07 1.0153e-06 -5.56047e-18)
(-3.52727e-07 9.73582e-07 -7.3979e-18)
(-2.62657e-07 9.38369e-07 4.02808e-18)
(-1.78714e-07 9.01684e-07 -1.17032e-17)
(-9.86367e-08 8.68738e-07 3.8422e-17)
(-2.26099e-08 8.38054e-07 5.50238e-17)
(5.03294e-08 8.10232e-07 2.57469e-17)
(1.19831e-07 7.78616e-07 6.97714e-17)
(1.86762e-07 7.48821e-07 -1.81952e-17)
(2.50809e-07 7.16543e-07 -4.67182e-17)
(3.11507e-07 6.8496e-07 8.25879e-17)
(3.69277e-07 6.48985e-07 -1.06661e-16)
(4.21424e-07 6.13466e-07 1.13672e-16)
(4.7052e-07 5.73265e-07 -8.48132e-17)
(5.15582e-07 5.32809e-07 3.22348e-17)
(5.56492e-07 4.89079e-07 1.69367e-16)
(5.91552e-07 4.44843e-07 -5.25103e-17)
(6.21834e-07 3.97206e-07 -1.25706e-17)
(6.45544e-07 3.49697e-07 4.06256e-17)
(6.63412e-07 3.00033e-07 -3.07463e-16)
(6.74272e-07 2.49807e-07 4.57217e-17)
(6.80043e-07 1.99418e-07 1.01683e-16)
(6.79598e-07 1.49095e-07 -8.82701e-18)
(6.74248e-07 1.01496e-07 5.22936e-17)
(6.64928e-07 5.68976e-08 -1.86004e-16)
(6.53677e-07 1.09397e-08 -4.71376e-16)
(6.36314e-07 -2.81898e-08 2.10348e-16)
(6.00056e-07 -6.24654e-08 1.43464e-16)
(5.80069e-07 -9.4992e-08 4.99588e-17)
(5.50138e-07 -1.34695e-07 7.82378e-17)
(5.19075e-07 -1.75933e-07 1.385e-17)
(4.83281e-07 -2.11135e-07 6.44081e-17)
(4.44689e-07 -2.43216e-07 -7.16506e-17)
(4.02977e-07 -2.65402e-07 5.49621e-17)
(3.57778e-07 -2.95667e-07 -2.79689e-17)
(3.09361e-07 -3.23739e-07 -4.61286e-17)
(2.50571e-07 -3.48944e-07 7.28531e-16)
(1.91219e-07 -3.84253e-07 -5.48659e-16)
(1.25019e-07 -3.7409e-07 -4.77828e-16)
(6.67884e-08 -3.82481e-07 5.75754e-16)
(8.23007e-06 6.34836e-07 6.03176e-19)
(6.25773e-06 9.69086e-07 4.09764e-18)
(8.91025e-06 4.07674e-07 -9.78535e-19)
(8.91383e-06 3.33614e-07 -5.82778e-19)
(8.57e-06 2.47352e-07 -8.57783e-19)
(7.9518e-06 1.87108e-07 -1.64428e-18)
(7.11219e-06 1.5164e-07 -5.83579e-19)
(6.11221e-06 1.41164e-07 -1.99142e-18)
(5.0104e-06 1.50271e-07 -6.11765e-19)
(3.86229e-06 1.78459e-07 8.80723e-19)
(2.71504e-06 2.18779e-07 1.10896e-18)
(1.61021e-06 2.70784e-07 -8.47181e-22)
(5.79633e-07 3.29887e-07 -3.09411e-18)
(-3.52126e-07 3.93836e-07 -2.19459e-18)
(-1.16943e-06 4.6146e-07 -4.14999e-19)
(-1.86262e-06 5.30882e-07 7.17274e-19)
(-2.42972e-06 5.98915e-07 -1.39433e-18)
(-2.87252e-06 6.64094e-07 4.96176e-18)
(-3.1985e-06 7.25367e-07 6.83261e-19)
(-3.41646e-06 7.80518e-07 -2.38252e-18)
(-3.53862e-06 8.29524e-07 6.99119e-19)
(-3.57754e-06 8.70949e-07 4.02461e-18)
(-3.54688e-06 9.06779e-07 1.82696e-18)
(-3.4596e-06 9.35389e-07 6.44163e-18)
(-3.32778e-06 9.57509e-07 2.99525e-18)
(-3.16325e-06 9.72644e-07 7.05139e-18)
(-2.97555e-06 9.82242e-07 7.36887e-18)
(-2.77378e-06 9.86187e-07 -8.13227e-18)
(-2.56515e-06 9.85216e-07 -1.63897e-17)
(-2.35509e-06 9.78821e-07 1.37401e-17)
(-2.14869e-06 9.68771e-07 1.40548e-17)
(-1.94949e-06 9.53846e-07 -1.70737e-17)
(-1.76035e-06 9.36285e-07 -6.16357e-19)
(-1.58253e-06 9.1455e-07 9.24677e-19)
(-1.41703e-06 8.90248e-07 2.76256e-18)
(-1.26374e-06 8.6253e-07 8.71686e-18)
(-1.12053e-06 8.33644e-07 -1.35007e-17)
(-9.87014e-07 8.02468e-07 -1.64671e-17)
(-8.62995e-07 7.7158e-07 5.61537e-18)
(-7.50769e-07 7.39639e-07 2.04357e-17)
(-6.50098e-07 7.09436e-07 -3.34873e-18)
(-5.60839e-07 6.80528e-07 -1.56121e-17)
(-4.79522e-07 6.52848e-07 2.13665e-17)
(-4.03309e-07 6.25495e-07 -2.89878e-17)
(-3.30884e-07 6.01464e-07 -1.23375e-17)
(-2.63305e-07 5.79827e-07 1.42967e-17)
(-1.99257e-07 5.59803e-07 1.27105e-17)
(-1.38523e-07 5.38711e-07 2.34724e-17)
(-7.95277e-08 5.21299e-07 2.3902e-17)
(-2.30399e-08 5.02187e-07 -2.40687e-18)
(3.18752e-08 4.85181e-07 3.6661e-17)
(8.49789e-08 4.66724e-07 3.34996e-17)
(1.36975e-07 4.50817e-07 -1.32571e-17)
(1.86799e-07 4.30792e-07 6.45127e-17)
(2.33783e-07 4.13144e-07 -1.06413e-17)
(2.78605e-07 3.93491e-07 8.19943e-17)
(3.21321e-07 3.74374e-07 -9.3145e-17)
(3.61409e-07 3.5276e-07 -1.46866e-17)
(3.9795e-07 3.30473e-07 2.08499e-17)
(4.31424e-07 3.04819e-07 4.25535e-17)
(4.60506e-07 2.77523e-07 5.1761e-18)
(4.85751e-07 2.47413e-07 1.51453e-16)
(5.05968e-07 2.15189e-07 -3.72828e-17)
(5.22472e-07 1.80438e-07 1.75507e-17)
(5.33777e-07 1.44342e-07 9.38424e-18)
(5.41334e-07 1.08381e-07 -1.54271e-19)
(5.44456e-07 7.2799e-08 1.35652e-16)
(5.47971e-07 3.75134e-08 3.56232e-16)
(5.42027e-07 9.14909e-10 -9.26064e-17)
(5.28356e-07 -1.90313e-08 7.50153e-17)
(5.18961e-07 -5.17479e-08 -2.43062e-17)
(5.08753e-07 -8.11924e-08 8.88452e-17)
(4.87888e-07 -1.16233e-07 -1.84098e-16)
(4.63963e-07 -1.51499e-07 1.52573e-16)
(4.33522e-07 -1.796e-07 1.21717e-16)
(4.00574e-07 -2.10616e-07 -1.75115e-16)
(3.64177e-07 -2.35792e-07 -2.53798e-17)
(3.17993e-07 -2.65671e-07 -3.68457e-16)
(2.65384e-07 -2.90686e-07 7.03399e-17)
(2.04217e-07 -3.24596e-07 -3.43878e-16)
(1.37641e-07 -3.19445e-07 5.73446e-16)
(7.49079e-08 -3.33419e-07 6.61891e-16)
(1.5304e-06 1.22638e-06 2.70137e-18)
(1.80872e-07 1.41926e-06 2.12847e-19)
(2.51389e-06 1.12388e-06 3.28454e-19)
(3.25912e-06 1.03169e-06 -1.36902e-18)
(3.82096e-06 9.18083e-07 1.17989e-18)
(4.17973e-06 8.14845e-07 2.38881e-18)
(4.33871e-06 7.19979e-07 1.88136e-18)
(4.30702e-06 6.40367e-07 1.53898e-18)
(4.1074e-06 5.72492e-07 -4.50158e-19)
(3.76646e-06 5.19395e-07 -8.68809e-19)
(3.31478e-06 4.78261e-07 -7.27946e-19)
(2.7852e-06 4.5027e-07 1.88782e-18)
(2.20798e-06 4.32308e-07 2.38086e-18)
(1.61185e-06 4.2444e-07 -3.38685e-18)
(1.02186e-06 4.23245e-07 -3.03905e-18)
(4.58658e-07 4.28922e-07 -2.1769e-18)
(-6.15061e-08 4.39053e-07 -3.33276e-18)
(-5.26759e-07 4.53078e-07 -2.28793e-18)
(-9.29465e-07 4.69365e-07 3.19385e-18)
(-1.26573e-06 4.87143e-07 3.18467e-18)
(-1.53506e-06 5.05043e-07 -1.98051e-18)
(-1.73966e-06 5.22283e-07 -2.43434e-18)
(-1.8835e-06 5.38702e-07 -2.83625e-18)
(-1.97214e-06 5.53975e-07 -1.81949e-18)
(-2.01236e-06 5.67603e-07 1.79734e-18)
(-2.01118e-06 5.78555e-07 7.44437e-18)
(-1.97528e-06 5.86968e-07 2.63085e-18)
(-1.91221e-06 5.92871e-07 3.47243e-18)
(-1.82789e-06 5.95938e-07 -1.66693e-18)
(-1.72832e-06 5.95883e-07 -3.23575e-18)
(-1.61878e-06 5.93903e-07 -5.33185e-19)
(-1.5041e-06 5.89048e-07 5.00484e-18)
(-1.38793e-06 5.82962e-07 -8.50957e-18)
(-1.27274e-06 5.74334e-07 -3.19052e-18)
(-1.1598e-06 5.64105e-07 1.78039e-18)
(-1.05007e-06 5.51589e-07 1.06468e-18)
(-9.4278e-07 5.37702e-07 2.15212e-18)
(-8.39453e-07 5.21834e-07 -8.46003e-18)
(-7.41897e-07 5.0528e-07 -6.916e-18)
(-6.53326e-07 4.86818e-07 -1.57139e-18)
(-5.7358e-07 4.68177e-07 4.07926e-18)
(-5.01646e-07 4.49322e-07 -6.50252e-19)
(-4.34595e-07 4.31554e-07 -1.72584e-18)
(-3.71669e-07 4.12838e-07 2.76683e-17)
(-3.12444e-07 3.95913e-07 -2.16686e-17)
(-2.57586e-07 3.79042e-07 1.72137e-19)
(-2.05307e-07 3.65156e-07 1.37338e-17)
(-1.56429e-07 3.50286e-07 -5.41858e-19)
(-1.09416e-07 3.3769e-07 -4.55575e-19)
(-6.47052e-08 3.26723e-07 -1.15559e-17)
(-2.11327e-08 3.17041e-07 2.34241e-18)
(2.08104e-08 3.05877e-07 -2.94851e-17)
(6.19866e-08 2.96437e-07 9.06571e-18)
(1.0161e-07 2.86497e-07 -2.51883e-17)
(1.3925e-07 2.77537e-07 1.44211e-17)
(1.75904e-07 2.68101e-07 -2.95447e-17)
(2.11692e-07 2.58781e-07 5.09664e-17)
(2.46334e-07 2.47308e-07 -1.70587e-17)
(2.79361e-07 2.35717e-07 -7.48018e-18)
(3.10978e-07 2.21595e-07 -6.11768e-17)
(3.40339e-07 2.06326e-07 -5.74907e-19)
(3.67529e-07 1.87933e-07 -4.84972e-18)
(3.91635e-07 1.6803e-07 -2.65999e-18)
(4.13369e-07 1.45171e-07 -9.30466e-17)
(4.31371e-07 1.20495e-07 -8.76499e-17)
(4.46543e-07 9.42459e-08 3.68043e-17)
(4.583e-07 6.74746e-08 -1.62387e-18)
(4.70994e-07 3.85748e-08 -4.40973e-17)
(4.75806e-07 1.06847e-08 1.82943e-16)
(4.68186e-07 -1.14303e-08 -5.70883e-17)
(4.71129e-07 -2.75451e-08 2.32816e-17)
(4.6574e-07 -4.9661e-08 -1.64265e-17)
(4.59176e-07 -7.41383e-08 -2.09924e-16)
(4.42268e-07 -1.0417e-07 -1.22053e-16)
(4.22297e-07 -1.34084e-07 -2.8076e-17)
(3.95967e-07 -1.59411e-07 6.52274e-17)
(3.62725e-07 -1.86777e-07 5.25007e-18)
(3.21966e-07 -2.0976e-07 -1.47718e-16)
(2.69146e-07 -2.33097e-07 -3.49125e-17)
(2.11353e-07 -2.63294e-07 3.75742e-16)
(1.4669e-07 -2.65883e-07 -1.12619e-16)
(8.06914e-08 -2.80961e-07 -2.15474e-16)
(-2.54522e-07 1.84928e-06 -1.11297e-19)
(-1.37918e-07 2.01017e-06 4.59623e-19)
(-9.44229e-08 1.69489e-06 6.41776e-19)
(1.28024e-07 1.62231e-06 -1.38885e-19)
(4.25354e-07 1.50589e-06 -2.58841e-19)
(7.26691e-07 1.40036e-06 7.85261e-20)
(9.99933e-07 1.29631e-06 6.35538e-19)
(1.21629e-06 1.1976e-06 -7.48469e-19)
(1.35883e-06 1.10308e-06 -7.25879e-19)
(1.41953e-06 1.01456e-06 -1.30866e-19)
(1.39808e-06 9.31765e-07 -1.43747e-19)
(1.30074e-06 8.56726e-07 8.54658e-20)
(1.13752e-06 7.88992e-07 3.11497e-19)
(9.21783e-07 7.29071e-07 1.98087e-18)
(6.68044e-07 6.76859e-07 2.28109e-19)
(3.91254e-07 6.31853e-07 7.42274e-19)
(1.0512e-07 5.94686e-07 2.21787e-18)
(-1.77465e-07 5.64643e-07 -1.97683e-18)
(-4.46079e-07 5.40478e-07 -1.11292e-18)
(-6.92084e-07 5.20768e-07 7.9765e-19)
(-9.09295e-07 5.0544e-07 -1.36068e-19)
(-1.09352e-06 4.93014e-07 -1.86568e-18)
(-1.24283e-06 4.82787e-07 -1.76185e-18)
(-1.35637e-06 4.73633e-07 -2.37051e-18)
(-1.43547e-06 4.66026e-07 -2.80114e-18)
(-1.48235e-06 4.58647e-07 -4.50541e-18)
(-1.49969e-06 4.51223e-07 -2.01016e-18)
(-1.49139e-06 4.43378e-07 -2.92529e-18)
(-1.46145e-06 4.35123e-07 1.56388e-18)
(-1.41399e-06 4.25732e-07 -2.1403e-18)
(-1.35314e-06 4.15889e-07 3.64153e-19)
(-1.28305e-06 4.05061e-07 -2.08961e-18)
(-1.20664e-06 3.93788e-07 4.25689e-19)
(-1.12594e-06 3.81553e-07 -1.4151e-18)
(-1.04207e-06 3.69157e-07 -4.6272e-19)
(-9.56172e-07 3.5645e-07 -2.7225e-18)
(-8.68801e-07 3.43788e-07 -3.15915e-18)
(-7.82774e-07 3.30357e-07 7.15114e-20)
(-7.00701e-07 3.17416e-07 -5.08252e-18)
(-6.25331e-07 3.04088e-07 -5.46663e-18)
(-5.56049e-07 2.90952e-07 -4.88552e-18)
(-4.91769e-07 2.77396e-07 4.35533e-18)
(-4.30898e-07 2.65118e-07 -3.47678e-18)
(-3.73614e-07 2.53128e-07 -9.02158e-18)
(-3.19847e-07 2.42353e-07 2.02955e-17)
(-2.70026e-07 2.31102e-07 -1.44566e-17)
(-2.23008e-07 2.21291e-07 -5.16453e-18)
(-1.7901e-07 2.13243e-07 5.21561e-18)
(-1.37188e-07 2.05488e-07 6.42556e-18)
(-9.76346e-08 1.97391e-07 -1.11341e-17)
(-5.91182e-08 1.90787e-07 -2.31883e-17)
(-2.23349e-08 1.83354e-07 1.46967e-17)
(1.32811e-08 1.7737e-07 -2.04079e-17)
(4.7238e-08 1.71218e-07 -2.2749e-17)
(8.00077e-08 1.66902e-07 -3.74647e-17)
(1.11726e-07 1.6119e-07 -1.22066e-17)
(1.4313e-07 1.57016e-07 -6.57904e-18)
(1.73714e-07 1.52032e-07 2.82112e-18)
(2.03548e-07 1.47461e-07 2.7985e-17)
(2.32708e-07 1.41326e-07 2.5269e-17)
(2.60845e-07 1.34194e-07 4.43409e-18)
(2.87896e-07 1.24553e-07 6.55223e-18)
(3.13173e-07 1.13639e-07 -7.06864e-18)
(3.37005e-07 9.99247e-08 -2.28731e-17)
(3.58335e-07 8.43835e-08 1.08583e-16)
(3.77541e-07 6.69613e-08 1.04127e-17)
(3.94044e-07 4.82541e-08 1.08372e-17)
(4.12189e-07 2.78115e-08 -5.51492e-17)
(4.21566e-07 7.34596e-09 1.23701e-17)
(4.19601e-07 -8.68617e-09 5.11411e-17)
(4.23395e-07 -2.41528e-08 -2.23028e-17)
(4.28155e-07 -3.38336e-08 -2.18128e-17)
(4.25525e-07 -5.33655e-08 8.23832e-18)
(4.19834e-07 -7.19829e-08 -2.58186e-17)
(4.03767e-07 -9.40899e-08 9.48874e-18)
(3.8346e-07 -1.16905e-07 2.09913e-16)
(3.53216e-07 -1.35268e-07 8.09109e-18)
(3.13955e-07 -1.55449e-07 1.24635e-16)
(2.67479e-07 -1.74983e-07 -1.25738e-16)
(2.13613e-07 -2.04803e-07 1.27424e-16)
(1.51926e-07 -2.0856e-07 -1.45943e-16)
(8.44174e-08 -2.24828e-07 -5.57853e-16)
(3.49162e-06 3.63172e-07 7.15303e-19)
(4.20459e-06 5.84281e-07 9.89367e-20)
(2.8365e-06 2.55255e-07 -1.14298e-19)
(2.18526e-06 2.74409e-07 1.76464e-19)
(1.71463e-06 2.39829e-07 1.54733e-19)
(1.37475e-06 2.24382e-07 -1.63242e-19)
(1.13654e-06 2.07146e-07 -7.01048e-20)
(9.69453e-07 1.92345e-07 3.45423e-19)
(8.46843e-07 1.76626e-07 5.48665e-19)
(7.47037e-07 1.61866e-07 1.25637e-19)
(6.52903e-07 1.46397e-07 -1.36499e-19)
(5.52981e-07 1.32403e-07 -2.63793e-19)
(4.39965e-07 1.18927e-07 -2.04979e-19)
(3.11195e-07 1.07275e-07 5.94311e-20)
(1.66691e-07 9.68046e-08 7.82002e-19)
(9.27502e-09 8.9048e-08 -5.25673e-19)
(-1.56932e-07 8.12373e-08 1.68704e-20)
(-3.26514e-07 7.50716e-08 1.18863e-18)
(-4.94242e-07 6.95829e-08 -7.42634e-19)
(-6.54552e-07 6.60194e-08 2.66128e-19)
(-8.0306e-07 6.3523e-08 2.85562e-19)
(-9.35417e-07 6.23369e-08 4.32996e-19)
(-1.04892e-06 6.22916e-08 6.70751e-19)
(-1.14125e-06 6.33054e-08 1.53402e-19)
(-1.21152e-06 6.50583e-08 8.12971e-19)
(-1.25952e-06 6.75094e-08 -1.00025e-19)
(-1.28605e-06 7.02889e-08 -2.97122e-18)
(-1.29261e-06 7.30648e-08 6.66537e-19)
(-1.28145e-06 7.54633e-08 -3.9389e-20)
(-1.25513e-06 7.72252e-08 5.29413e-19)
(-1.21636e-06 7.82198e-08 -2.33948e-19)
(-1.16778e-06 7.84535e-08 7.55738e-19)
(-1.11142e-06 7.81922e-08 -1.13121e-18)
(-1.04821e-06 7.71291e-08 -1.00282e-18)
(-9.7934e-07 7.6044e-08 2.08679e-18)
(-9.06126e-07 7.46233e-08 1.32436e-18)
(-8.30169e-07 7.32864e-08 2.1061e-18)
(-7.54713e-07 7.11215e-08 8.02319e-20)
(-6.82097e-07 6.93381e-08 -4.94942e-20)
(-6.14204e-07 6.7383e-08 4.61018e-19)
(-5.50059e-07 6.58305e-08 1.22199e-18)
(-4.89166e-07 6.38589e-08 -1.73686e-18)
(-4.30819e-07 6.27047e-08 3.07603e-19)
(-3.75839e-07 6.13517e-08 -6.98198e-19)
(-3.23857e-07 6.10771e-08 9.5946e-19)
(-2.75372e-07 6.06326e-08 1.45968e-17)
(-2.29484e-07 6.07125e-08 -4.03534e-19)
(-1.86565e-07 6.069e-08 -7.03845e-18)
(-1.45405e-07 6.19665e-08 8.34837e-18)
(-1.06661e-07 6.25652e-08 -2.14531e-18)
(-6.92441e-08 6.39462e-08 1.1722e-17)
(-3.37465e-08 6.57617e-08 -8.68462e-19)
(3.86887e-10 6.75389e-08 -1.78233e-17)
(3.26063e-08 6.82957e-08 8.02745e-18)
(6.36563e-08 6.94478e-08 1.13794e-17)
(9.35508e-08 7.00878e-08 -1.27978e-17)
(1.22629e-07 7.06247e-08 -4.8616e-18)
(1.50933e-07 7.05322e-08 7.64549e-18)
(1.78681e-07 7.00936e-08 -1.66439e-17)
(2.05849e-07 6.79226e-08 -2.03229e-18)
(2.32287e-07 6.54288e-08 -7.58173e-18)
(2.57792e-07 6.10585e-08 3.31602e-17)
(2.81974e-07 5.61718e-08 1.16992e-17)
(3.04919e-07 4.92724e-08 1.16089e-17)
(3.25895e-07 4.10327e-08 -3.06292e-17)
(3.45043e-07 3.13391e-08 1.67701e-17)
(3.61921e-07 2.06474e-08 -1.72885e-17)
(3.80818e-07 8.32737e-09 9.88341e-18)
(3.907e-07 -3.72716e-09 -3.83872e-17)
(3.89942e-07 -1.54969e-08 1.59705e-17)
(3.94485e-07 -2.5107e-08 -1.6987e-18)
(3.97788e-07 -3.24616e-08 -4.63869e-17)
(4.00059e-07 -3.82427e-08 4.05366e-17)
(3.94096e-07 -4.93021e-08 -1.37193e-17)
(3.8555e-07 -6.19234e-08 -6.17856e-17)
(3.66277e-07 -7.57516e-08 -1.00268e-16)
(3.39812e-07 -8.86949e-08 6.00473e-18)
(3.06714e-07 -1.0349e-07 3.52433e-17)
(2.6491e-07 -1.22302e-07 -2.0079e-17)
(2.15854e-07 -1.44354e-07 -1.85435e-16)
(1.56748e-07 -1.53076e-07 8.38627e-17)
(8.83874e-08 -1.65682e-07 2.66119e-16)
(8.79169e-06 -3.02724e-06 2.21487e-19)
(8.85537e-06 -2.84794e-06 1.52323e-19)
(8.09581e-06 -2.99899e-06 6.13085e-20)
(7.11502e-06 -2.81727e-06 1.88388e-20)
(6.21804e-06 -2.65083e-06 -7.68763e-21)
(5.41673e-06 -2.49605e-06 -1.15089e-19)
(4.70597e-06 -2.34688e-06 9.39313e-21)
(4.08223e-06 -2.20485e-06 1.17628e-19)
(3.53543e-06 -2.07004e-06 7.09374e-21)
(3.0543e-06 -1.9412e-06 -4.67607e-20)
(2.62755e-06 -1.81985e-06 -3.85072e-21)
(2.24532e-06 -1.70512e-06 -9.15572e-20)
(1.89789e-06 -1.59649e-06 -2.17341e-19)
(1.57876e-06 -1.49372e-06 3.44888e-20)
(1.28192e-06 -1.39652e-06 2.25182e-19)
(1.00439e-06 -1.30451e-06 1.00454e-19)
(7.43872e-07 -1.21683e-06 -4.61282e-19)
(4.99736e-07 -1.13381e-06 -3.42019e-20)
(2.72092e-07 -1.05492e-06 2.46654e-19)
(6.17134e-08 -9.79724e-07 7.8393e-20)
(-1.305e-07 -9.08062e-07 3.87249e-19)
(-3.02919e-07 -8.40633e-07 1.85322e-19)
(-4.55e-07 -7.76435e-07 7.33404e-19)
(-5.85671e-07 -7.16199e-07 2.09235e-19)
(-6.94666e-07 -6.59377e-07 2.21917e-20)
(-7.81953e-07 -6.06322e-07 4.91934e-19)
(-8.48429e-07 -5.56554e-07 8.04267e-19)
(-8.95206e-07 -5.10757e-07 -1.69093e-19)
(-9.23885e-07 -4.68127e-07 4.3135e-19)
(-9.36487e-07 -4.29099e-07 1.45721e-19)
(-9.34634e-07 -3.93592e-07 5.11524e-19)
(-9.20278e-07 -3.61661e-07 -6.03493e-19)
(-8.94485e-07 -3.32733e-07 6.89208e-19)
(-8.58247e-07 -3.0678e-07 4.4483e-19)
(-8.12809e-07 -2.83271e-07 9.07448e-20)
(-7.60286e-07 -2.62349e-07 1.27064e-18)
(-7.03024e-07 -2.43224e-07 8.34208e-19)
(-6.44307e-07 -2.26501e-07 9.27269e-19)
(-5.85932e-07 -2.11027e-07 6.95695e-19)
(-5.29323e-07 -1.97123e-07 -1.75646e-18)
(-4.73718e-07 -1.83951e-07 -1.05184e-18)
(-4.19635e-07 -1.71601e-07 7.88801e-19)
(-3.66833e-07 -1.59595e-07 -9.50195e-19)
(-3.16627e-07 -1.48382e-07 1.50428e-18)
(-2.68585e-07 -1.37285e-07 9.70531e-19)
(-2.23418e-07 -1.26132e-07 -3.78849e-18)
(-1.80318e-07 -1.14987e-07 5.11349e-18)
(-1.39981e-07 -1.04469e-07 2.9196e-18)
(-1.01475e-07 -9.37554e-08 -4.88521e-18)
(-6.51438e-08 -8.24136e-08 5.84024e-18)
(-3.02633e-08 -7.15884e-08 -8.22245e-19)
(2.58547e-09 -6.17707e-08 -2.37798e-19)
(3.40442e-08 -5.21123e-08 1.72901e-18)
(6.34378e-08 -4.35973e-08 -1.74757e-18)
(9.14872e-08 -3.52815e-08 1.84311e-18)
(1.18078e-07 -2.74168e-08 3.24121e-18)
(1.43894e-07 -1.98632e-08 -3.69046e-18)
(1.68515e-07 -1.37979e-08 -1.5301e-17)
(1.92522e-07 -8.04148e-09 9.5726e-18)
(2.15603e-07 -3.18062e-09 -5.40138e-18)
(2.37852e-07 9.72524e-10 -4.4904e-19)
(2.59103e-07 3.98203e-09 -1.06105e-17)
(2.79157e-07 5.918e-09 -1.5694e-18)
(2.98073e-07 6.24577e-09 1.42464e-17)
(3.15302e-07 5.32807e-09 -9.24246e-18)
(3.31058e-07 2.80196e-09 -2.11798e-17)
(3.44909e-07 -5.82527e-10 1.32252e-17)
(3.61594e-07 -4.85632e-09 1.46919e-17)
(3.68813e-07 -9.23453e-09 -1.36702e-17)
(3.67289e-07 -1.4658e-08 -1.32189e-17)
(3.69691e-07 -2.01342e-08 8.89997e-18)
(3.71969e-07 -2.31139e-08 3.17869e-17)
(3.71249e-07 -2.67041e-08 3.66668e-17)
(3.68986e-07 -2.83125e-08 4.75173e-17)
(3.60336e-07 -3.44296e-08 1.59865e-17)
(3.46021e-07 -3.74814e-08 -5.54284e-17)
(3.2512e-07 -4.60596e-08 8.39176e-19)
(2.98225e-07 -5.6923e-08 1.45133e-17)
(2.61718e-07 -6.85375e-08 -2.06178e-17)
(2.17179e-07 -8.80355e-08 9.28498e-17)
(1.59136e-07 -9.23317e-08 -1.6744e-17)
(8.77445e-08 -1.01492e-07 -9.02526e-17)
(7.63771e-06 -3.95889e-06 8.6942e-20)
(6.56456e-06 -3.52496e-06 1.05495e-19)
(7.78979e-06 -3.91048e-06 3.48039e-20)
(7.56587e-06 -3.72764e-06 1.84862e-20)
(7.2541e-06 -3.55641e-06 3.23631e-20)
(6.90031e-06 -3.39371e-06 2.78906e-21)
(6.51503e-06 -3.23545e-06 -7.58092e-20)
(6.11525e-06 -3.08302e-06 -2.71123e-20)
(5.71059e-06 -2.93554e-06 7.33673e-20)
(5.30746e-06 -2.79202e-06 -2.23008e-20)
(4.91146e-06 -2.65352e-06 -2.74549e-20)
(4.5254e-06 -2.51949e-06 1.3572e-20)
(4.15078e-06 -2.38962e-06 -2.42229e-20)
(3.78897e-06 -2.26413e-06 -4.45511e-20)
(3.44067e-06 -2.14291e-06 -3.55765e-20)
(3.10676e-06 -2.0261e-06 1.85522e-20)
(2.78789e-06 -1.91323e-06 6.08884e-20)
(2.48481e-06 -1.80465e-06 -6.40644e-20)
(2.19857e-06 -1.70012e-06 -1.21505e-21)
(1.92981e-06 -1.59914e-06 -4.41532e-20)
(1.67957e-06 -1.50253e-06 -8.25163e-20)
(1.44825e-06 -1.41026e-06 -1.03125e-19)
(1.23633e-06 -1.32222e-06 -1.12287e-19)
(1.04392e-06 -1.23881e-06 6.46848e-20)
(8.71077e-07 -1.16024e-06 -8.29757e-20)
(7.1718e-07 -1.08625e-06 -1.36957e-19)
(5.81897e-07 -1.01723e-06 1.49441e-19)
(4.64327e-07 -9.53413e-07 2.07565e-19)
(3.63999e-07 -8.9398e-07 -3.75955e-19)
(2.79919e-07 -8.38845e-07 7.52643e-20)
(2.11779e-07 -7.87948e-07 -9.6951e-20)
(1.58394e-07 -7.41268e-07 9.75138e-20)
(1.19446e-07 -6.9807e-07 -4.5796e-20)
(9.32581e-08 -6.57956e-07 2.08992e-19)
(7.83083e-08 -6.2073e-07 1.7058e-19)
(7.19275e-08 -5.86508e-07 1.46113e-19)
(7.19129e-08 -5.54205e-07 -2.608e-19)
(7.59794e-08 -5.24099e-07 1.48729e-19)
(8.32799e-08 -4.95301e-07 -4.07939e-20)
(9.30559e-08 -4.67901e-07 -1.54639e-19)
(1.05317e-07 -4.41388e-07 -9.77934e-19)
(1.19012e-07 -4.15561e-07 -6.82875e-19)
(1.33573e-07 -3.90161e-07 7.70076e-19)
(1.48038e-07 -3.65057e-07 -8.34093e-19)
(1.62403e-07 -3.40465e-07 -1.29288e-18)
(1.7619e-07 -3.16216e-07 -1.21081e-18)
(1.89614e-07 -2.92223e-07 -1.8486e-18)
(2.02358e-07 -2.68206e-07 2.65839e-19)
(2.14807e-07 -2.44976e-07 1.14531e-18)
(2.26803e-07 -2.22481e-07 -1.69722e-18)
(2.38763e-07 -2.00493e-07 -2.06364e-18)
(2.50256e-07 -1.79478e-07 9.89934e-19)
(2.61528e-07 -1.59743e-07 1.21559e-18)
(2.72415e-07 -1.40953e-07 2.5669e-19)
(2.83197e-07 -1.23979e-07 -3.45157e-18)
(2.93839e-07 -1.08544e-07 -1.63475e-18)
(3.04491e-07 -9.48178e-08 -9.82784e-19)
(3.15063e-07 -8.22578e-08 4.62949e-18)
(3.25537e-07 -7.14057e-08 -9.05423e-19)
(3.35992e-07 -6.16701e-08 4.30568e-18)
(3.46255e-07 -5.2945e-08 -3.92235e-18)
(3.56386e-07 -4.55863e-08 -4.26826e-18)
(3.65962e-07 -3.91233e-08 -3.53858e-18)
(3.75029e-07 -3.39477e-08 -7.79412e-18)
(3.8296e-07 -2.97243e-08 6.8726e-18)
(3.9024e-07 -2.64106e-08 2.47136e-18)
(3.96418e-07 -2.37507e-08 -6.67945e-18)
(4.06671e-07 -2.17531e-08 8.563e-19)
(4.07093e-07 -1.9868e-08 9.89134e-18)
(4.02597e-07 -2.03048e-08 -4.19158e-18)
(4.00504e-07 -2.01296e-08 -9.86847e-18)
(3.98355e-07 -1.94102e-08 -5.60567e-19)
(3.93892e-07 -1.78603e-08 -7.27184e-18)
(3.87156e-07 -1.75193e-08 -1.11194e-17)
(3.78013e-07 -1.45912e-08 1.12275e-17)
(3.63875e-07 -1.58051e-08 1.16911e-17)
(3.46801e-07 -1.79449e-08 -2.02964e-19)
(3.19447e-07 -2.03788e-08 6.61511e-19)
(2.85726e-07 -2.63923e-08 1.31725e-17)
(2.35365e-07 -3.12575e-08 -2.24912e-18)
(1.68074e-07 -3.53976e-08 -2.28424e-18)
(8.74887e-08 -4.23844e-08 6.8723e-17)
)
;

boundaryField
{
    inlet
    {
        type            calculated;
        value           nonuniform List<vector> 
23
(
(8.91185e-08 0.698286 -1.95205e-15)
(1.6252e-07 0.681791 2.7942e-15)
(1.65146e-07 0.665061 3.05654e-15)
(1.15909e-07 0.648928 -5.43762e-15)
(1.00463e-07 0.633056 4.39401e-16)
(8.27312e-08 0.617088 -2.31074e-16)
(7.10819e-08 0.600922 6.30173e-16)
(6.15175e-08 0.584452 -9.54525e-17)
(5.44046e-08 0.567489 6.72517e-18)
(4.898e-08 0.54968 1.07391e-17)
(4.48203e-08 0.530588 -5.13723e-16)
(4.10916e-08 0.509118 1.88946e-15)
(3.40121e-08 0.484373 1.4542e-15)
(3.02086e-08 0.451497 -2.34434e-15)
(4.44548e-08 0.433196 -5.445e-16)
(5.57423e-08 0.420387 -1.14367e-16)
(6.67617e-08 0.402846 5.75754e-16)
(7.48988e-08 0.381027 6.61891e-16)
(8.06534e-08 0.355864 -2.15474e-16)
(8.43628e-08 0.324585 -5.57853e-16)
(8.83181e-08 0.282458 2.66119e-16)
(8.77157e-08 0.209281 -9.02526e-17)
(8.74887e-08 0.0928691 6.8723e-17)
)
;
    }
    outlet
    {
        type            calculated;
        value           nonuniform List<vector> 
82
(
(-0.016589 -3.95893e-06 8.6942e-20)
(-0.0165248 -3.91052e-06 3.48039e-20)
(-0.0166636 -3.52505e-06 1.05495e-19)
(-0.0164618 -3.72767e-06 1.84862e-20)
(-0.0163935 -3.55643e-06 3.23631e-20)
(-0.0163205 -3.39371e-06 2.78906e-21)
(-0.016242 -3.23545e-06 -7.58092e-20)
(-0.016158 -3.083e-06 -2.71123e-20)
(-0.0160682 -2.93554e-06 7.33673e-20)
(-0.0159714 -2.792e-06 -2.23008e-20)
(-0.0158673 -2.65351e-06 -2.74549e-20)
(-0.015756 -2.51946e-06 1.3572e-20)
(-0.0156369 -2.38961e-06 -2.42229e-20)
(-0.0155092 -2.2641e-06 -4.45511e-20)
(-0.0153722 -2.1429e-06 -3.55765e-20)
(-0.0152256 -2.02607e-06 1.85522e-20)
(-0.015069 -1.91322e-06 6.08884e-20)
(-0.0149017 -1.80461e-06 -6.40644e-20)
(-0.0147229 -1.7001e-06 -1.21505e-21)
(-0.0145319 -1.5991e-06 -4.41532e-20)
(-0.0143287 -1.50252e-06 -8.25163e-20)
(-0.0141124 -1.41022e-06 -1.03125e-19)
(-0.0138823 -1.3222e-06 -1.12287e-19)
(-0.0136381 -1.23876e-06 6.46848e-20)
(-0.0133795 -1.16022e-06 -8.29757e-20)
(-0.013106 -1.08621e-06 -1.36957e-19)
(-0.012817 -1.0172e-06 1.49441e-19)
(-0.0125126 -9.53358e-07 2.07565e-19)
(-0.0121923 -8.93944e-07 -3.75955e-19)
(-0.0118563 -8.38785e-07 7.52643e-20)
(-0.0115045 -7.87906e-07 -9.6951e-20)
(-0.011137 -7.41203e-07 9.75138e-20)
(-0.0107545 -6.98024e-07 -4.5796e-20)
(-0.0103572 -6.57889e-07 2.08992e-19)
(-0.00994606 -6.20683e-07 1.7058e-19)
(-0.00952187 -5.8644e-07 1.46113e-19)
(-0.00908543 -5.54157e-07 -2.608e-19)
(-0.00863784 -5.24035e-07 1.48729e-19)
(-0.00818034 -4.95256e-07 -4.07939e-20)
(-0.00771453 -4.67842e-07 -1.54639e-19)
(-0.00724175 -4.41346e-07 -9.77934e-19)
(-0.00676325 -4.15508e-07 -6.82875e-19)
(-0.00628088 -3.90123e-07 7.70076e-19)
(-0.00579642 -3.65012e-07 -8.34093e-19)
(-0.00531118 -3.40432e-07 -1.29288e-18)
(-0.00482668 -3.16178e-07 -1.21081e-18)
(-0.00434473 -2.92195e-07 -1.8486e-18)
(-0.00386714 -2.68177e-07 2.65839e-19)
(-0.00339547 -2.44953e-07 1.14531e-18)
(-0.00293128 -2.22457e-07 -1.69722e-18)
(-0.00247642 -2.00473e-07 -2.06364e-18)
(-0.00203248 -1.7946e-07 9.89934e-19)
(-0.00160036 -1.59724e-07 1.21559e-18)
(-0.00118029 -1.40937e-07 2.5669e-19)
(-0.000772615 -1.2396e-07 -3.45157e-18)
(-0.000375924 -1.08528e-07 -1.63475e-18)
(1.14556e-05 -9.47995e-08 -9.82784e-19)
(0.000391389 -8.22414e-08 4.62949e-18)
(0.00076524 -7.13888e-08 -9.05423e-19)
(0.00113311 -6.16541e-08 4.30568e-18)
(0.00149536 -5.29308e-08 -3.92235e-18)
(0.00184949 -4.5573e-08 -4.26826e-18)
(0.0021927 -3.91125e-08 -3.53858e-18)
(0.00252124 -3.39377e-08 -7.79412e-18)
(0.00283175 -2.97168e-08 6.8726e-18)
(0.00311852 -2.64033e-08 2.47136e-18)
(0.00337024 -2.37458e-08 -6.67945e-18)
(0.00359191 -2.1748e-08 8.563e-19)
(0.0037714 -1.98646e-08 9.89134e-18)
(0.00374852 -2.02991e-08 -4.19158e-18)
(0.00391928 -2.0127e-08 -9.86847e-18)
(0.00423444 -1.94077e-08 -5.60567e-19)
(0.00467554 -1.78589e-08 -7.27184e-18)
(0.00517585 -1.75185e-08 -1.11194e-17)
(0.00561428 -1.45891e-08 1.12275e-17)
(0.00562916 -1.58036e-08 1.16911e-17)
(0.00478834 -1.79417e-08 -2.02964e-19)
(0.00393955 -2.03769e-08 6.61511e-19)
(0.00155563 -2.63907e-08 1.31725e-17)
(-0.00276776 -3.12567e-08 -2.24912e-18)
(0.0144044 -3.53973e-08 -2.28424e-18)
(-0.031642 -4.23844e-08 6.8723e-17)
)
;
    }
    walls
    {
        type            calculated;
        value           nonuniform List<vector> 0();
    }
    frontAndBack
    {
        type            empty;
    }
    procBoundary3to2
    {
        type            processor;
        value           nonuniform List<vector> 
88
(
(1.0714e-07 -6.20626e-07 -2.34896e-16)
(5.01259e-08 -6.67523e-07 2.95405e-16)
(1.799e-07 -6.64925e-07 1.13564e-15)
(1.50291e-07 -6.8869e-07 -1.05573e-15)
(1.50291e-07 -6.8869e-07 -1.05573e-15)
(2.31621e-07 -6.92968e-07 -4.39793e-17)
(2.26164e-07 -6.34882e-07 -6.02474e-16)
(2.26164e-07 -6.34882e-07 -6.02474e-16)
(3.59999e-07 -1.14181e-06 2.40489e-16)
(3.04438e-07 -9.90653e-07 1.42935e-16)
(2.55839e-07 -8.44318e-07 1.14935e-15)
(2.55839e-07 -8.44318e-07 1.14935e-15)
(7.35368e-07 -1.74016e-06 2.21343e-16)
(6.40542e-07 -1.5704e-06 3.26053e-16)
(5.63498e-07 -1.47473e-06 -1.38139e-15)
(4.9101e-07 -1.38515e-06 -7.41364e-16)
(4.25933e-07 -1.2565e-06 2.30473e-16)
(4.25933e-07 -1.2565e-06 2.30473e-16)
(1.8407e-06 -2.02345e-06 1.49942e-17)
(1.52145e-06 -2.00749e-06 5.88717e-16)
(1.27765e-06 -1.97463e-06 1.4307e-16)
(1.07345e-06 -1.90691e-06 -3.50257e-16)
(9.16931e-07 -1.79602e-06 7.89133e-16)
(9.16931e-07 -1.79602e-06 7.89133e-16)
(4.34381e-06 -1.4793e-06 2.62069e-16)
(3.98781e-06 -1.54304e-06 -2.05397e-16)
(3.65954e-06 -1.55359e-06 -3.73852e-16)
(3.31267e-06 -1.50581e-06 2.42055e-16)
(2.99946e-06 -1.48573e-06 7.9589e-16)
(2.64347e-06 -1.50747e-06 -1.64758e-16)
(2.32179e-06 -1.50594e-06 9.23879e-16)
(2.32179e-06 -1.50594e-06 9.23879e-16)
(7.40219e-06 2.19237e-06 -9.61284e-17)
(7.31784e-06 1.85824e-06 1.44921e-16)
(7.20149e-06 1.52803e-06 1.5941e-16)
(7.03575e-06 1.2068e-06 2.2562e-16)
(6.83386e-06 9.061e-07 -3.93563e-16)
(6.59053e-06 6.09919e-07 -2.75413e-16)
(6.31355e-06 3.35147e-07 -9.6966e-17)
(6.00918e-06 6.22744e-08 -3.8002e-16)
(5.67774e-06 -1.80298e-07 -8.88692e-16)
(5.33846e-06 -4.155e-07 7.77657e-16)
(4.98036e-06 -6.12348e-07 -7.74766e-16)
(4.56345e-06 -7.26287e-07 6.17824e-17)
(4.56345e-06 -7.26287e-07 6.17824e-17)
(3.38745e-05 -6.30956e-06 -2.17348e-17)
(3.24546e-05 -5.96281e-06 -2.9401e-17)
(3.04999e-05 -6.61462e-06 -1.16941e-17)
(2.84323e-05 -6.60915e-06 1.04529e-17)
(2.63922e-05 -6.42223e-06 -1.11666e-17)
(2.43645e-05 -6.09739e-06 4.71169e-17)
(2.24189e-05 -5.7238e-06 6.12833e-18)
(2.05747e-05 -5.22275e-06 -3.39603e-17)
(1.88581e-05 -4.66811e-06 -1.9549e-18)
(1.72769e-05 -4.04979e-06 3.66858e-17)
(1.58426e-05 -3.45644e-06 -1.17783e-18)
(1.4554e-05 -2.84247e-06 -3.82648e-18)
(1.34083e-05 -2.27156e-06 -4.7483e-17)
(1.23997e-05 -1.6895e-06 -6.82468e-19)
(1.15181e-05 -1.15545e-06 -7.11766e-17)
(1.07564e-05 -6.23469e-07 -3.58694e-17)
(1.00997e-05 -1.45977e-07 -1.69953e-17)
(9.54295e-06 3.24182e-07 1.59776e-17)
(9.06956e-06 7.47405e-07 -3.66972e-17)
(8.67615e-06 1.15879e-06 6.33778e-17)
(8.34529e-06 1.51087e-06 -9.27497e-17)
(8.07656e-06 1.84882e-06 -6.27493e-17)
(7.8559e-06 2.14656e-06 5.21842e-17)
(7.68418e-06 2.43241e-06 -4.33485e-17)
(7.54613e-06 2.66343e-06 1.73049e-17)
(7.44485e-06 2.88076e-06 -6.12257e-17)
(7.37052e-06 3.06306e-06 3.96053e-17)
(7.32879e-06 3.2574e-06 5.00677e-18)
(7.30421e-06 3.40362e-06 3.62594e-17)
(7.30208e-06 3.55662e-06 1.15367e-16)
(7.31394e-06 3.67989e-06 -9.16984e-17)
(7.33431e-06 3.78106e-06 2.70906e-20)
(7.36619e-06 3.84596e-06 -1.38988e-16)
(7.39903e-06 3.89036e-06 1.09878e-17)
(7.43538e-06 3.87493e-06 2.36076e-17)
(7.45953e-06 3.83026e-06 -9.57382e-17)
(7.48234e-06 3.72249e-06 1.4949e-16)
(7.4871e-06 3.59827e-06 3.15558e-17)
(7.46973e-06 3.43551e-06 4.55264e-17)
(7.46101e-06 3.25363e-06 -9.94072e-18)
(7.44375e-06 2.99857e-06 -9.15804e-17)
(7.06678e-06 2.76404e-06 2.42761e-17)
(7.06678e-06 2.76404e-06 2.42761e-17)
)
;
    }
    procBoundary3to6
    {
        type            processor;
        value           uniform (3.25486e-05 -8.30234e-06 -1.68649e-17);
    }
    procBoundary3to7
    {
        type            processor;
        value           nonuniform List<vector> 
16
(
(2.91126e-05 -1.35697e-05 -1.75113e-17)
(8.19234e-06 -6.08306e-06 1.54709e-17)
(-9.19657e-06 5.12127e-06 -8.97752e-18)
(-2.34023e-05 1.52132e-05 8.71043e-18)
(-3.01411e-05 2.41175e-05 -7.32053e-18)
(-2.45854e-05 2.37828e-05 -4.31917e-18)
(-8.04748e-06 2.16387e-05 -2.50626e-19)
(7.26139e-06 1.16119e-05 1.08097e-18)
(7.26139e-06 1.16119e-05 1.08097e-18)
(8.19671e-06 4.49641e-06 -1.76918e-18)
(3.43919e-06 1.83551e-06 2.06007e-18)
(-4.50782e-07 1.61886e-06 -4.12881e-19)
(8.52256e-08 2.04346e-06 -3.59892e-19)
(3.41314e-06 1.31725e-06 -4.19989e-19)
(6.34309e-06 -1.51771e-06 -5.92246e-21)
(4.1115e-06 -1.95157e-06 -8.80241e-21)
)
;
    }
}


// ************************************************************************* //
