/*--------------------------------*- C++ -*----------------------------------*\
| =========                 |                                                 |
| \\      /  F ield         | OpenFOAM: The Open Source CFD Toolbox           |
|  \\    /   O peration     | Version:  2306                                  |
|   \\  /    A nd           | Website:  www.openfoam.com                      |
|    \\/     M anipulation  |                                                 |
\*---------------------------------------------------------------------------*/
FoamFile
{
    version     2.0;
    format      ascii;
    arch        "LSB;label=32;scalar=64";
    class       volVectorField;
    location    "125";
    object      U;
}
// * * * * * * * * * * * * * * * * * * * * * * * * * * * * * * * * * * * * * //

dimensions      [0 1 -1 0 0 0 0];

internalField   nonuniform List<vector> 
1340
(
(25.6252 3.36508 -1.16495e-16)
(25.6749 3.02423 1.33276e-16)
(25.5951 3.23022 -3.51305e-16)
(25.5915 3.1726 -6.00788e-17)
(25.6284 3.36487 1.85565e-17)
(25.6865 3.02873 -5.60598e-16)
(25.626 3.18556 0)
(25.6135 3.18916 -1.36156e-16)
(25.5995 3.22948 3.48679e-16)
(25.5991 3.17399 1.98326e-16)
(25.6324 3.36445 3.3178e-19)
(25.6982 3.03308 4.86446e-16)
(25.6463 3.13772 -2.01394e-16)
(25.6445 3.15293 3.81868e-18)
(25.6408 3.16708 2.66235e-17)
(25.6326 3.1845 0)
(25.6195 3.18875 1.52847e-18)
(25.6045 3.22875 -3.04036e-18)
(25.6069 3.17568 -1.49933e-18)
(25.6374 3.36388 4.63915e-19)
(25.7097 3.03735 -6.58888e-19)
(25.6643 3.06147 1.71417e-17)
(25.6634 3.07817 6.76254e-17)
(25.6616 3.09202 6.73658e-17)
(25.6599 3.10654 -2.28877e-16)
(25.6582 3.12124 5.65186e-17)
(25.6563 3.13632 -7.97364e-17)
(25.6537 3.15173 -1.72244e-18)
(25.649 3.16614 1.91189e-16)
(25.6397 3.18364 0)
(25.6259 3.1886 1.21875e-17)
(25.61 3.22808 -3.34997e-16)
(25.6151 3.17769 -1.87422e-16)
(25.6434 3.36318 -6.94777e-18)
(25.7212 3.0416 6.40949e-17)
(25.6886 2.95694 1.55796e-16)
(25.6868 2.97861 -1.4091e-16)
(25.6851 2.99985 -3.65444e-17)
(25.6834 3.02059 -2.20375e-16)
(25.6815 3.04089 -4.87886e-17)
(25.6795 3.0604 3.28104e-17)
(25.6775 3.07704 1.45762e-17)
(25.6748 3.09086 -1.11955e-18)
(25.6723 3.10541 4.36664e-17)
(25.6697 3.12017 -1.05341e-16)
(25.6669 3.13535 1.97192e-16)
(25.6634 3.15088 -1.21349e-16)
(25.6577 3.16551 -1.91217e-16)
(25.6472 3.18303 0)
(25.6327 3.18873 -8.66918e-18)
(25.6162 3.22748 3.26994e-16)
(25.6237 3.18002 1.83582e-16)
(25.6503 3.36236 8.22381e-18)
(25.7326 3.04591 -6.52697e-17)
(25.7437 2.80633 -2.02047e-17)
(25.7377 2.82808 -9.75048e-17)
(25.7321 2.8499 -1.64789e-16)
(25.727 2.87176 6.00838e-17)
(25.7223 2.8936 -1.93423e-17)
(25.7181 2.91538 7.58366e-17)
(25.7144 2.93703 1.93289e-16)
(25.7111 2.95848 -4.56308e-18)
(25.7079 2.97963 1.13987e-16)
(25.7048 3.00043 -9.77369e-18)
(25.7016 3.02081 1.49995e-17)
(25.6984 3.04084 9.38867e-17)
(25.6951 3.0601 -3.32816e-17)
(25.692 3.07661 -1.68678e-17)
(25.6885 3.09033 -1.18011e-18)
(25.6851 3.10485 3.18791e-18)
(25.6817 3.1196 8.1971e-19)
(25.678 3.13483 -1.03505e-16)
(25.6736 3.15042 1.1705e-16)
(25.6668 3.16523 -3.80502e-19)
(25.6551 3.18268 0)
(25.6399 3.18916 1.1844e-17)
(25.6229 3.227 -3.41163e-16)
(25.6327 3.1827 -1.86574e-18)
(25.658 3.36146 -2.08863e-17)
(25.7441 3.05037 -7.2425e-19)
(25.895 2.59437 1.57236e-17)
(25.8832 2.61035 -9.01906e-17)
(25.8716 2.62682 -2.53533e-18)
(25.8603 2.64379 8.66109e-17)
(25.8492 2.66124 -9.37788e-17)
(25.8386 2.67916 1.48561e-17)
(25.8284 2.69754 6.83847e-18)
(25.8185 2.71634 -1.91599e-17)
(25.8092 2.73555 1.16925e-16)
(25.8003 2.75512 1.65269e-16)
(25.7918 2.77503 1.23884e-17)
(25.7837 2.79522 4.50111e-17)
(25.7761 2.81568 -4.78248e-17)
(25.7687 2.83629 1.44427e-18)
(25.7617 2.85704 2.53127e-16)
(25.7552 2.8779 -1.7765e-18)
(25.7492 2.8988 -1.40404e-16)
(25.7436 2.91972 -3.06054e-17)
(25.7386 2.9406 -1.33125e-16)
(25.7338 2.96131 -3.44094e-17)
(25.7292 2.98184 -1.1367e-18)
(25.7247 3.0021 -1.50263e-16)
(25.7203 3.02202 -5.4658e-18)
(25.7158 3.04166 -3.90218e-17)
(25.7112 3.06062 -3.3391e-19)
(25.7071 3.07692 1.30505e-17)
(25.7027 3.09049 -1.15718e-16)
(25.6985 3.10491 1.05977e-16)
(25.6941 3.11959 9.32533e-17)
(25.6896 3.13482 1.70458e-16)
(25.6842 3.15041 -1.8958e-16)
(25.6763 3.16534 -4.07092e-19)
(25.6635 3.18264 0)
(25.6475 3.18991 -7.74311e-18)
(25.6303 3.22666 9.43011e-17)
(25.6421 3.18574 3.84314e-17)
(25.6667 3.36051 -2.44408e-17)
(25.7555 3.05507 -7.54638e-19)
(26.4728 2.34342 1.92399e-18)
(26.4597 2.34606 1.88979e-18)
(26.4475 2.34787 -1.27226e-19)
(26.4353 2.35052 4.62826e-19)
(26.423 2.35309 6.25053e-19)
(26.4107 2.35585 2.89729e-19)
(26.3984 2.35872 1.9095e-20)
(26.3862 2.36172 -2.49619e-18)
(26.3741 2.36485 -1.02471e-18)
(26.3621 2.36812 2.42085e-18)
(26.3501 2.37153 0)
(26.3382 2.37508 -4.17482e-19)
(26.3263 2.37879 5.52448e-18)
(26.3144 2.38264 1.74894e-19)
(26.3026 2.38666 6.22537e-18)
(26.2907 2.39086 6.5901e-19)
(26.2788 2.39522 1.61895e-18)
(26.2669 2.39977 5.09364e-18)
(26.255 2.40451 2.55614e-18)
(26.243 2.40944 7.17336e-18)
(26.2309 2.41459 -6.61483e-18)
(26.2188 2.41995 -9.85686e-18)
(26.2066 2.42554 3.79926e-18)
(26.1943 2.43138 -2.29221e-18)
(26.182 2.43747 -7.26869e-18)
(26.1695 2.44384 -7.08708e-18)
(26.157 2.45049 1.38956e-17)
(26.1444 2.45745 -4.89161e-18)
(26.1317 2.46473 1.89312e-18)
(26.1189 2.47235 -6.80176e-18)
(26.1061 2.48032 1.11518e-17)
(26.0932 2.48867 7.12048e-18)
(26.0803 2.4974 8.54634e-18)
(26.0673 2.50653 2.17761e-17)
(26.0542 2.51608 -1.59559e-17)
(26.0412 2.52607 -9.80465e-18)
(26.0281 2.53651 8.2535e-19)
(26.0151 2.54742 -1.16831e-17)
(26.002 2.55881 -4.72857e-18)
(25.989 2.57067 -2.15301e-17)
(25.9761 2.58306 7.23101e-18)
(25.9633 2.59595 1.02727e-17)
(25.9505 2.60935 -2.37339e-17)
(25.938 2.6233 1.98059e-17)
(25.9254 2.6377 5.69439e-18)
(25.9131 2.65264 -5.87797e-19)
(25.901 2.66805 -3.66999e-18)
(25.8892 2.68396 2.52961e-17)
(25.8777 2.70035 -7.65509e-17)
(25.8665 2.71722 -2.72404e-19)
(25.8557 2.73453 -2.10628e-18)
(25.8454 2.75228 -3.4767e-17)
(25.8354 2.77043 -6.13188e-18)
(25.8258 2.78898 -4.08058e-18)
(25.8166 2.80787 -5.87675e-19)
(25.8077 2.827 -1.55047e-17)
(25.7991 2.84638 1.41503e-18)
(25.7909 2.86597 -1.08624e-16)
(25.7831 2.88573 -1.76038e-18)
(25.7758 2.90559 1.1877e-16)
(25.769 2.92556 -5.32625e-19)
(25.7626 2.94554 1.21921e-16)
(25.7565 2.96545 -9.95754e-18)
(25.7507 2.98527 -9.83136e-17)
(25.7449 3.00488 9.04886e-18)
(25.7392 3.02425 4.9315e-18)
(25.7334 3.04342 3.24215e-17)
(25.7277 3.06197 2.81999e-17)
(25.7225 3.07801 -1.97435e-18)
(25.7173 3.09137 3.78343e-18)
(25.7122 3.10563 -8.9977e-19)
(25.7071 3.12019 -9.10072e-17)
(25.7017 3.13535 -1.34528e-16)
(25.6953 3.15087 1.92217e-16)
(25.6862 3.16588 8.70338e-17)
(25.6722 3.18295 0)
(25.6555 3.19101 -2.51959e-17)
(25.6383 3.22651 2.31705e-16)
(25.652 3.18918 -1.95831e-16)
(25.6762 3.35952 9.09684e-18)
(25.767 3.0601 -7.93394e-19)
(26.5127 2.41457 -1.63036e-19)
(26.5023 2.41596 1.58917e-19)
(26.4916 2.41719 -2.48962e-19)
(26.4804 2.41891 -1.15785e-19)
(26.469 2.42068 -2.4545e-20)
(26.4573 2.42264 -1.1547e-20)
(26.4455 2.42473 -2.13859e-18)
(26.4336 2.42697 9.60092e-19)
(26.4216 2.42935 1.3065e-19)
(26.4095 2.43188 -1.59445e-18)
(26.3974 2.43455 0)
(26.3853 2.43738 -3.28596e-18)
(26.3731 2.44036 -1.60535e-18)
(26.361 2.4435 -7.70543e-21)
(26.3488 2.44679 -3.89445e-18)
(26.3366 2.45027 3.60105e-18)
(26.3244 2.45391 4.00942e-18)
(26.3122 2.45774 -3.29842e-18)
(26.2999 2.46175 -2.71162e-18)
(26.2876 2.46596 -1.70328e-18)
(26.2753 2.47037 -4.66323e-19)
(26.2629 2.47498 7.79472e-18)
(26.2505 2.47981 1.21958e-19)
(26.238 2.48487 3.76622e-18)
(26.2255 2.49017 4.77482e-18)
(26.2128 2.49571 5.81017e-19)
(26.2002 2.50151 -4.29808e-18)
(26.1874 2.50759 -1.74684e-18)
(26.1746 2.51396 -9.13497e-20)
(26.1617 2.52062 1.52023e-18)
(26.1488 2.52761 -5.39733e-19)
(26.1358 2.53492 8.31529e-18)
(26.1227 2.54258 -4.13589e-19)
(26.1096 2.5506 -1.0524e-18)
(26.0965 2.559 1.85119e-17)
(26.0833 2.56778 5.73509e-18)
(26.07 2.57698 -9.92544e-18)
(26.0567 2.5866 7.61963e-18)
(26.0434 2.59667 4.58618e-19)
(26.0302 2.60718 -8.40004e-18)
(26.017 2.61815 -8.0237e-18)
(26.0039 2.62964 7.34839e-18)
(25.9908 2.64163 1.39275e-17)
(25.9775 2.65403 5.21381e-18)
(25.9645 2.66694 5.80347e-17)
(25.9517 2.68034 -5.35933e-19)
(25.939 2.69422 -3.36899e-18)
(25.9266 2.70861 -1.79871e-17)
(25.9144 2.72348 4.83268e-17)
(25.9026 2.73884 4.96198e-19)
(25.891 2.75467 -5.72829e-17)
(25.8798 2.77095 -1.29775e-18)
(25.869 2.78765 -7.20829e-17)
(25.8585 2.80479 3.16501e-18)
(25.8483 2.8223 2.14944e-17)
(25.8383 2.8401 -1.01668e-17)
(25.8287 2.85822 -3.6691e-17)
(25.8194 2.87659 6.3034e-19)
(25.8105 2.89518 -1.73456e-18)
(25.8021 2.91395 -2.43804e-18)
(25.7942 2.93288 -5.30677e-19)
(25.7866 2.95188 -1.16403e-16)
(25.7793 2.9709 3.63784e-17)
(25.7722 2.98991 9.5349e-17)
(25.7652 3.00879 1.42687e-16)
(25.7582 3.02752 5.03152e-18)
(25.7513 3.04612 -8.18796e-17)
(25.7444 3.0642 -2.87459e-17)
(25.7382 3.0799 -4.93335e-17)
(25.7322 3.093 7.71033e-17)
(25.7264 3.10705 -2.34815e-17)
(25.7204 3.12143 8.64761e-17)
(25.7142 3.13646 2.35108e-16)
(25.7068 3.15185 9.93993e-17)
(25.6966 3.16687 -4.10943e-18)
(25.6814 3.18364 0)
(25.6639 3.19249 2.97647e-17)
(25.6469 3.22659 -5.24455e-18)
(25.6624 3.19306 1.8783e-16)
(25.6865 3.3585 7.0826e-17)
(25.7785 3.06557 -8.4342e-19)
(26.5302 2.48488 4.17583e-19)
(26.5232 2.48542 4.46233e-19)
(26.5153 2.48592 -1.42742e-20)
(26.5067 2.4868 -4.27429e-19)
(26.4975 2.48778 2.98486e-20)
(26.4877 2.48893 1.71252e-19)
(26.4775 2.49024 9.37156e-20)
(26.4669 2.4917 6.7743e-21)
(26.456 2.49332 2.93589e-20)
(26.4448 2.49509 4.88759e-20)
(26.4334 2.49703 0)
(26.4218 2.49911 1.267e-19)
(26.4101 2.50136 -1.20268e-19)
(26.3983 2.50376 -6.75482e-21)
(26.3863 2.50633 8.68683e-19)
(26.3743 2.50907 -8.44592e-19)
(26.3622 2.51198 -2.4158e-19)
(26.35 2.51506 9.93116e-20)
(26.3378 2.51833 1.54918e-19)
(26.3255 2.5218 1.02704e-18)
(26.3132 2.52545 1.01332e-18)
(26.3008 2.52932 -3.3604e-19)
(26.2883 2.53339 1.06028e-19)
(26.2758 2.53768 -6.96209e-20)
(26.2632 2.5422 1.01001e-19)
(26.2505 2.54695 -4.83292e-18)
(26.2378 2.55195 4.29237e-19)
(26.2251 2.5572 4.05885e-19)
(26.2123 2.56272 -1.51357e-19)
(26.1994 2.56852 -8.72399e-19)
(26.1864 2.5746 -4.66426e-19)
(26.1734 2.58098 -1.18347e-18)
(26.1603 2.58768 4.19923e-18)
(26.1472 2.5947 -9.12927e-19)
(26.134 2.60206 -1.32685e-19)
(26.1208 2.60978 -4.7282e-18)
(26.1075 2.61786 9.62565e-18)
(26.0941 2.62632 -5.67152e-18)
(26.0807 2.63519 4.03955e-19)
(26.0673 2.64448 8.07812e-18)
(26.054 2.65418 7.23769e-18)
(26.0408 2.66435 -4.79839e-19)
(26.0273 2.67495 6.61208e-19)
(26.0138 2.68598 -7.26591e-18)
(26.0005 2.6975 -2.55792e-17)
(25.9874 2.70947 -4.89018e-19)
(25.9743 2.72192 -3.09151e-18)
(25.9615 2.73486 3.34128e-18)
(25.9489 2.74827 -1.06686e-17)
(25.9365 2.76216 -9.78792e-19)
(25.9244 2.77652 2.97869e-18)
(25.9125 2.79135 2.27565e-17)
(25.901 2.80662 -9.13703e-18)
(25.8898 2.82234 -4.09398e-19)
(25.8787 2.83844 -2.23704e-17)
(25.8679 2.8549 2.96963e-17)
(25.8574 2.87171 3.90394e-17)
(25.8472 2.88882 9.4933e-17)
(25.8373 2.90621 -1.69904e-18)
(25.8279 2.92383 -8.73574e-17)
(25.8189 2.94166 2.20962e-17)
(25.8102 2.95962 2.31705e-18)
(25.8018 2.97768 -5.33287e-17)
(25.7936 2.99578 -1.24276e-16)
(25.7855 3.01385 -1.1051e-16)
(25.7774 3.03186 6.63407e-17)
(25.7694 3.04982 -3.54376e-18)
(25.7613 3.06733 2.49175e-17)
(25.7542 3.08263 -6.24902e-18)
(25.7475 3.09541 1.83893e-19)
(25.7409 3.10919 1.90685e-19)
(25.7342 3.12334 -9.97136e-17)
(25.727 3.13818 -9.69201e-17)
(25.7187 3.15339 -7.69559e-18)
(25.7073 3.16835 -4.34227e-18)
(25.691 3.18476 0)
(25.6727 3.19438 -2.24446e-17)
(25.6562 3.22694 -5.62233e-18)
(25.6733 3.19744 -1.14543e-16)
(25.6975 3.35745 -6.6037e-17)
(25.7904 3.0716 -9.1287e-19)
(26.5284 2.55237 -4.55708e-19)
(26.5256 2.55213 -7.40179e-20)
(26.5216 2.55202 1.20828e-20)
(26.5165 2.55227 3.82502e-19)
(26.5104 2.55262 -6.6363e-20)
(26.5035 2.55314 -1.8008e-19)
(26.4959 2.55381 7.93721e-20)
(26.4875 2.55464 5.76558e-21)
(26.4786 2.55563 2.04074e-19)
(26.4691 2.55679 1.16987e-18)
(26.4592 2.55809 0)
(26.4489 2.55956 7.71827e-19)
(26.4383 2.56118 -1.10136e-18)
(26.4274 2.56296 -8.40834e-19)
(26.4162 2.5649 1.37255e-18)
(26.4048 2.567 4.72604e-19)
(26.3933 2.56925 -2.12582e-19)
(26.3816 2.57168 2.34478e-18)
(26.3697 2.57427 2.03884e-18)
(26.3577 2.57705 -1.26828e-18)
(26.3456 2.58 -3.33363e-19)
(26.3334 2.58316 -5.72102e-18)
(26.3211 2.5865 9.4346e-20)
(26.3087 2.59006 -1.63491e-18)
(26.2962 2.59382 8.99644e-20)
(26.2837 2.59781 4.74143e-19)
(26.2711 2.60202 -2.50486e-19)
(26.2584 2.60648 3.61471e-19)
(26.2456 2.61118 -6.66414e-23)
(26.2328 2.61613 1.1479e-18)
(26.2199 2.62135 -4.14995e-19)
(26.2069 2.62685 -1.05282e-18)
(26.1939 2.63263 -4.75209e-18)
(26.1808 2.63871 -8.12244e-19)
(26.1676 2.64509 -1.18094e-19)
(26.1543 2.6518 9.47484e-19)
(26.141 2.65883 -7.5953e-18)
(26.1277 2.6662 5.86303e-18)
(26.1143 2.67396 3.6117e-19)
(26.1009 2.6821 -1.42744e-17)
(26.0875 2.69062 6.41812e-18)
(26.0741 2.69956 -5.95523e-18)
(26.0605 2.70887 5.97084e-19)
(26.0469 2.71863 -2.92658e-17)
(26.0335 2.72884 5.18537e-18)
(26.0201 2.73948 -4.45617e-19)
(26.0068 2.7506 -2.82843e-18)
(25.9937 2.76217 1.83572e-17)
(25.9808 2.7742 1.03112e-17)
(25.968 2.78669 3.82096e-19)
(25.9555 2.79964 4.73689e-17)
(25.9432 2.81306 -3.72462e-18)
(25.9311 2.82693 1.87073e-17)
(25.9193 2.84125 1.46433e-17)
(25.9076 2.85596 6.69238e-18)
(25.8961 2.87107 3.12046e-17)
(25.8848 2.88657 1.87856e-17)
(25.8738 2.9024 -1.06584e-16)
(25.8632 2.91857 7.44717e-17)
(25.8529 2.935 1.20055e-16)
(25.843 2.9517 -2.14385e-17)
(25.8334 2.96858 1.10479e-16)
(25.824 2.98562 -2.95484e-17)
(25.8148 3.00277 -2.57177e-17)
(25.8056 3.01996 2.60149e-16)
(25.7965 3.03718 1.24408e-18)
(25.7874 3.05442 -1.55449e-17)
(25.7783 3.0713 -1.9022e-18)
(25.7704 3.08613 -5.21319e-17)
(25.763 3.09856 1.8903e-19)
(25.7557 3.11202 -4.16686e-17)
(25.7482 3.12589 9.06987e-17)
(25.7403 3.1405 8.35148e-17)
(25.7309 3.15546 -2.35064e-17)
(25.7184 3.1703 -4.57104e-18)
(25.701 3.18631 0)
(25.682 3.19669 2.72333e-16)
(25.666 3.22756 -9.30442e-17)
(25.685 3.20241 1.05694e-16)
(25.7091 3.35629 2.32133e-18)
(25.8027 3.07823 -3.98536e-16)
(26.5086 2.6176 3.19987e-19)
(26.5105 2.61699 -5.98736e-20)
(26.5109 2.61663 9.76597e-21)
(26.5099 2.61661 -3.20184e-19)
(26.5077 2.61667 2.3918e-20)
(26.5043 2.61689 1.28671e-19)
(26.4999 2.61723 6.41206e-20)
(26.4946 2.6177 4.66222e-21)
(26.4884 2.6183 5.20433e-21)
(26.4814 2.61903 -6.32481e-20)
(26.4737 2.6199 0)
(26.4654 2.62089 -5.40422e-19)
(26.4566 2.62203 8.63699e-19)
(26.4473 2.6233 1.11416e-18)
(26.4375 2.6247 4.48026e-19)
(26.4273 2.62624 -6.19381e-19)
(26.4169 2.62792 -1.76531e-19)
(26.4061 2.62975 -1.49742e-19)
(26.395 2.63172 -7.52357e-20)
(26.3838 2.63385 7.53133e-19)
(26.3723 2.63613 7.51099e-19)
(26.3606 2.63859 3.0466e-19)
(26.3488 2.64122 2.29287e-18)
(26.3368 2.64403 1.4612e-18)
(26.3247 2.64703 7.78431e-20)
(26.3125 2.65024 2.60791e-18)
(26.3001 2.65364 -5.50418e-18)
(26.2877 2.65728 1.93862e-18)
(26.2751 2.66113 2.33087e-18)
(26.2625 2.66523 4.73221e-18)
(26.2498 2.66956 -6.92407e-18)
(26.2369 2.67415 -1.13174e-17)
(26.224 2.67899 -1.88283e-18)
(26.211 2.68412 -3.91617e-18)
(26.198 2.68951 5.31674e-18)
(26.1848 2.69521 6.96219e-18)
(26.1716 2.7012 5.57011e-18)
(26.1583 2.70751 -2.39142e-18)
(26.1449 2.71416 1.71326e-18)
(26.1316 2.72117 1.38416e-17)
(26.1182 2.72852 -7.43077e-18)
(26.1047 2.73625 8.62886e-18)
(26.091 2.74434 -2.43842e-18)
(26.0774 2.75285 2.6957e-17)
(26.0639 2.76179 1.97763e-17)
(26.0505 2.77115 2.5582e-17)
(26.0371 2.78094 -8.32142e-19)
(26.0238 2.79117 2.81105e-17)
(26.0107 2.80184 1.58287e-17)
(25.9977 2.81296 1.48791e-17)
(25.9848 2.82453 -1.2364e-17)
(25.9722 2.83656 -3.91939e-17)
(25.9597 2.84903 3.85099e-17)
(25.9474 2.86195 -1.73921e-18)
(25.9352 2.87528 -4.9781e-17)
(25.9231 2.88903 -4.90753e-17)
(25.9112 2.9032 -2.65919e-19)
(25.8996 2.91773 -9.93369e-18)
(25.8883 2.93263 -1.17998e-16)
(25.8773 2.94785 -5.40325e-18)
(25.8666 2.96336 -6.29922e-19)
(25.8562 2.97911 -1.84644e-17)
(25.8459 2.99507 2.58343e-17)
(25.8357 3.01121 9.64414e-18)
(25.8256 3.02745 -9.50405e-18)
(25.8156 3.0438 -2.3651e-18)
(25.8056 3.06025 1.82886e-17)
(25.7955 3.0764 6.39419e-17)
(25.7867 3.0907 4.30921e-18)
(25.7787 3.10271 1.94253e-19)
(25.7707 3.1158 3.86063e-17)
(25.7625 3.12933 -3.43841e-18)
(25.7538 3.14362 -6.85518e-18)
(25.7435 3.15828 -7.52564e-18)
(25.7298 3.17294 -4.79721e-18)
(25.7113 3.18847 0)
(25.6917 3.19961 -2.40832e-16)
(25.6764 3.22859 9.8185e-17)
(25.6975 3.20824 -6.36198e-17)
(25.7208 3.35494 -3.84503e-18)
(25.8163 3.0857 3.16873e-16)
(26.4682 2.69433 -1.24526e-20)
(26.4752 2.69356 -1.182e-19)
(26.4807 2.69294 -9.41599e-20)
(26.4846 2.69255 6.67097e-20)
(26.4871 2.69219 -6.12182e-20)
(26.4882 2.69194 1.15313e-19)
(26.488 2.69178 7.65099e-19)
(26.4867 2.69172 9.99337e-20)
(26.4842 2.69176 2.88374e-19)
(26.4807 2.69192 -9.68568e-20)
(26.4762 2.69219 0)
(26.4708 2.69258 4.1937e-19)
(26.4647 2.69309 -9.90871e-19)
(26.4578 2.69373 6.56283e-21)
(26.4503 2.69448 -1.43051e-18)
(26.4421 2.69536 -9.02976e-19)
(26.4335 2.69637 -1.08563e-18)
(26.4244 2.6975 -8.67143e-19)
(26.4148 2.69876 -3.50897e-19)
(26.4049 2.70014 -1.94572e-18)
(26.3946 2.70167 2.7266e-18)
(26.384 2.70334 1.40732e-18)
(26.3732 2.70515 -2.7436e-19)
(26.3621 2.70712 -2.43638e-19)
(26.3508 2.70925 7.96099e-19)
(26.3393 2.71155 8.3508e-19)
(26.3276 2.71402 2.52811e-18)
(26.3157 2.71669 1.82722e-18)
(26.3037 2.71957 -2.86097e-18)
(26.2916 2.72264 -4.28662e-18)
(26.2793 2.72593 1.98485e-18)
(26.2669 2.72946 1.30858e-18)
(26.2544 2.73321 8.12498e-19)
(26.2417 2.7372 -6.82537e-18)
(26.229 2.74144 -6.36605e-18)
(26.2161 2.74596 -1.27218e-18)
(26.2032 2.75074 4.69872e-18)
(26.1902 2.75581 2.85002e-18)
(26.1771 2.76118 -6.9718e-18)
(26.164 2.76688 -9.97505e-18)
(26.1507 2.77288 8.42074e-19)
(26.1373 2.77923 -1.40674e-17)
(26.1238 2.78593 6.44545e-18)
(26.1103 2.79301 -1.29917e-17)
(26.0969 2.80048 1.20328e-17)
(26.0835 2.80835 -3.95983e-17)
(26.0701 2.81662 -2.92522e-19)
(26.0568 2.82531 3.72041e-18)
(26.0436 2.83442 -3.29687e-17)
(26.0305 2.84395 -1.5408e-17)
(26.0175 2.85394 -2.55614e-17)
(26.0046 2.86435 -6.49074e-18)
(25.9918 2.8752 -4.75578e-17)
(25.979 2.8865 -3.78153e-17)
(25.9663 2.89821 4.56572e-17)
(25.9537 2.91037 3.41966e-17)
(25.9413 2.92295 -1.71357e-17)
(25.929 2.93595 6.12544e-17)
(25.917 2.94934 8.74458e-17)
(25.9053 2.9631 -1.22709e-17)
(25.8938 2.97721 2.9181e-17)
(25.8825 2.99161 -9.86629e-17)
(25.8713 3.00628 -5.05622e-17)
(25.8601 3.02119 1.03778e-16)
(25.849 3.03629 -2.16867e-16)
(25.8379 3.05159 -2.90755e-17)
(25.8268 3.06705 1.10848e-16)
(25.8156 3.08232 -9.77646e-17)
(25.8058 3.09598 4.13248e-17)
(25.7971 3.10747 1.03403e-17)
(25.7884 3.1201 -4.59269e-18)
(25.7793 3.13321 -1.24319e-16)
(25.7697 3.14712 -1.4207e-16)
(25.7581 3.16142 -9.03343e-17)
(25.7431 3.17585 -6.2428e-17)
(25.7233 3.19083 0)
(25.7031 3.20294 2.10534e-16)
(25.6888 3.22952 -1.37522e-16)
(25.7118 3.21517 -1.62755e-16)
(25.7347 3.35302 1.14992e-16)
(25.8292 3.09336 1.15101e-16)
(26.3993 2.77694 -1.23938e-19)
(26.4117 2.77588 -2.43326e-19)
(26.4225 2.77501 3.06172e-19)
(26.4318 2.77432 -2.62884e-20)
(26.4397 2.77364 -4.58993e-20)
(26.4461 2.77303 -2.98523e-19)
(26.4512 2.77246 -2.20095e-19)
(26.4549 2.77197 1.18837e-19)
(26.4572 2.77154 -2.63829e-19)
(26.4584 2.77119 -4.42174e-19)
(26.4583 2.77092 0)
(26.4572 2.77075 2.92789e-19)
(26.455 2.77068 3.60711e-19)
(26.4519 2.77071 1.38357e-19)
(26.4478 2.77084 1.33307e-19)
(26.4429 2.7711 4.59031e-19)
(26.4372 2.77146 -3.07636e-19)
(26.4309 2.77194 -3.23768e-19)
(26.4239 2.77253 7.54938e-20)
(26.4163 2.77324 8.73601e-19)
(26.4082 2.77408 -2.17342e-18)
(26.3996 2.77504 -6.45596e-19)
(26.3905 2.77611 1.6648e-19)
(26.3811 2.77733 -4.0293e-19)
(26.3713 2.77868 -1.59919e-18)
(26.3612 2.78016 -1.26078e-18)
(26.3508 2.7818 -1.53285e-18)
(26.3401 2.78359 6.59891e-19)
(26.3292 2.78554 -1.77994e-18)
(26.318 2.78768 1.58517e-18)
(26.3067 2.78999 1.48186e-18)
(26.2951 2.79249 8.71836e-19)
(26.2834 2.79519 -5.65006e-19)
(26.2714 2.79808 1.02978e-18)
(26.2594 2.80119 -5.69351e-19)
(26.2472 2.80453 -3.15096e-18)
(26.2348 2.8081 -5.89022e-18)
(26.2224 2.81191 -4.06749e-18)
(26.2098 2.81597 9.22694e-18)
(26.197 2.82031 1.4934e-17)
(26.1841 2.82491 -8.50441e-18)
(26.171 2.82981 9.01678e-18)
(26.1579 2.83503 9.06664e-19)
(26.1448 2.84058 6.46968e-18)
(26.1316 2.84648 -1.44229e-17)
(26.1185 2.85273 2.13578e-17)
(26.1053 2.85935 -7.81128e-18)
(26.0921 2.86635 1.53396e-18)
(26.0789 2.87375 3.12848e-17)
(26.0658 2.88152 -1.04623e-17)
(26.0527 2.88973 5.44022e-18)
(26.0396 2.89833 2.47682e-17)
(26.0266 2.90735 -2.32329e-17)
(26.0135 2.91679 4.05131e-17)
(26.0004 2.92666 -2.61317e-17)
(25.9874 2.93697 1.01408e-17)
(25.9744 2.94772 4.40099e-17)
(25.9616 2.95892 -4.7119e-17)
(25.949 2.97054 -6.24641e-17)
(25.9365 2.98258 -3.32949e-17)
(25.9242 2.995 -8.65171e-17)
(25.912 3.00778 4.22651e-17)
(25.8998 3.02089 2.09136e-17)
(25.8876 3.03431 -5.05931e-18)
(25.8754 3.048 1.05707e-16)
(25.8632 3.06199 -8.1853e-18)
(25.8509 3.07622 -1.65394e-16)
(25.8386 3.09038 8.62891e-17)
(25.8277 3.10321 5.71649e-17)
(25.8182 3.11404 -2.98315e-18)
(25.8087 3.12605 3.38059e-17)
(25.7987 3.13859 -2.16159e-18)
(25.7879 3.15197 2.63077e-17)
(25.775 3.16578 -3.92412e-17)
(25.7583 3.17985 -1.34549e-18)
(25.7371 3.19422 0)
(25.7163 3.20725 -1.92848e-16)
(25.7035 3.23135 1.46996e-16)
(25.7272 3.22326 3.32311e-17)
(25.7524 3.3521 -1.09363e-16)
(25.8384 3.10227 7.59376e-17)
(26.3222 2.85091 7.51599e-20)
(26.3384 2.84987 8.49524e-21)
(26.3532 2.8489 -1.51893e-19)
(26.3667 2.84812 -4.21776e-20)
(26.379 2.8473 -2.53035e-20)
(26.3899 2.84652 -2.12885e-20)
(26.3994 2.84574 -3.99191e-20)
(26.4076 2.84499 -1.63827e-19)
(26.4145 2.84428 1.51913e-19)
(26.4201 2.84359 3.65663e-19)
(26.4244 2.84296 0)
(26.4275 2.84239 -5.31037e-20)
(26.4294 2.84188 2.00119e-19)
(26.4302 2.84144 -1.44615e-19)
(26.4299 2.84108 4.93483e-19)
(26.4286 2.84082 -6.27192e-19)
(26.4263 2.84063 5.20104e-19)
(26.4231 2.84056 -9.78465e-20)
(26.4191 2.84057 4.46091e-20)
(26.4143 2.84069 -2.68059e-19)
(26.4088 2.84092 1.16908e-18)
(26.4026 2.84126 1.11184e-18)
(26.3958 2.84171 4.95789e-20)
(26.3885 2.84228 4.37232e-19)
(26.3806 2.84295 1.51763e-18)
(26.3723 2.84375 1.25582e-18)
(26.3635 2.84467 8.55171e-19)
(26.3544 2.84573 -2.99206e-18)
(26.3449 2.84692 3.01287e-18)
(26.335 2.84826 1.23345e-18)
(26.3248 2.84976 -2.58991e-18)
(26.3144 2.85141 1.42803e-19)
(26.3037 2.85324 -1.08826e-18)
(26.2927 2.85523 3.6365e-18)
(26.2815 2.85741 2.33782e-18)
(26.2702 2.85978 -3.49275e-19)
(26.2586 2.86235 -3.78127e-19)
(26.2469 2.86511 1.92681e-18)
(26.2349 2.8681 6.59686e-20)
(26.2227 2.87129 -5.18615e-18)
(26.2104 2.87473 3.5156e-18)
(26.1979 2.87842 2.33571e-18)
(26.1854 2.88238 -4.89679e-18)
(26.1728 2.88664 -1.71622e-18)
(26.16 2.89119 -2.39626e-18)
(26.1473 2.89605 -1.16377e-18)
(26.1344 2.90125 -4.80162e-18)
(26.1216 2.90678 -5.45187e-18)
(26.1087 2.91267 -1.83745e-17)
(26.0958 2.91891 1.664e-17)
(26.0828 2.92552 2.42051e-17)
(26.0698 2.93251 -2.40394e-17)
(26.0568 2.93987 2.8447e-17)
(26.0436 2.94764 -1.93121e-17)
(26.0304 2.95581 2.12939e-17)
(26.0172 2.96441 -3.54244e-17)
(26.004 2.97346 -2.86607e-17)
(25.991 2.98295 2.8302e-17)
(25.978 2.9929 1.00593e-17)
(25.9651 3.00328 -1.27356e-17)
(25.9523 3.01408 8.45223e-17)
(25.9395 3.02528 -4.65077e-18)
(25.9266 3.03686 7.51331e-18)
(25.9136 3.0488 2.22223e-17)
(25.9006 3.06109 6.75497e-19)
(25.8876 3.07376 8.72465e-17)
(25.8744 3.08673 1.35136e-16)
(25.861 3.09975 -6.76803e-17)
(25.8493 3.11171 -4.7346e-18)
(25.8392 3.12182 -1.20514e-17)
(25.8289 3.13315 7.26952e-18)
(25.8182 3.14506 7.70383e-18)
(25.8063 3.15786 3.6057e-17)
(25.7921 3.17112 3.71856e-17)
(25.7738 3.18473 -2.33472e-17)
(25.7515 3.19853 0)
(25.7302 3.21233 -4.11044e-17)
(25.7194 3.23436 -1.48759e-16)
(25.7435 3.232 7.84214e-17)
(25.7714 3.35288 1.48798e-16)
(25.8464 3.11305 -7.36879e-17)
(26.2425 2.92024 -6.70088e-20)
(26.2235 2.92166 7.69894e-20)
(26.2607 2.91949 -1.10088e-21)
(26.2782 2.9184 -7.44114e-21)
(26.2945 2.91756 7.41694e-20)
(26.3099 2.91663 6.71373e-20)
(26.3241 2.9157 8.57538e-20)
(26.3371 2.91476 7.54941e-20)
(26.349 2.91381 -1.07214e-19)
(26.3596 2.91288 -1.09705e-19)
(26.3691 2.91194 -2.78931e-19)
(26.3773 2.91103 0)
(26.3842 2.91014 -7.43175e-21)
(26.39 2.90928 -2.82461e-19)
(26.3945 2.90845 -3.98299e-19)
(26.3979 2.90768 -4.24784e-19)
(26.4002 2.90697 4.03566e-19)
(26.4015 2.90631 -2.22334e-19)
(26.4016 2.90573 4.24623e-19)
(26.4009 2.90522 1.12052e-20)
(26.3991 2.9048 2.50966e-20)
(26.3965 2.90447 -4.95953e-19)
(26.3931 2.90422 -3.16929e-19)
(26.3889 2.90407 -1.05934e-18)
(26.384 2.90402 -4.31296e-20)
(26.3785 2.90406 -6.58522e-21)
(26.3723 2.90421 7.22176e-19)
(26.3655 2.90446 5.75725e-19)
(26.3582 2.90482 6.14151e-19)
(26.3504 2.9053 -1.2921e-18)
(26.3422 2.9059 -2.16199e-19)
(26.3335 2.90664 1.97283e-18)
(26.3245 2.9075 -1.30893e-18)
(26.3151 2.90851 -2.20531e-19)
(26.3054 2.90966 -4.18355e-19)
(26.2953 2.91098 3.1627e-19)
(26.285 2.91246 1.42816e-18)
(26.2744 2.9141 7.51467e-19)
(26.2636 2.91591 8.13059e-19)
(26.2525 2.9179 -1.02688e-18)
(26.2411 2.92008 2.2143e-19)
(26.2296 2.92247 1.25527e-18)
(26.2179 2.92508 -3.3803e-18)
(26.206 2.92793 5.46024e-18)
(26.1941 2.93102 1.14639e-18)
(26.182 2.93437 2.77808e-18)
(26.1698 2.938 -2.22347e-18)
(26.1575 2.94192 -7.64797e-18)
(26.1451 2.94615 -8.52805e-18)
(26.1327 2.95068 5.50017e-18)
(26.1202 2.95554 -6.54146e-18)
(26.1076 2.96072 -1.3862e-17)
(26.0949 2.96625 6.25162e-18)
(26.082 2.97212 -5.41684e-18)
(26.0691 2.97837 3.16197e-18)
(26.056 2.985 -1.83952e-17)
(26.0429 2.99204 3.282e-17)
(26.0298 2.99952 -7.30656e-18)
(26.0167 3.00744 -1.60536e-17)
(26.0037 3.01581 -2.42144e-17)
(25.9906 3.02464 -3.19853e-19)
(25.9776 3.0339 -2.19601e-17)
(25.9644 3.0436 7.04501e-18)
(25.9512 3.05372 -3.01135e-17)
(25.9378 3.06424 -2.62055e-17)
(25.9242 3.07518 7.47209e-18)
(25.9106 3.08655 -2.67614e-17)
(25.8967 3.09829 -6.41557e-17)
(25.8827 3.11018 3.32685e-17)
(25.8704 3.12124 -3.78432e-17)
(25.8598 3.13063 8.02873e-18)
(25.849 3.14126 -4.14181e-17)
(25.8376 3.15252 1.2556e-17)
(25.8248 3.16468 -5.5116e-17)
(25.8093 3.17736 -4.36794e-17)
(25.7896 3.19046 2.11958e-17)
(25.7663 3.20378 0)
(25.745 3.21825 5.53632e-17)
(25.7364 3.23862 -3.82678e-17)
(25.7611 3.24166 1.07127e-16)
(25.7912 3.35527 -8.26831e-17)
(25.8553 3.12621 -9.04676e-17)
(26.1645 2.98359 -1.16124e-19)
(26.1451 2.98505 -1.43805e-19)
(26.1836 2.98268 2.39257e-20)
(26.2023 2.98155 1.08697e-20)
(26.2202 2.98062 2.97538e-20)
(26.2373 2.97961 2.4321e-20)
(26.2537 2.9786 5.77583e-20)
(26.2691 2.97755 -2.41065e-21)
(26.2836 2.9765 9.96926e-20)
(26.297 2.97543 -1.71778e-20)
(26.3094 2.97434 8.53347e-21)
(26.3207 2.97325 0)
(26.3309 2.97216 3.2757e-20)
(26.3399 2.97107 1.86683e-19)
(26.3478 2.96999 1.18578e-19)
(26.3546 2.96894 9.17684e-20)
(26.3603 2.96791 3.32693e-20)
(26.3648 2.96691 -5.92677e-20)
(26.3683 2.96596 -2.25439e-19)
(26.3707 2.96505 -1.77408e-20)
(26.3721 2.96421 9.22257e-20)
(26.3725 2.96342 -1.43013e-19)
(26.372 2.9627 2.75989e-20)
(26.3706 2.96206 -4.67695e-20)
(26.3683 2.96149 -2.15577e-19)
(26.3653 2.96101 -2.33105e-19)
(26.3615 2.9606 -6.46715e-19)
(26.357 2.96029 -3.81225e-19)
(26.3519 2.96006 1.06888e-18)
(26.3461 2.95993 3.25037e-19)
(26.3398 2.9599 -1.0071e-18)
(26.3329 2.95998 -5.34457e-19)
(26.3256 2.96017 1.42642e-18)
(26.3178 2.96047 -3.34592e-19)
(26.3095 2.9609 5.61765e-19)
(26.3009 2.96146 -5.9538e-19)
(26.2919 2.96216 -5.17469e-19)
(26.2825 2.96299 2.13294e-18)
(26.2728 2.96397 3.99198e-19)
(26.2628 2.9651 -1.50642e-18)
(26.2524 2.96638 -1.61454e-18)
(26.2419 2.96785 1.63695e-18)
(26.2312 2.9695 9.16239e-19)
(26.2202 2.97134 -2.34096e-18)
(26.2091 2.97339 3.68019e-18)
(26.1979 2.97567 -3.70696e-18)
(26.1864 2.97819 -2.25838e-18)
(26.1749 2.98097 -8.03802e-19)
(26.1632 2.98401 1.77465e-19)
(26.1514 2.98733 -1.95119e-18)
(26.1395 2.99094 -7.14155e-18)
(26.1274 2.99485 1.07399e-17)
(26.1151 2.99906 -4.99366e-18)
(26.1027 3.00359 -2.75663e-18)
(26.0901 3.00846 -7.95136e-18)
(26.0774 3.0137 5.6578e-18)
(26.0647 3.01932 -1.45253e-17)
(26.0519 3.02536 4.46365e-18)
(26.039 3.03183 9.08022e-18)
(26.0261 3.03875 1.71188e-17)
(26.0132 3.04613 -3.09631e-19)
(26.0001 3.05396 -7.45163e-18)
(25.9869 3.06225 -2.5481e-18)
(25.9735 3.071 2.41811e-17)
(25.9599 3.08019 3.9134e-17)
(25.9462 3.08984 -8.68897e-18)
(25.9322 3.09999 -5.05002e-19)
(25.9179 3.11055 -7.28466e-18)
(25.9034 3.12135 -3.98843e-17)
(25.8907 3.13155 1.58919e-17)
(25.88 3.14023 -1.0835e-18)
(25.8688 3.15017 3.48252e-18)
(25.8568 3.16076 6.23648e-17)
(25.8432 3.17228 2.81756e-17)
(25.8265 3.18437 1.83379e-17)
(25.8056 3.19696 2.33919e-17)
(25.7816 3.20989 0)
(25.7607 3.22497 5.68039e-17)
(25.7546 3.24414 -2.66666e-18)
(25.7804 3.25232 -2.7652e-17)
(25.8121 3.35917 -3.80687e-17)
(25.8651 3.14207 -7.64285e-17)
(26.0938 3.04051 -1.83942e-20)
(26.0752 3.04127 3.70121e-21)
(26.1125 3.04002 -9.20852e-20)
(26.1311 3.03911 3.582e-20)
(26.1492 3.03836 5.4442e-21)
(26.167 3.03747 -7.00608e-20)
(26.1842 3.03654 -8.49966e-20)
(26.2007 3.03555 -6.91435e-20)
(26.2166 3.03452 -4.28973e-20)
(26.2318 3.03344 2.52829e-20)
(26.2461 3.03233 2.21035e-20)
(26.2596 3.03118 0)
(26.2721 3.03001 -1.10428e-19)
(26.2836 3.02881 -4.03741e-20)
(26.2942 3.02759 1.6032e-19)
(26.3037 3.02635 4.83259e-20)
(26.3121 3.0251 1.30094e-19)
(26.3196 3.02386 1.45247e-19)
(26.3259 3.02262 5.96486e-20)
(26.3312 3.02141 -1.62147e-19)
(26.3355 3.02021 -8.36409e-20)
(26.3388 3.01904 1.78292e-19)
(26.3411 3.01791 1.15935e-19)
(26.3425 3.01683 1.75615e-19)
(26.3429 3.0158 1.27764e-20)
(26.3425 3.01482 -1.05512e-19)
(26.3412 3.01389 -3.92995e-19)
(26.3391 3.01303 3.3534e-19)
(26.3363 3.01223 -4.3818e-19)
(26.3327 3.01151 2.00775e-19)
(26.3285 3.01087 -4.36954e-21)
(26.3236 3.01031 4.70169e-19)
(26.3182 3.00984 -4.4604e-19)
(26.3121 3.00946 7.86975e-19)
(26.3056 3.00919 -1.92222e-19)
(26.2986 3.00903 -2.94763e-19)
(26.2911 3.00898 4.80014e-19)
(26.2831 3.00904 -2.53634e-19)
(26.2748 3.00923 6.87652e-19)
(26.2661 3.00955 7.8452e-19)
(26.2571 3.01001 8.89455e-19)
(26.2477 3.01062 -2.85393e-19)
(26.2381 3.01138 -7.67145e-19)
(26.2283 3.01231 -5.47868e-19)
(26.2182 3.01342 -2.32434e-18)
(26.208 3.01473 4.46797e-18)
(26.1975 3.01625 -1.58389e-18)
(26.1869 3.01799 5.31215e-19)
(26.176 3.01997 -1.47463e-18)
(26.1651 3.0222 4.26559e-19)
(26.1539 3.02468 8.67128e-18)
(26.1425 3.02743 -4.26597e-18)
(26.1309 3.03045 1.2335e-18)
(26.1191 3.03377 7.31924e-18)
(26.1072 3.0374 6.44652e-18)
(26.0951 3.04138 6.43243e-19)
(26.0828 3.04571 3.57275e-18)
(26.0705 3.05045 3.10294e-18)
(26.0581 3.0556 -9.45152e-18)
(26.0457 3.0612 -4.4645e-18)
(26.033 3.06725 -6.8851e-19)
(26.0202 3.07377 3.9923e-18)
(26.0072 3.08076 5.21321e-19)
(25.9939 3.08824 9.92775e-18)
(25.9804 3.09621 -2.36484e-17)
(25.9666 3.10468 -1.2769e-18)
(25.9526 3.11369 -1.06502e-17)
(25.9382 3.12316 1.56182e-17)
(25.9234 3.13296 -1.19742e-17)
(25.9106 3.14234 -9.74549e-18)
(25.8998 3.15035 -3.25728e-18)
(25.8884 3.15964 -6.23723e-18)
(25.876 3.16959 6.28228e-18)
(25.8617 3.18049 5.15865e-19)
(25.844 3.19202 -8.26118e-18)
(25.822 3.20411 -6.1836e-17)
(25.7977 3.21679 0)
(25.7779 3.23246 -1.88393e-17)
(25.7747 3.25085 2.70774e-17)
(25.8018 3.26397 -7.35765e-17)
(25.8347 3.36464 5.29168e-17)
(25.8764 3.16114 1.63354e-16)
(26.0315 3.09088 -3.10397e-20)
(26.0144 3.09185 1.84043e-20)
(26.0489 3.09018 1.83819e-20)
(26.0664 3.08938 -2.95702e-20)
(26.0838 3.08868 2.22475e-20)
(26.101 3.08789 -6.19342e-21)
(26.1179 3.08705 1.15605e-20)
(26.1346 3.08615 -1.36735e-20)
(26.1508 3.0852 5.43472e-20)
(26.1666 3.08419 5.09523e-21)
(26.1818 3.08313 8.6841e-21)
(26.1964 3.08202 0)
(26.2103 3.08087 -2.39999e-21)
(26.2235 3.07967 -9.62951e-21)
(26.2358 3.07843 -8.80331e-20)
(26.2473 3.07715 -4.59754e-21)
(26.2579 3.07583 -7.37902e-20)
(26.2676 3.07449 -7.66044e-20)
(26.2763 3.07313 1.03455e-19)
(26.2841 3.07175 -3.09087e-20)
(26.2909 3.07036 2.78168e-20)
(26.2968 3.06897 1.08985e-20)
(26.3017 3.06759 7.10912e-20)
(26.3056 3.06622 4.26036e-20)
(26.3086 3.06488 1.21732e-19)
(26.3107 3.06356 1.5167e-19)
(26.312 3.06226 2.89537e-19)
(26.3123 3.06101 1.13893e-19)
(26.3119 3.05979 7.4493e-20)
(26.3106 3.05862 5.67496e-20)
(26.3087 3.05749 6.93755e-20)
(26.306 3.05642 -1.44109e-19)
(26.3026 3.05542 1.35607e-19)
(26.2986 3.05448 9.27204e-20)
(26.294 3.05361 -2.17013e-19)
(26.2888 3.05283 3.58915e-19)
(26.283 3.05213 -1.94063e-20)
(26.2767 3.05152 1.34515e-19)
(26.27 3.05101 2.35733e-19)
(26.2629 3.05061 2.10023e-19)
(26.2553 3.05032 1.27695e-19)
(26.2474 3.05015 -2.02882e-20)
(26.2392 3.05011 -1.97736e-21)
(26.2307 3.05021 1.61682e-18)
(26.2218 3.05047 -6.7068e-20)
(26.2128 3.05089 -2.03054e-18)
(26.2034 3.05149 9.40019e-19)
(26.1939 3.05229 4.81499e-19)
(26.1841 3.0533 -2.3129e-18)
(26.1741 3.05453 2.59894e-18)
(26.1638 3.05599 -1.61798e-18)
(26.1533 3.0577 -1.31504e-18)
(26.1426 3.05967 4.64221e-18)
(26.1316 3.06191 -4.5269e-20)
(26.1204 3.06445 2.18752e-19)
(26.1091 3.0673 4.97953e-18)
(26.0976 3.07051 -9.23777e-19)
(26.086 3.07409 -4.94646e-18)
(26.0743 3.07807 3.63229e-18)
(26.0624 3.08249 -2.17436e-18)
(26.0503 3.08736 3.5332e-18)
(26.0379 3.0927 -9.89123e-18)
(26.0253 3.09854 -1.89958e-19)
(26.0123 3.10489 1.13862e-18)
(25.9991 3.11176 -5.03104e-19)
(25.9856 3.11918 -7.99908e-18)
(25.9716 3.12717 9.01586e-18)
(25.9573 3.13566 -8.5679e-19)
(25.9426 3.14456 4.79612e-18)
(25.9298 3.15322 -5.51042e-18)
(25.9191 3.16065 4.81927e-18)
(25.9077 3.16934 2.08933e-17)
(25.895 3.17871 -8.65796e-19)
(25.8801 3.18902 1.32332e-17)
(25.8615 3.19999 1.29737e-17)
(25.8387 3.21162 7.81129e-18)
(25.8144 3.22414 0)
(25.7963 3.24042 -1.36636e-17)
(25.7964 3.2585 7.6089e-18)
(25.8252 3.27627 5.04705e-17)
(25.859 3.37146 -1.8409e-17)
(25.8894 3.18402 -5.25368e-17)
(25.9839 3.12871 -1.86024e-20)
(25.9687 3.12938 1.89729e-20)
(25.9994 3.12827 -1.21298e-20)
(26.0152 3.12765 2.90542e-21)
(26.031 3.12713 -8.05008e-21)
(26.0469 3.12653 -2.38536e-21)
(26.0627 3.12588 4.86493e-21)
(26.0784 3.12518 -6.55284e-21)
(26.0939 3.12441 -1.48756e-20)
(26.1092 3.12359 -2.29268e-20)
(26.1242 3.1227 6.43075e-21)
(26.1387 3.12177 0)
(26.1529 3.12078 1.35707e-20)
(26.1665 3.11973 -2.26113e-22)
(26.1795 3.11864 -1.72051e-21)
(26.1919 3.11749 -1.15376e-20)
(26.2036 3.1163 3.10351e-20)
(26.2145 3.11506 -5.77415e-21)
(26.2247 3.11378 -2.16621e-20)
(26.2341 3.11246 2.12267e-20)
(26.2426 3.1111 -3.39215e-20)
(26.2503 3.10972 -6.17599e-21)
(26.2571 3.10832 -2.94951e-20)
(26.263 3.10691 -4.0563e-20)
(26.268 3.10549 -7.11934e-21)
(26.2722 3.10407 -7.19367e-20)
(26.2755 3.10265 1.2579e-20)
(26.278 3.10124 1.52931e-20)
(26.2797 3.09985 -6.99875e-20)
(26.2805 3.09848 8.89831e-21)
(26.2806 3.09712 -6.55657e-20)
(26.28 3.0958 3.83539e-20)
(26.2786 3.09452 -7.37464e-21)
(26.2765 3.09327 1.06223e-20)
(26.2738 3.09206 2.82435e-20)
(26.2705 3.09091 -1.92825e-19)
(26.2666 3.08981 -2.09651e-19)
(26.2621 3.08877 -6.17356e-20)
(26.2571 3.08779 -1.33745e-19)
(26.2516 3.0869 1.82759e-20)
(26.2458 3.08608 -6.12039e-20)
(26.2395 3.08535 3.48117e-20)
(26.2328 3.08471 1.54109e-19)
(26.2258 3.08418 -4.72584e-19)
(26.2185 3.08376 -6.9629e-19)
(26.2108 3.08348 6.80237e-20)
(26.2029 3.08334 -8.30728e-19)
(26.1947 3.08336 -2.09961e-20)
(26.1862 3.08356 1.00669e-18)
(26.1775 3.08395 -1.53117e-18)
(26.1684 3.08454 -2.54009e-19)
(26.1591 3.08536 2.57441e-19)
(26.1495 3.0864 5.8044e-19)
(26.1397 3.08771 2.83348e-20)
(26.1297 3.08929 -1.6988e-18)
(26.1195 3.09117 -1.06437e-18)
(26.1091 3.09338 8.32674e-19)
(26.0985 3.09595 4.79882e-18)
(26.0877 3.09892 -1.18643e-18)
(26.0767 3.1023 2.45763e-18)
(26.0654 3.10614 -9.81771e-19)
(26.0538 3.11046 5.44082e-20)
(26.0419 3.11529 -1.34793e-18)
(26.0296 3.12066 -5.75476e-18)
(26.0169 3.12658 5.10113e-18)
(26.0038 3.13309 5.07088e-18)
(25.9903 3.14021 -4.55814e-18)
(25.9763 3.14786 -3.09783e-18)
(25.9619 3.15601 7.65243e-18)
(25.9494 3.16403 1.79175e-19)
(25.939 3.17093 -4.5463e-18)
(25.9276 3.17909 -5.95707e-18)
(25.9147 3.18793 -1.33983e-17)
(25.8992 3.19772 -1.29203e-17)
(25.8799 3.20824 6.24849e-19)
(25.8568 3.2195 2.00966e-17)
(25.8333 3.23205 0)
(25.8179 3.24897 -5.98738e-18)
(25.8221 3.26717 9.93563e-18)
(25.853 3.28912 -1.83341e-17)
(25.8881 3.37906 1.23906e-18)
(25.9101 3.21253 1.91426e-17)
(25.9438 3.17189 -7.14284e-21)
(25.9299 3.17263 -4.26288e-21)
(25.958 3.17133 -5.45031e-21)
(25.9726 3.17068 1.10702e-22)
(25.9873 3.17011 -2.30991e-21)
(26.0021 3.16947 2.96018e-21)
(26.017 3.1688 2.14046e-21)
(26.0319 3.16807 -5.57922e-22)
(26.0467 3.16727 -2.18163e-21)
(26.0615 3.16641 2.78526e-21)
(26.0761 3.16547 2.57968e-21)
(26.0905 3.16446 0)
(26.1046 3.16338 4.10515e-21)
(26.1183 3.16223 3.42506e-21)
(26.1317 3.161 -2.58836e-21)
(26.1446 3.15971 -5.0757e-21)
(26.1569 3.15834 1.7121e-21)
(26.1687 3.1569 4.38905e-21)
(26.1799 3.15539 -8.89218e-22)
(26.1904 3.15381 -1.26853e-21)
(26.2002 3.15217 -1.8559e-21)
(26.2092 3.15047 8.79747e-22)
(26.2175 3.14872 7.54093e-22)
(26.2251 3.14691 -6.05121e-21)
(26.2318 3.14507 4.12268e-21)
(26.2377 3.14318 2.26685e-21)
(26.2428 3.14127 1.87278e-21)
(26.247 3.13934 -2.86198e-20)
(26.2505 3.13738 2.28473e-20)
(26.2532 3.13543 -3.23461e-21)
(26.2551 3.13346 1.35868e-21)
(26.2562 3.1315 -1.68876e-21)
(26.2566 3.12956 2.25402e-21)
(26.2562 3.12763 -2.84005e-20)
(26.2552 3.12573 -2.83301e-21)
(26.2535 3.12387 -3.86722e-20)
(26.2512 3.12205 2.15e-20)
(26.2483 3.12029 -2.11474e-20)
(26.2448 3.11858 -2.70474e-20)
(26.2408 3.11695 6.84379e-20)
(26.2364 3.1154 1.19426e-19)
(26.2315 3.11393 8.16655e-20)
(26.2261 3.11256 -8.51772e-20)
(26.2204 3.1113 1.41779e-19)
(26.2143 3.11015 1.92229e-19)
(26.2079 3.10914 2.62561e-19)
(26.2011 3.10827 1.51716e-19)
(26.1941 3.10756 -2.28479e-19)
(26.1867 3.10703 -2.21295e-19)
(26.179 3.1067 1.17002e-19)
(26.171 3.10657 4.42517e-19)
(26.1627 3.10666 -2.54106e-19)
(26.1541 3.107 -1.46811e-19)
(26.1453 3.1076 -9.70255e-20)
(26.1363 3.10848 9.85814e-19)
(26.1271 3.10967 6.8625e-19)
(26.1176 3.11118 7.34012e-19)
(26.108 3.11306 -9.30494e-19)
(26.0981 3.11532 -3.60876e-19)
(26.0879 3.11799 -1.83987e-18)
(26.0774 3.12111 1.36125e-18)
(26.0666 3.12471 1.90757e-18)
(26.0553 3.12884 1.32069e-18)
(26.0437 3.13351 2.46941e-18)
(26.0316 3.13877 -2.20497e-18)
(26.019 3.14462 -9.23922e-20)
(26.006 3.15111 2.57798e-18)
(25.9923 3.15816 -1.56383e-18)
(25.9783 3.16577 -3.39124e-18)
(25.9662 3.17339 2.54255e-18)
(25.9561 3.17997 3.91336e-18)
(25.9449 3.18777 -1.16155e-18)
(25.932 3.19622 -3.00059e-19)
(25.9161 3.20554 5.54196e-19)
(25.8963 3.21554 -5.40022e-18)
(25.873 3.22631 2.37041e-19)
(25.8503 3.23869 0)
(25.8371 3.25607 -2.05742e-18)
(25.8451 3.27485 -2.37528e-18)
(25.8782 3.30029 -2.06709e-18)
(25.9132 3.38507 3.01278e-18)
(25.9327 3.24257 -1.05895e-17)
(25.8946 3.20199 -2.76956e-21)
(25.8835 3.20246 -1.20534e-21)
(25.9061 3.20155 -1.53231e-21)
(25.918 3.20104 -6.52478e-22)
(25.9301 3.20058 -5.22532e-22)
(25.9424 3.20008 -5.9434e-22)
(25.9549 3.19956 2.70003e-22)
(25.9675 3.19902 1.29673e-21)
(25.9802 3.19843 -3.28811e-22)
(25.993 3.19781 -8.54627e-22)
(26.0058 3.19715 3.45881e-22)
(26.0185 3.19643 0)
(26.0312 3.19566 -2.76395e-23)
(26.0437 3.19483 1.14863e-22)
(26.0561 3.19394 2.08405e-23)
(26.0682 3.19299 -9.7233e-23)
(26.08 3.19197 1.35148e-22)
(26.0916 3.19088 2.14616e-22)
(26.1027 3.18973 -5.48907e-22)
(26.1134 3.1885 2.21389e-22)
(26.1236 3.18721 -2.18955e-21)
(26.1333 3.18585 -1.44922e-21)
(26.1425 3.18441 -3.33215e-21)
(26.1512 3.18291 -1.98897e-21)
(26.1592 3.18134 1.37341e-21)
(26.1666 3.17969 -2.17816e-21)
(26.1734 3.17799 6.01502e-23)
(26.1795 3.17622 5.98995e-21)
(26.185 3.1744 -4.89077e-21)
(26.1898 3.17252 -2.50255e-21)
(26.194 3.17058 3.74305e-22)
(26.1975 3.1686 -2.61683e-22)
(26.2003 3.16658 1.69095e-21)
(26.2025 3.16451 -9.72375e-22)
(26.2041 3.16241 -1.33557e-21)
(26.205 3.16029 5.94686e-21)
(26.2055 3.15814 3.80187e-21)
(26.2053 3.15599 6.10496e-21)
(26.2046 3.15383 1.76574e-21)
(26.2035 3.15167 -2.28546e-22)
(26.2018 3.14954 1.34465e-21)
(26.1997 3.14743 2.0094e-21)
(26.1972 3.14536 1.86751e-21)
(26.1942 3.14336 -8.14221e-21)
(26.1908 3.14142 -9.71233e-21)
(26.187 3.13958 -5.26992e-21)
(26.1829 3.13785 2.87212e-20)
(26.1784 3.13626 5.84601e-20)
(26.1735 3.13482 5.48312e-20)
(26.1683 3.13357 4.56278e-20)
(26.1627 3.13252 2.24631e-20)
(26.1568 3.1317 9.04143e-20)
(26.1506 3.13113 -1.06278e-19)
(26.1441 3.13084 7.35224e-21)
(26.1373 3.13084 -4.34726e-20)
(26.1303 3.13117 -1.21695e-19)
(26.1229 3.13184 -2.22684e-19)
(26.1153 3.13289 1.25758e-19)
(26.1073 3.13434 1.72174e-19)
(26.0989 3.13623 4.9791e-19)
(26.09 3.13858 2.15254e-19)
(26.0807 3.14144 -5.70559e-20)
(26.0709 3.14485 9.81326e-20)
(26.0606 3.14883 -3.13626e-19)
(26.0497 3.15342 1.33214e-20)
(26.0381 3.15864 4.88135e-19)
(26.026 3.16453 -5.43888e-19)
(26.0133 3.17105 0)
(26.0003 3.17825 8.28198e-19)
(25.9888 3.18541 -2.49479e-19)
(25.9792 3.19149 -5.01777e-19)
(25.9681 3.19873 0)
(25.9548 3.20663 -8.82158e-20)
(25.9382 3.21541 1.26827e-18)
(25.9178 3.225 7.40209e-19)
(25.8951 3.23566 -5.00988e-19)
(25.8756 3.24849 0)
(25.8685 3.26624 2.4661e-19)
(25.8852 3.28651 -3.13158e-19)
(25.9218 3.31677 -2.7877e-18)
(25.9519 3.37991 7.20652e-19)
(26.0009 3.29692 -1.19645e-17)
)
;

boundaryField
{
    inlet
    {
        type            freestreamVelocity;
        freestreamValue uniform (25.75 3.62 0);
        value           nonuniform List<vector> 
23
(
(25.7173 3.36071 5.80029e-17)
(25.7224 3.36269 -2.43964e-16)
(25.7274 3.3646 2.11682e-16)
(25.7325 3.36647 -2.86707e-19)
(25.7375 3.36833 2.78887e-17)
(25.7424 3.37022 -2.83983e-17)
(25.7474 3.37217 -3.15097e-19)
(25.7524 3.37423 -3.28297e-19)
(25.7574 3.37644 -3.45135e-19)
(25.7624 3.37883 -3.66869e-19)
(25.7676 3.38148 -3.97044e-19)
(25.7729 3.38438 -1.73323e-16)
(25.7788 3.38766 1.37793e-16)
(25.7844 3.39102 5.0046e-17)
(25.7884 3.39492 3.30129e-17)
(25.7919 3.39965 -3.2029e-17)
(25.7957 3.40542 -3.93134e-17)
(25.8 3.41237 -3.32034e-17)
(25.8049 3.42072 7.09432e-17)
(25.8105 3.43073 -2.28071e-17)
(25.8195 3.4432 8.3061e-18)
(25.8292 3.45631 -4.59248e-18)
(25.8587 3.48 -5.18438e-18)
)
;
    }
    outlet
    {
        type            freestreamVelocity;
        freestreamValue uniform (25.75 3.62 0);
        value           nonuniform List<vector> 
82
(
(25.8941 3.20357 -2.75907e-21)
(25.9056 3.20313 -1.52652e-21)
(25.883 3.20404 -1.20077e-21)
(25.9174 3.20263 -6.50012e-22)
(25.9294 3.20216 -5.2056e-22)
(25.9417 3.20167 -5.921e-22)
(25.9541 3.20114 2.68987e-22)
(25.9667 3.2006 1.29185e-21)
(25.9793 3.20002 -3.27577e-22)
(25.9921 3.19939 -8.51423e-22)
(26.0048 3.19873 3.44586e-22)
(26.0175 3.19802 0)
(26.0302 3.19724 -2.75363e-23)
(26.0426 3.19642 1.14434e-22)
(26.055 3.19553 2.07629e-23)
(26.067 3.19457 -9.68716e-23)
(26.0788 3.19355 1.34646e-22)
(26.0903 3.19247 2.13821e-22)
(26.1014 3.19132 -5.46877e-22)
(26.112 3.1901 2.20572e-22)
(26.1222 3.18881 -2.18147e-21)
(26.1319 3.18744 -1.44388e-21)
(26.1411 3.18601 -3.3199e-21)
(26.1497 3.18451 -1.98167e-21)
(26.1577 3.18294 1.36837e-21)
(26.1651 3.18131 -2.17019e-21)
(26.1718 3.1796 5.99305e-23)
(26.178 3.17784 5.96811e-21)
(26.1834 3.17602 -4.87297e-21)
(26.1882 3.17414 -2.49346e-21)
(26.1924 3.17221 3.72947e-22)
(26.1958 3.17024 -2.60735e-22)
(26.1987 3.16822 1.68484e-21)
(26.2009 3.16616 -9.68862e-22)
(26.2024 3.16407 -1.33075e-21)
(26.2034 3.16195 5.92543e-21)
(26.2038 3.15981 3.7882e-21)
(26.2037 3.15765 6.08302e-21)
(26.203 3.1555 1.7594e-21)
(26.2018 3.15335 -2.27727e-22)
(26.2002 3.15122 1.33984e-21)
(26.1981 3.14912 2.00221e-21)
(26.1956 3.14706 1.86084e-21)
(26.1926 3.14506 -8.11317e-21)
(26.1892 3.14313 -9.67773e-21)
(26.1855 3.14129 -5.25116e-21)
(26.1814 3.13957 2.8619e-20)
(26.1769 3.13798 5.82523e-20)
(26.172 3.13655 5.46364e-20)
(26.1668 3.1353 4.54657e-20)
(26.1613 3.13425 2.23833e-20)
(26.1554 3.13343 9.00933e-20)
(26.1492 3.13287 -1.05901e-19)
(26.1427 3.13258 7.32613e-21)
(26.136 3.13258 -4.33181e-20)
(26.1289 3.13291 -1.21262e-19)
(26.1216 3.13358 -2.21892e-19)
(26.114 3.13463 1.25309e-19)
(26.106 3.13608 1.71559e-19)
(26.0976 3.13796 4.96129e-19)
(26.0888 3.14031 2.14483e-19)
(26.0795 3.14316 -5.6851e-20)
(26.0697 3.14656 9.7779e-20)
(26.0594 3.15053 -3.12492e-19)
(26.0486 3.15511 1.32731e-20)
(26.0371 3.16032 4.86357e-19)
(26.025 3.1662 -5.41897e-19)
(26.0124 3.1727 0)
(25.9993 3.17988 8.25135e-19)
(25.9879 3.18702 -2.48551e-19)
(25.9783 3.19309 -4.99903e-19)
(25.9672 3.20032 0)
(25.954 3.20819 -8.78827e-20)
(25.9374 3.21695 1.26345e-18)
(25.9171 3.22651 7.37374e-19)
(25.8946 3.23714 -4.99053e-19)
(25.8751 3.24994 0)
(25.8681 3.26764 2.45638e-19)
(25.8847 3.28784 -3.1191e-19)
(25.9211 3.318 -2.77642e-18)
(25.9511 3.38092 7.17632e-19)
(25.9999 3.2982 -1.1917e-17)
)
;
    }
    walls
    {
        type            noSlip;
    }
    frontAndBack
    {
        type            empty;
    }
    procBoundary3to2
    {
        type            processor;
        value           nonuniform List<vector> 
88
(
(25.6228 3.36509 7.91785e-20)
(25.6636 3.0196 -5.55784e-19)
(25.5913 3.23095 -3.59899e-16)
(25.5843 3.17154 -1.13802e-18)
(25.5843 3.17154 -1.13802e-18)
(25.6199 3.18681 0)
(25.6078 3.18983 1.06398e-18)
(25.6078 3.18983 1.06398e-18)
(25.6367 3.1395 2.14715e-16)
(25.6359 3.15448 -2.96972e-16)
(25.6331 3.16833 -2.77875e-19)
(25.6331 3.16833 -2.77875e-19)
(25.6497 3.06328 -3.72879e-17)
(25.6499 3.07996 -1.85896e-17)
(25.649 3.09378 -9.92547e-19)
(25.6482 3.10823 2.65194e-18)
(25.6473 3.12281 6.75299e-19)
(25.6473 3.12281 6.75299e-19)
(25.6664 2.95667 4.96809e-17)
(25.6662 2.97876 5.17742e-17)
(25.6659 3.00033 -1.08945e-17)
(25.6656 3.02133 -7.46934e-18)
(25.665 3.04183 -1.0459e-16)
(25.665 3.04183 -1.0459e-16)
(25.7109 2.79907 -4.85789e-17)
(25.7064 2.82185 -2.29979e-17)
(25.7023 2.84464 6.59171e-19)
(25.6986 2.8674 -1.77599e-18)
(25.6955 2.89007 -1.24963e-16)
(25.6928 2.91259 2.59238e-17)
(25.6905 2.93491 1.46859e-16)
(25.6905 2.93491 1.46859e-16)
(25.8493 2.56789 4.8925e-17)
(25.8383 2.58542 2.47646e-17)
(25.8276 2.60346 -1.70642e-17)
(25.8173 2.62197 -4.25623e-18)
(25.8073 2.64096 -2.42603e-17)
(25.7977 2.66039 4.91444e-17)
(25.7885 2.68025 -1.40465e-18)
(25.7799 2.7005 -7.64017e-17)
(25.7717 2.72112 -4.86041e-18)
(25.764 2.74205 1.32833e-16)
(25.7568 2.76326 4.1628e-18)
(25.75 2.78471 2.79678e-17)
(25.75 2.78471 2.79678e-17)
(26.3946 2.27624 9.8237e-19)
(26.3812 2.27817 7.78303e-19)
(26.3692 2.28136 1.13354e-18)
(26.3576 2.28447 -5.15295e-20)
(26.3461 2.28785 -1.91499e-19)
(26.3348 2.29135 5.34416e-19)
(26.3236 2.29501 -1.35904e-18)
(26.3125 2.29883 -5.55216e-20)
(26.3015 2.3028 2.22359e-18)
(26.2906 2.30692 0)
(26.2797 2.3112 -2.16809e-18)
(26.2688 2.31565 1.69339e-18)
(26.2578 2.32025 -1.42053e-20)
(26.2469 2.32503 4.49329e-18)
(26.2359 2.32997 2.26924e-18)
(26.2248 2.33511 5.64252e-18)
(26.2136 2.34043 -4.07539e-19)
(26.2024 2.34595 3.84948e-18)
(26.191 2.35168 -5.68354e-19)
(26.1795 2.35765 5.21181e-19)
(26.1679 2.36384 -1.06045e-17)
(26.1562 2.3703 6.82142e-18)
(26.1443 2.37703 -1.30667e-19)
(26.1324 2.38405 1.87371e-19)
(26.1203 2.39137 -7.53839e-18)
(26.108 2.39902 4.50838e-18)
(26.0957 2.40702 3.38372e-18)
(26.0833 2.41537 -1.22908e-20)
(26.0708 2.42411 4.9343e-19)
(26.0582 2.43324 -7.98267e-19)
(26.0456 2.44278 -1.34851e-17)
(26.0329 2.45274 1.15953e-17)
(26.0202 2.46316 6.8947e-18)
(26.0075 2.47403 -2.12908e-19)
(25.9947 2.48537 6.47947e-19)
(25.982 2.4972 -5.35276e-20)
(25.9693 2.50953 9.93402e-18)
(25.9567 2.52236 5.66816e-18)
(25.9441 2.53572 -2.38101e-17)
(25.9317 2.54958 -4.31011e-19)
(25.9193 2.56398 6.09385e-18)
(25.9071 2.57892 6.84963e-18)
(25.9071 2.57892 6.84963e-18)
)
;
    }
    procBoundary3to6
    {
        type            processor;
        value           uniform (26.4113 2.27297 2.79434e-19);
    }
    procBoundary3to7
    {
        type            processor;
        value           nonuniform List<vector> 
16
(
(26.4861 2.3423 -9.29452e-19)
(26.5224 2.4143 3.37826e-20)
(26.5365 2.48532 2.90525e-20)
(26.5305 2.55345 2.36994e-20)
(26.506 2.61896 1.91814e-20)
(26.4604 2.69528 2.73705e-19)
(26.3865 2.77812 1.00849e-19)
(26.3059 2.85194 -2.28998e-19)
(26.3059 2.85194 -2.28998e-19)
(26.2081 2.92165 -4.14912e-20)
(26.1299 2.98499 6.22288e-20)
(26.0607 3.04067 -2.78583e-20)
(26.0012 3.09145 -3.64351e-22)
(25.957 3.12896 1.54441e-21)
(25.9191 3.17241 4.89585e-21)
(25.875 3.2022 1.43946e-21)
)
;
    }
}


// ************************************************************************* //
