/*--------------------------------*- C++ -*----------------------------------*\
| =========                 |                                                 |
| \\      /  F ield         | OpenFOAM: The Open Source CFD Toolbox           |
|  \\    /   O peration     | Version:  2306                                  |
|   \\  /    A nd           | Website:  www.openfoam.com                      |
|    \\/     M anipulation  |                                                 |
\*---------------------------------------------------------------------------*/
FoamFile
{
    version     2.0;
    format      ascii;
    arch        "LSB;label=32;scalar=64";
    class       volVectorField;
    location    "900";
    object      momentError;
}
// * * * * * * * * * * * * * * * * * * * * * * * * * * * * * * * * * * * * * //

dimensions      [0 1 -2 0 0 0 0];

internalField   nonuniform List<vector> 
1340
(
(9.30712e-06 -9.18124e-05 1.78893e-16)
(1.59599e-06 -0.000101608 -1.65406e-15)
(-1.00648e-05 -0.000107993 -1.5231e-15)
(9.54818e-06 -8.69937e-05 -2.4814e-15)
(1.19545e-06 -9.48911e-05 6.67454e-16)
(-9.66772e-06 -9.99628e-05 -1.48845e-15)
(-2.07023e-05 -9.88328e-05 5.51856e-15)
(-3.32534e-05 -9.91796e-05 6.91986e-15)
(7.97869e-06 -8.0931e-05 9.9965e-16)
(-6.39378e-07 -8.76949e-05 4.23553e-15)
(-1.12344e-05 -9.19351e-05 2.89052e-15)
(-2.13888e-05 -9.05277e-05 9.58623e-17)
(-3.22657e-05 -9.11143e-05 -1.098e-15)
(-4.42766e-05 -9.12035e-05 -5.33413e-16)
(-5.49934e-05 -8.73283e-05 4.56363e-14)
(5.57971e-06 -7.59283e-05 -1.44123e-15)
(-2.418e-06 -8.05967e-05 3.39092e-15)
(-1.26134e-05 -8.3727e-05 5.96701e-16)
(-2.20346e-05 -8.24396e-05 -4.24932e-15)
(-3.20969e-05 -8.3053e-05 1.43371e-14)
(-4.28503e-05 -8.31236e-05 -1.98943e-14)
(-5.32638e-05 -8.0641e-05 2.04621e-15)
(-6.15161e-05 -7.41631e-05 -6.63952e-15)
(3.1842e-06 -7.05389e-05 -3.25435e-15)
(-4.36427e-06 -7.40734e-05 -1.74033e-15)
(-1.35856e-05 -7.63721e-05 -3.88655e-16)
(-2.22982e-05 -7.52047e-05 -3.99186e-15)
(-3.14261e-05 -7.55214e-05 -8.10458e-16)
(-4.14706e-05 -7.57832e-05 1.51753e-14)
(-5.06491e-05 -7.33407e-05 -5.00756e-14)
(-5.94111e-05 -6.71985e-05 2.10025e-14)
(-6.34349e-05 -5.92162e-05 8.43937e-14)
(1.49748e-06 -6.54388e-05 3.46389e-15)
(-5.73516e-06 -6.80523e-05 -3.22906e-15)
(-1.42524e-05 -6.97066e-05 1.34763e-15)
(-2.21161e-05 -6.85851e-05 2.11869e-15)
(-3.05861e-05 -6.90188e-05 -1.91782e-14)
(-3.98277e-05 -6.92209e-05 1.6275e-14)
(-4.81881e-05 -6.67381e-05 4.08658e-14)
(-5.55481e-05 -6.22444e-05 -2.99585e-14)
(-6.11329e-05 -5.5089e-05 -4.44598e-15)
(1.66415e-07 -6.0594e-05 2.16539e-15)
(-6.66834e-06 -6.24975e-05 -1.18253e-15)
(-1.45381e-05 -6.37171e-05 -3.29421e-15)
(-2.18205e-05 -6.27689e-05 9.0089e-17)
(-2.95044e-05 -6.29775e-05 -1.73324e-15)
(-3.80471e-05 -6.33322e-05 -4.02443e-14)
(-4.59442e-05 -6.14647e-05 2.88283e-14)
(-5.23795e-05 -5.72088e-05 9.22025e-15)
(-5.74634e-05 -5.17704e-05 -7.9032e-14)
(-6.13475e-05 -4.59247e-05 -7.44458e-15)
(-7.98823e-07 -5.60267e-05 -1.74297e-16)
(-7.29523e-06 -5.74967e-05 7.63598e-16)
(-1.46021e-05 -5.82996e-05 1.44624e-16)
(-2.12368e-05 -5.74029e-05 -2.91568e-15)
(-2.84501e-05 -5.77848e-05 1.82171e-14)
(-3.63721e-05 -5.80841e-05 1.92681e-14)
(-4.35252e-05 -5.62988e-05 -4.41294e-14)
(-4.98183e-05 -5.30233e-05 1.99907e-14)
(-5.45268e-05 -4.81598e-05 4.86786e-14)
(-5.82068e-05 -4.29326e-05 -4.44751e-15)
(-6.17677e-05 -3.78552e-05 -3.35548e-14)
(-1.52334e-06 -5.18269e-05 -5.40123e-16)
(-7.64881e-06 -5.28678e-05 -1.97421e-15)
(-1.44676e-05 -5.3458e-05 4.59033e-17)
(-2.06212e-05 -5.27381e-05 -5.94999e-16)
(-2.72578e-05 -5.2878e-05 -1.24407e-14)
(-3.46726e-05 -5.331e-05 3.30504e-14)
(-4.15542e-05 -5.19883e-05 3.43231e-14)
(-4.72691e-05 -4.86715e-05 6.43838e-15)
(-5.18359e-05 -4.45019e-05 9.94067e-15)
(-5.56295e-05 -4.02141e-05 -1.46259e-14)
(-5.92548e-05 -3.53547e-05 -1.34927e-14)
(-2.05244e-06 -4.78801e-05 -5.3326e-16)
(-7.85756e-06 -4.87005e-05 -6.71743e-16)
(-1.41986e-05 -4.9077e-05 -1.89728e-15)
(-1.98749e-05 -4.83538e-05 -8.62436e-16)
(-2.61663e-05 -4.86554e-05 -3.00118e-15)
(-3.31313e-05 -4.89736e-05 -1.89163e-14)
(-3.94173e-05 -4.75746e-05 -2.82779e-15)
(-4.51396e-05 -4.49922e-05 -3.49523e-14)
(-4.95278e-05 -4.11982e-05 7.17325e-15)
(-5.29241e-05 -3.6742e-05 1.19148e-14)
(-5.66274e-05 -3.26948e-05 1.52634e-14)
(-5.92367e-05 -2.70003e-05 -1.17275e-14)
(-2.48412e-06 -4.42581e-05 2.34064e-15)
(-7.9173e-06 -4.48132e-05 1.21245e-15)
(-1.38403e-05 -4.51015e-05 1.85993e-15)
(-1.91814e-05 -4.45092e-05 -1.34083e-15)
(-2.4989e-05 -4.45723e-05 -6.77814e-17)
(-3.15883e-05 -4.49574e-05 -7.68543e-15)
(-3.76925e-05 -4.39123e-05 2.15501e-14)
(-4.28952e-05 -4.12343e-05 8.58343e-15)
(-4.71989e-05 -3.77591e-05 -2.86665e-14)
(-5.08269e-05 -3.38528e-05 1.26949e-14)
(-5.41217e-05 -2.94786e-05 -2.54094e-14)
(-5.68275e-05 -2.41691e-05 3.94098e-14)
(-2.82472e-06 -4.0781e-05 2.32467e-15)
(-7.91657e-06 -4.12833e-05 -5.73345e-17)
(-1.34422e-05 -4.14236e-05 -5.58616e-16)
(-1.83686e-05 -4.08295e-05 2.12341e-15)
(-2.39073e-05 -4.10474e-05 -1.62622e-15)
(-3.01148e-05 -4.13059e-05 -3.50965e-15)
(-3.57461e-05 -4.01414e-05 1.22895e-14)
(-4.09541e-05 -3.80047e-05 2.42212e-14)
(-4.51919e-05 -3.46035e-05 -2.28311e-14)
(-4.83497e-05 -3.04005e-05 3.38066e-14)
(-5.17681e-05 -2.61165e-05 -2.071e-14)
(-5.45121e-05 -2.09458e-05 -1.10904e-14)
(-5.56686e-05 -1.44022e-05 6.06884e-14)
(-3.10618e-06 -3.75649e-05 -5.69123e-16)
(-7.84877e-06 -3.79058e-05 2.7714e-15)
(-1.30103e-05 -3.80447e-05 -1.39226e-16)
(-1.76082e-05 -3.75837e-05 -8.43503e-16)
(-2.27296e-05 -3.75723e-05 -1.01423e-15)
(-2.85991e-05 -3.78868e-05 9.09472e-15)
(-3.40939e-05 -3.69978e-05 5.98034e-15)
(-3.88456e-05 -3.45849e-05 1.66353e-14)
(-4.29737e-05 -3.13294e-05 2.14892e-14)
(-4.63592e-05 -2.74248e-05 -2.66443e-14)
(-4.92644e-05 -2.26723e-05 4.3963e-14)
(-5.18127e-05 -1.74251e-05 -4.22426e-14)
(-5.36377e-05 -1.17094e-05 2.25214e-14)
(-3.32896e-06 -3.44725e-05 -2.12925e-15)
(-7.74463e-06 -3.48148e-05 2.3756e-15)
(-1.25289e-05 -3.48915e-05 1.11259e-15)
(-1.67867e-05 -3.44094e-05 -2.18347e-15)
(-2.16519e-05 -3.45322e-05 -1.12737e-14)
(-2.71558e-05 -3.47148e-05 1.21001e-14)
(-3.21964e-05 -3.36382e-05 -2.27656e-14)
(-3.69614e-05 -3.1608e-05 -3.11705e-14)
(-4.08982e-05 -2.83593e-05 5.01679e-15)
(-4.38431e-05 -2.403e-05 4.93858e-15)
(-4.67662e-05 -1.95048e-05 -1.0172e-17)
(-4.92101e-05 -1.43041e-05 3.80845e-14)
(-5.11327e-05 -9.38936e-06 -8.79086e-14)
(-5.15906e-05 -3.82968e-06 6.75326e-16)
(-3.43366e-06 -3.15965e-05 1.99338e-16)
(-7.54004e-06 -3.18834e-05 -1.12803e-15)
(-1.19965e-05 -3.19718e-05 9.39929e-16)
(-1.6013e-05 -3.15802e-05 -5.00328e-15)
(-2.04855e-05 -3.14954e-05 1.16267e-15)
(-2.56871e-05 -3.16933e-05 -9.50207e-15)
(-3.05526e-05 -3.08297e-05 9.69292e-15)
(-3.48259e-05 -2.85253e-05 -1.62521e-14)
(-3.85805e-05 -2.53136e-05 -1.75316e-14)
(-4.16284e-05 -2.13156e-05 -3.26529e-14)
(-4.40648e-05 -1.6466e-05 -6.84004e-14)
(-4.63124e-05 -1.16335e-05 -3.4715e-15)
(-4.83331e-05 -6.97123e-06 -1.16523e-14)
(-4.89113e-05 -1.86675e-06 -5.71264e-14)
(-3.46858e-06 -2.88556e-05 1.99537e-16)
(-7.27292e-06 -2.91731e-05 -7.06186e-17)
(-1.14275e-05 -2.92181e-05 9.64913e-16)
(-1.51478e-05 -2.8808e-05 -2.9536e-15)
(-1.94019e-05 -2.88501e-05 3.05176e-15)
(-2.42428e-05 -2.89163e-05 -1.87941e-14)
(-2.86708e-05 -2.78713e-05 -3.90748e-15)
(-3.28629e-05 -2.58904e-05 6.24154e-15)
(-3.63725e-05 -2.26681e-05 1.7496e-14)
(-3.88759e-05 -1.8386e-05 1.2322e-14)
(-4.13654e-05 -1.40204e-05 -1.79372e-14)
(-4.33773e-05 -9.50909e-06 5.54732e-16)
(-4.5327e-05 -5.36686e-06 7.62274e-14)
(-4.67515e-05 -1.4452e-06 1.02877e-13)
(-3.39058e-06 -2.63875e-05 -2.17188e-15)
(-6.95003e-06 -2.66288e-05 -1.08879e-15)
(-1.08563e-05 -2.66856e-05 -6.36675e-16)
(-1.43333e-05 -2.638e-05 6.07385e-15)
(-1.82532e-05 -2.62344e-05 -1.5538e-15)
(-2.27842e-05 -2.63201e-05 5.56975e-15)
(-2.70232e-05 -2.54484e-05 -1.85508e-16)
(-3.07069e-05 -2.31989e-05 1.45332e-15)
(-3.39515e-05 -2.00624e-05 1.49728e-14)
(-3.65078e-05 -1.62565e-05 -8.34349e-15)
(-3.84591e-05 -1.19425e-05 2.13532e-14)
(-4.03837e-05 -8.00505e-06 2.96629e-14)
(-4.2241e-05 -4.68463e-06 -1.39418e-15)
(-4.40556e-05 -1.77004e-06 -1.05726e-14)
(-4.50393e-05 -3.63993e-07 -4.60961e-14)
(-3.47567e-06 -2.41912e-05 1.62625e-15)
(-6.64853e-06 -2.43256e-05 -7.13053e-16)
(-1.0263e-05 -2.43775e-05 2.41271e-16)
(-1.34963e-05 -2.40405e-05 2.71541e-15)
(-1.72009e-05 -2.4006e-05 -1.57423e-15)
(-2.13931e-05 -2.3962e-05 9.22857e-15)
(-2.51937e-05 -2.2909e-05 4.8025e-15)
(-2.87625e-05 -2.09769e-05 1.49892e-14)
(-3.16753e-05 -1.79419e-05 9.03624e-15)
(-3.3722e-05 -1.40903e-05 2.04173e-14)
(-3.57653e-05 -1.04862e-05 -2.97449e-14)
(-3.75396e-05 -7.17901e-06 -3.75942e-14)
(-3.94228e-05 -4.52199e-06 -1.30037e-14)
(-4.17024e-05 -2.94608e-06 2.45145e-14)
(-4.30734e-05 -1.74124e-06 3.76284e-14)
(-3.27225e-06 -2.19732e-05 1.01611e-15)
(-6.36369e-06 -2.23859e-05 1.22339e-15)
(-9.67016e-06 -2.22995e-05 -1.69775e-16)
(-1.27097e-05 -2.20208e-05 -5.31546e-16)
(-1.60936e-05 -2.18182e-05 3.27573e-15)
(-2.00097e-05 -2.17707e-05 -1.02035e-14)
(-2.3605e-05 -2.08878e-05 -1.83028e-14)
(-2.66717e-05 -1.87755e-05 1.46748e-14)
(-2.93184e-05 -1.59268e-05 -4.01063e-15)
(-3.13763e-05 -1.26966e-05 -2.80362e-14)
(-3.30275e-05 -9.32965e-06 5.77799e-15)
(-3.484e-05 -6.61901e-06 -1.21576e-15)
(-3.69478e-05 -4.71044e-06 -3.6015e-14)
(-3.93315e-05 -3.52329e-06 -4.75601e-14)
(-4.17717e-05 -2.78847e-06 -1.08496e-14)
(-2.86431e-06 -1.9923e-05 -8.94419e-16)
(-5.87632e-06 -2.03913e-05 2.28906e-16)
(-9.04133e-06 -2.04249e-05 -1.51131e-15)
(-1.1858e-05 -2.00578e-05 -2.04122e-15)
(-1.50589e-05 -1.99582e-05 1.70687e-15)
(-1.86594e-05 -1.9808e-05 7.54878e-15)
(-2.18677e-05 -1.88013e-05 3.37424e-15)
(-2.48147e-05 -1.70227e-05 -1.15316e-14)
(-2.71689e-05 -1.43691e-05 3.91998e-14)
(-2.88011e-05 -1.12173e-05 -5.41856e-15)
(-3.05905e-05 -8.53853e-06 -5.14914e-16)
(-3.23742e-05 -6.31234e-06 4.0061e-14)
(-3.45786e-05 -4.78791e-06 -8.27317e-16)
(-3.7429e-05 -3.94226e-06 -3.05227e-15)
(-4.00083e-05 -3.0897e-06 3.09191e-15)
(-4.13656e-05 -1.44269e-06 -6.82018e-15)
(-2.76581e-06 -1.7852e-05 -3.08395e-16)
(-5.40012e-06 -1.84218e-05 -8.1996e-16)
(-8.37823e-06 -1.85337e-05 -2.43741e-16)
(-1.10286e-05 -1.83265e-05 2.50452e-15)
(-1.39749e-05 -1.81072e-05 -2.04509e-15)
(-1.7323e-05 -1.79926e-05 1.80345e-15)
(-2.03601e-05 -1.71648e-05 9.20601e-15)
(-2.28788e-05 -1.52876e-05 -2.74559e-14)
(-2.50309e-05 -1.28628e-05 -1.82157e-14)
(-2.67132e-05 -1.03039e-05 2.23177e-15)
(-2.82044e-05 -7.81553e-06 6.96151e-15)
(-3.00615e-05 -5.985e-06 4.72727e-15)
(-3.24013e-05 -4.80575e-06 5.38694e-14)
(-3.5203e-05 -3.92413e-06 4.28068e-14)
(-3.81939e-05 -2.95144e-06 -3.90285e-14)
(-3.93522e-05 -5.66867e-07 7.62369e-15)
(-2.52263e-06 -1.62281e-05 -7.69224e-16)
(-5.08785e-06 -1.65228e-05 -1.91023e-16)
(-7.73514e-06 -1.6837e-05 -1.25393e-15)
(-1.02071e-05 -1.66083e-05 5.10699e-15)
(-1.29911e-05 -1.65236e-05 -3.39587e-15)
(-1.60709e-05 -1.63553e-05 -3.50656e-15)
(-1.8774e-05 -1.54461e-05 -1.93294e-14)
(-2.12092e-05 -1.39084e-05 3.50823e-16)
(-2.3131e-05 -1.17032e-05 2.0129e-14)
(-2.44929e-05 -9.21928e-06 1.52517e-14)
(-2.61289e-05 -7.25761e-06 -1.58966e-14)
(-2.79347e-05 -5.70339e-06 -5.42753e-14)
(-3.0279e-05 -4.64965e-06 -3.39496e-14)
(-3.32389e-05 -3.82833e-06 4.13647e-14)
(-3.58295e-05 -2.39205e-06 2.02651e-14)
(-3.75281e-05 -8.34212e-08 -1.042e-14)
(-7.00151e-07 -1.43676e-05 -4.54467e-17)
(-2.43863e-06 -1.49301e-05 5.68968e-16)
(-4.70496e-06 -1.49263e-05 2.70283e-16)
(-7.18559e-06 -1.52069e-05 -2.0471e-16)
(-9.47441e-06 -1.51112e-05 7.55505e-16)
(-1.2008e-05 -1.49486e-05 8.49546e-18)
(-1.48752e-05 -1.48297e-05 9.92313e-17)
(-1.74247e-05 -1.41172e-05 9.8988e-15)
(-1.95083e-05 -1.25277e-05 -5.2198e-15)
(-2.12779e-05 -1.05452e-05 9.37987e-15)
(-2.27119e-05 -8.54755e-06 2.16611e-14)
(-2.40996e-05 -6.67421e-06 -2.19912e-15)
(-2.59339e-05 -5.35083e-06 6.55863e-15)
(-2.82503e-05 -4.43608e-06 2.69656e-15)
(-3.09621e-05 -3.45372e-06 -2.33386e-14)
(-3.37139e-05 -2.12323e-06 -3.57401e-14)
(-3.53939e-05 1.30274e-07 1.78322e-14)
(-3.55793e-05 2.43113e-06 3.35286e-14)
(-7.52492e-07 -1.31903e-05 8.91151e-17)
(-2.41825e-06 -1.34739e-05 5.22656e-16)
(-4.46421e-06 -1.35168e-05 -2.38418e-16)
(-6.68223e-06 -1.37296e-05 2.36692e-15)
(-8.76148e-06 -1.36499e-05 -5.36333e-16)
(-1.11276e-05 -1.36101e-05 6.3019e-15)
(-1.37481e-05 -1.34706e-05 2.67615e-15)
(-1.60151e-05 -1.2717e-05 1.22598e-14)
(-1.80418e-05 -1.14437e-05 -8.15546e-16)
(-1.96449e-05 -9.64826e-06 -1.70266e-14)
(-2.08189e-05 -7.68145e-06 -2.62447e-16)
(-2.23218e-05 -6.20412e-06 -3.29452e-16)
(-2.40659e-05 -5.01949e-06 -1.88143e-14)
(-2.6285e-05 -4.12982e-06 9.16106e-15)
(-2.90078e-05 -3.25446e-06 6.62897e-15)
(-3.12936e-05 -1.77292e-06 2.9942e-14)
(-3.32774e-05 2.08613e-08 5.82998e-16)
(-3.37611e-05 2.22188e-06 -4.10317e-14)
(-9.8371e-07 -1.20435e-05 6.26259e-16)
(-2.43862e-06 -1.22402e-05 -7.95687e-16)
(-4.23066e-06 -1.21861e-05 -9.43929e-17)
(-6.23234e-06 -1.24076e-05 2.79308e-16)
(-8.11723e-06 -1.23923e-05 -8.1901e-16)
(-1.02553e-05 -1.22856e-05 -6.16497e-15)
(-1.26702e-05 -1.2209e-05 -3.89162e-15)
(-1.48226e-05 -1.1634e-05 2.01691e-14)
(-1.6559e-05 -1.03247e-05 1.03478e-14)
(-1.80535e-05 -8.71205e-06 -2.52388e-15)
(-1.93046e-05 -7.14344e-06 -2.30847e-14)
(-2.05731e-05 -5.6838e-06 9.20412e-15)
(-2.22939e-05 -4.64362e-06 1.95859e-14)
(-2.44166e-05 -3.84505e-06 -1.57177e-15)
(-2.6846e-05 -2.88355e-06 8.93531e-15)
(-2.93754e-05 -1.66864e-06 -5.54881e-14)
(-3.107e-05 8.42196e-08 -3.19206e-14)
(-3.20548e-05 2.13103e-06 3.9808e-14)
(-1.07777e-06 -1.09901e-05 8.9748e-17)
(-2.40385e-06 -1.10878e-05 8.10054e-18)
(-4.01464e-06 -1.10434e-05 3.51076e-16)
(-5.797e-06 -1.1209e-05 2.85938e-16)
(-7.49867e-06 -1.11762e-05 1.52519e-15)
(-9.48364e-06 -1.11696e-05 -1.41679e-16)
(-1.16842e-05 -1.10763e-05 -3.49875e-15)
(-1.35949e-05 -1.0463e-05 1.08102e-14)
(-1.53e-05 -9.43197e-06 1.16345e-14)
(-1.66587e-05 -7.98015e-06 -1.09138e-14)
(-1.76858e-05 -6.41191e-06 -1.30405e-15)
(-1.90426e-05 -5.25667e-06 -9.60281e-15)
(-2.0635e-05 -4.304e-06 1.98285e-14)
(-2.26268e-05 -3.52096e-06 -1.71391e-14)
(-2.50092e-05 -2.719e-06 -9.77269e-15)
(-2.71189e-05 -1.41678e-06 1.32638e-15)
(-2.90974e-05 1.42801e-07 -1.54977e-14)
(-3.02299e-05 2.23021e-06 -1.41374e-14)
(-3.03546e-05 4.23443e-06 -1.92689e-14)
(-1.11518e-06 -1.00227e-05 -2.6879e-17)
(-2.33381e-06 -1.00966e-05 7.68265e-18)
(-3.77495e-06 -9.98425e-06 5.06026e-17)
(-5.3902e-06 -1.0143e-05 1.76063e-15)
(-6.94842e-06 -1.01359e-05 -2.26589e-15)
(-8.72386e-06 -1.00665e-05 1.12697e-14)
(-1.07596e-05 -1.00158e-05 -1.208e-14)
(-1.25656e-05 -9.56813e-06 -7.33214e-15)
(-1.4029e-05 -8.50394e-06 -1.6026e-14)
(-1.52969e-05 -7.20574e-06 7.57869e-15)
(-1.63924e-05 -5.95926e-06 2.75485e-15)
(-1.75287e-05 -4.78974e-06 -8.68725e-15)
(-1.90698e-05 -3.94744e-06 -1.82414e-14)
(-2.09493e-05 -3.25776e-06 -1.17141e-15)
(-2.30483e-05 -2.40342e-06 -2.61037e-14)
(-2.53015e-05 -1.34188e-06 -1.07232e-14)
(-2.68936e-05 3.1605e-07 2.19657e-14)
(-2.82659e-05 2.09036e-06 6.97477e-14)
(-2.86758e-05 3.98058e-06 3.00629e-14)
(-1.10181e-06 -9.15845e-06 2.85448e-16)
(-2.22509e-06 -9.17681e-06 1.31585e-16)
(-3.54117e-06 -9.08672e-06 -2.06659e-16)
(-5.00173e-06 -9.17656e-06 -4.17729e-16)
(-6.40523e-06 -9.14255e-06 1.59994e-15)
(-8.05245e-06 -9.15175e-06 2.63373e-15)
(-9.90453e-06 -9.08387e-06 -1.22224e-14)
(-1.15071e-05 -8.60207e-06 -1.06744e-14)
(-1.29475e-05 -7.77658e-06 -3.34737e-15)
(-1.41092e-05 -6.60145e-06 4.84558e-15)
(-1.5004e-05 -5.33139e-06 1.28393e-14)
(-1.62057e-05 -4.41303e-06 -7.31089e-15)
(-1.76151e-05 -3.62947e-06 4.86207e-15)
(-1.93541e-05 -2.96254e-06 1.88429e-14)
(-2.14056e-05 -2.23623e-06 -5.98862e-15)
(-2.32201e-05 -1.0647e-06 -3.32035e-14)
(-2.51026e-05 3.14696e-07 4.78616e-15)
(-2.63031e-05 1.90929e-06 -6.95129e-15)
(-2.67347e-05 4.06049e-06 -3.19509e-15)
(-1.05707e-06 -8.37768e-06 -4.59413e-17)
(-2.10071e-06 -8.3914e-06 7.05299e-17)
(-3.29588e-06 -8.24657e-06 1.05099e-16)
(-4.63762e-06 -8.32852e-06 -1.59418e-15)
(-5.91236e-06 -8.31767e-06 2.26884e-15)
(-7.39307e-06 -8.25605e-06 -1.53329e-15)
(-9.09465e-06 -8.22653e-06 4.82862e-15)
(-1.06252e-05 -7.87618e-06 1.12332e-14)
(-1.18591e-05 -7.0088e-06 -5.6681e-15)
(-1.295e-05 -5.94827e-06 -1.41353e-15)
(-1.39086e-05 -4.94667e-06 -2.01309e-14)
(-1.49023e-05 -3.9935e-06 8.20086e-15)
(-1.62558e-05 -3.29556e-06 1.05722e-14)
(-1.78759e-05 -2.7017e-06 3.48145e-14)
(-1.96568e-05 -1.92443e-06 4.50042e-15)
(-2.15785e-05 -1.00795e-06 5.76843e-15)
(-2.30905e-05 3.26149e-07 1.6441e-14)
(-2.43891e-05 2.0068e-06 -2.14845e-15)
(-2.4791e-05 4.04719e-06 -3.41384e-14)
(-9.93768e-07 -7.67724e-06 -8.23067e-17)
(-1.95802e-06 -7.65285e-06 -1.08992e-16)
(-3.06586e-06 -7.53557e-06 -1.24403e-16)
(-4.27992e-06 -7.56988e-06 1.71055e-15)
(-5.43935e-06 -7.52426e-06 -6.78726e-16)
(-6.81622e-06 -7.52415e-06 -4.69958e-15)
(-8.36518e-06 -7.47164e-06 -3.7548e-15)
(-9.72112e-06 -7.07509e-06 1.34379e-15)
(-1.09474e-05 -6.4066e-06 9.59604e-15)
(-1.19453e-05 -5.44452e-06 9.11526e-15)
(-1.27268e-05 -4.40375e-06 1.28253e-14)
(-1.37762e-05 -3.6545e-06 -1.79572e-14)
(-1.49952e-05 -3.00087e-06 3.81161e-15)
(-1.64844e-05 -2.41592e-06 1.1813e-14)
(-1.82203e-05 -1.80023e-06 5.90816e-15)
(-1.97632e-05 -8.34751e-07 -4.51109e-15)
(-2.13521e-05 3.19622e-07 2.35938e-14)
(-2.24064e-05 1.90837e-06 -6.90581e-15)
(-2.29818e-05 3.76664e-06 -1.85737e-15)
(-9.21042e-07 -7.03177e-06 9.40414e-17)
(-1.81348e-06 -7.01828e-06 -4.03813e-16)
(-2.82646e-06 -6.86492e-06 -2.35757e-16)
(-3.94569e-06 -6.89858e-06 2.14333e-16)
(-5.01949e-06 -6.86309e-06 -2.25407e-15)
(-6.25126e-06 -6.80126e-06 5.70303e-15)
(-7.6875e-06 -6.76844e-06 -2.24944e-15)
(-8.97763e-06 -6.48722e-06 -2.24602e-14)
(-1.0028e-05 -5.77159e-06 1.07731e-14)
(-1.09631e-05 -4.9004e-06 5.07742e-15)
(-1.18008e-05 -4.0808e-06 -8.72148e-15)
(-1.26645e-05 -3.28534e-06 -1.8586e-15)
(-1.38276e-05 -2.69892e-06 -2.49087e-14)
(-1.52164e-05 -2.19621e-06 -2.11778e-14)
(-1.67185e-05 -1.5516e-06 -3.03925e-14)
(-1.83359e-05 -8.05532e-07 -2.11666e-14)
(-1.95912e-05 3.31108e-07 -6.42495e-15)
(-2.06386e-05 1.68961e-06 3.31254e-15)
(-2.11436e-05 3.51322e-06 -1.96696e-15)
(-2.14404e-05 5.03214e-06 1.40837e-14)
(-8.4099e-07 -6.44044e-06 3.89726e-16)
(-1.66463e-06 -6.4087e-06 -2.51349e-16)
(-2.6031e-06 -6.29096e-06 7.81897e-16)
(-3.62792e-06 -6.28283e-06 -8.62428e-16)
(-4.60453e-06 -6.22196e-06 -2.28489e-15)
(-5.75427e-06 -6.21466e-06 -1.39032e-15)
(-7.06313e-06 -6.16085e-06 3.94069e-15)
(-8.20806e-06 -5.83525e-06 -4.73369e-15)
(-9.2543e-06 -5.28691e-06 -1.37206e-14)
(-1.01157e-05 -4.48875e-06 2.1114e-14)
(-1.07947e-05 -3.61652e-06 -3.5911e-15)
(-1.17069e-05 -2.99645e-06 -1.18976e-14)
(-1.27559e-05 -2.43941e-06 1.0645e-14)
(-1.40268e-05 -1.94595e-06 1.9048e-14)
(-1.55189e-05 -1.42446e-06 9.77055e-15)
(-1.68146e-05 -6.20994e-07 3.018e-15)
(-1.817e-05 2.87242e-07 3.78385e-14)
(-1.89135e-05 1.56983e-06 1.33655e-14)
(-1.95963e-05 2.90414e-06 -1.53881e-14)
(-2.0036e-05 3.99538e-06 1.08723e-14)
(-7.64763e-07 -5.88762e-06 5.57309e-16)
(-1.52594e-06 -5.87417e-06 -3.09523e-17)
(-2.38361e-06 -5.73196e-06 1.44478e-16)
(-3.33496e-06 -5.73301e-06 -1.19958e-15)
(-4.22867e-06 -5.69411e-06 5.16103e-15)
(-5.26646e-06 -5.62756e-06 -5.31329e-15)
(-6.4719e-06 -5.59701e-06 -2.98726e-15)
(-7.57517e-06 -5.36387e-06 1.58756e-14)
(-8.47027e-06 -4.76334e-06 -1.22089e-14)
(-9.28173e-06 -4.03259e-06 -4.06959e-15)
(-1.00158e-05 -3.35198e-06 1.29796e-14)
(-1.07594e-05 -2.67659e-06 4.3645e-15)
(-1.17628e-05 -2.17015e-06 -1.3703e-15)
(-1.29503e-05 -1.73009e-06 3.26912e-15)
(-1.42392e-05 -1.16596e-06 6.441e-15)
(-1.56539e-05 -5.56383e-07 1.2491e-14)
(-1.67273e-05 3.48281e-07 -7.52845e-15)
(-1.76893e-05 1.40143e-06 1.84306e-15)
(-1.82187e-05 2.37271e-06 2.04667e-14)
(-1.86313e-05 3.46308e-06 -3.71893e-15)
(-6.97245e-07 -5.37696e-06 -3.5257e-16)
(-1.39228e-06 -5.35074e-06 1.44064e-16)
(-2.18806e-06 -5.24752e-06 2.61648e-16)
(-3.05178e-06 -5.22832e-06 -1.61017e-16)
(-3.86947e-06 -5.16754e-06 -8.33299e-16)
(-4.84155e-06 -5.15068e-06 2.95559e-18)
(-5.94179e-06 -5.09965e-06 -4.14463e-15)
(-6.91803e-06 -4.81846e-06 6.57366e-15)
(-7.81749e-06 -4.36275e-06 1.13381e-14)
(-8.56222e-06 -3.69286e-06 -4.10374e-15)
(-9.15591e-06 -2.95624e-06 -6.81988e-15)
(-9.94851e-06 -2.42474e-06 -8.31653e-15)
(-1.08454e-05 -1.93419e-06 1.0867e-14)
(-1.19345e-05 -1.48436e-06 -5.67263e-15)
(-1.32247e-05 -1.03645e-06 -1.06308e-14)
(-1.43667e-05 -3.56388e-07 2.03193e-15)
(-1.55872e-05 3.89789e-07 8.39939e-15)
(-1.64248e-05 1.31118e-06 -2.6969e-14)
(-1.71812e-05 2.26994e-06 -2.03455e-14)
(-1.75733e-05 3.16589e-06 1.88877e-15)
(-6.37116e-07 -4.89928e-06 -6.89589e-17)
(-1.27204e-06 -4.8937e-06 1.0329e-16)
(-1.99563e-06 -4.77581e-06 -2.31801e-16)
(-2.79331e-06 -4.77135e-06 1.06163e-15)
(-3.55454e-06 -4.72616e-06 -1.6824e-15)
(-4.42406e-06 -4.66343e-06 -3.74196e-15)
(-5.44798e-06 -4.6265e-06 7.94065e-15)
(-6.38289e-06 -4.43082e-06 -5.2693e-15)
(-7.15014e-06 -3.92495e-06 4.30742e-15)
(-7.8509e-06 -3.3116e-06 6.58216e-15)
(-8.49362e-06 -2.73501e-06 8.73154e-15)
(-9.13641e-06 -2.14441e-06 -7.97031e-15)
(-9.99427e-06 -1.68786e-06 -6.38296e-15)
(-1.10127e-05 -1.28202e-06 4.20546e-15)
(-1.21237e-05 -7.78943e-07 1.73395e-14)
(-1.33796e-05 -2.39775e-07 4.64043e-15)
(-1.44058e-05 5.39757e-07 -1.9317e-14)
(-1.53906e-05 1.40141e-06 -6.00414e-16)
(-1.60864e-05 2.34688e-06 1.34984e-14)
(-1.66012e-05 3.33696e-06 1.19318e-14)
(-5.78472e-07 -4.466e-06 3.97605e-17)
(-1.15843e-06 -4.45071e-06 -2.36878e-17)
(-1.82475e-06 -4.3695e-06 -3.119e-16)
(-2.55269e-06 -4.34442e-06 -3.35201e-16)
(-3.24572e-06 -4.28562e-06 1.59156e-15)
(-4.0603e-06 -4.26925e-06 -4.38905e-16)
(-4.99381e-06 -4.21676e-06 3.474e-15)
(-5.82134e-06 -3.9798e-06 6.66129e-15)
(-6.59364e-06 -3.59761e-06 -4.72919e-15)
(-7.23854e-06 -3.02979e-06 -9.44174e-15)
(-7.7544e-06 -2.39157e-06 -9.15166e-15)
(-8.43922e-06 -1.9239e-06 6.63314e-16)
(-9.20473e-06 -1.46833e-06 1.19619e-14)
(-1.01325e-05 -1.04502e-06 9.45301e-15)
(-1.12511e-05 -6.0971e-07 -1.68019e-14)
(-1.22519e-05 2.95918e-08 -1.23446e-14)
(-1.33821e-05 7.18637e-07 -6.15162e-15)
(-1.42543e-05 1.59624e-06 1.8812e-14)
(-1.50779e-05 2.55189e-06 1.55436e-14)
(-1.56164e-05 3.72175e-06 -1.09714e-14)
(-1.57888e-05 4.89934e-06 4.517e-15)
(-5.24712e-07 -4.07078e-06 -2.61234e-17)
(-1.05768e-06 -4.06893e-06 -1.69446e-17)
(-1.66244e-06 -3.97211e-06 1.36826e-16)
(-2.3371e-06 -3.9616e-06 -9.32207e-17)
(-2.97034e-06 -3.92502e-06 2.61266e-15)
(-3.70441e-06 -3.86509e-06 -2.78326e-15)
(-4.5648e-06 -3.83119e-06 1.45105e-15)
(-5.36606e-06 -3.66298e-06 -3.86301e-15)
(-6.02194e-06 -3.22995e-06 4.64116e-17)
(-6.63116e-06 -2.7015e-06 -1.27545e-15)
(-7.19204e-06 -2.20158e-06 -3.87922e-15)
(-7.73858e-06 -1.66841e-06 5.88845e-17)
(-8.46811e-06 -1.2344e-06 5.1124e-15)
(-9.32549e-06 -8.29358e-07 4.88145e-15)
(-1.02705e-05 -3.24214e-07 9.14071e-15)
(-1.1369e-05 2.01801e-07 -8.63886e-15)
(-1.2289e-05 9.48623e-07 -8.74172e-15)
(-1.32377e-05 1.79275e-06 -1.02725e-14)
(-1.38685e-05 2.82045e-06 -7.86862e-15)
(-1.4483e-05 3.94568e-06 1.65324e-15)
(-1.49011e-05 5.03511e-06 -3.5628e-15)
(-4.75473e-07 -3.71792e-06 1.50605e-16)
(-9.62137e-07 -3.70093e-06 6.62492e-17)
(-1.52233e-06 -3.63323e-06 -4.19599e-16)
(-2.13176e-06 -3.61092e-06 -1.81457e-15)
(-2.71096e-06 -3.55957e-06 1.97747e-15)
(-3.39956e-06 -3.53997e-06 -1.12918e-15)
(-4.18301e-06 -3.49057e-06 -8.37641e-15)
(-4.88967e-06 -3.27901e-06 4.92447e-15)
(-5.55388e-06 -2.95195e-06 -2.17035e-15)
(-6.11062e-06 -2.46013e-06 -7.44902e-15)
(-6.5567e-06 -1.89673e-06 9.4604e-15)
(-7.14137e-06 -1.46282e-06 -2.53106e-14)
(-7.77713e-06 -1.02169e-06 -4.79976e-16)
(-8.55059e-06 -5.88895e-07 1.51382e-15)
(-9.48753e-06 -1.56195e-07 4.17934e-15)
(-1.03356e-05 4.6577e-07 2.13886e-14)
(-1.13222e-05 1.13539e-06 -3.00041e-15)
(-1.20986e-05 2.01246e-06 8.5058e-15)
(-1.28758e-05 3.0254e-06 6.86476e-15)
(-1.33898e-05 4.08734e-06 -6.02194e-15)
(-1.36749e-05 5.35541e-06 1.13516e-14)
(-4.28469e-07 -3.39453e-06 1.25752e-17)
(-8.75757e-07 -3.38745e-06 -1.60906e-17)
(-1.38501e-06 -3.30431e-06 2.72581e-16)
(-1.94759e-06 -3.29388e-06 -1.17759e-15)
(-2.48614e-06 -3.25582e-06 -1.23878e-16)
(-3.10017e-06 -3.20089e-06 5.79487e-15)
(-3.83029e-06 -3.16129e-06 -1.04748e-15)
(-4.50837e-06 -3.01305e-06 -2.28662e-15)
(-5.06971e-06 -2.63748e-06 1.12336e-14)
(-5.5922e-06 -2.17762e-06 -1.0277e-14)
(-6.07566e-06 -1.7286e-06 1.6986e-14)
(-6.53329e-06 -1.23053e-06 5.4619e-15)
(-7.13405e-06 -8.04196e-07 -2.93272e-14)
(-7.83692e-06 -3.94503e-07 5.21669e-15)
(-8.60958e-06 1.02783e-07 1.27363e-14)
(-9.52814e-06 6.21785e-07 7.0158e-15)
(-1.02929e-05 1.35495e-06 -6.02679e-15)
(-1.10872e-05 2.20214e-06 4.13447e-15)
(-1.16811e-05 3.20593e-06 -2.40287e-15)
(-1.22318e-05 4.39375e-06 -1.03497e-14)
(-1.2556e-05 5.62763e-06 9.07956e-15)
(-3.79716e-07 -3.10158e-06 5.05848e-17)
(-7.92671e-07 -3.08184e-06 -4.79744e-17)
(-1.26358e-06 -3.0223e-06 2.74515e-16)
(-1.77641e-06 -2.9953e-06 1.20056e-15)
(-2.26602e-06 -2.94588e-06 1.92435e-15)
(-2.8416e-06 -2.92629e-06 -1.06516e-15)
(-3.50524e-06 -2.87397e-06 5.71121e-15)
(-4.10245e-06 -2.68881e-06 -5.59112e-17)
(-4.67083e-06 -2.40306e-06 3.94724e-15)
(-5.14761e-06 -1.96953e-06 1.19312e-14)
(-5.5253e-06 -1.45826e-06 -2.77189e-15)
(-6.01373e-06 -1.04836e-06 1.69773e-14)
(-6.52919e-06 -6.14096e-07 -4.00603e-17)
(-7.15154e-06 -1.84096e-07 -1.98494e-14)
(-7.91364e-06 2.56409e-07 -5.46188e-16)
(-8.58849e-06 8.66503e-07 -8.8603e-15)
(-9.39045e-06 1.52947e-06 -1.78084e-14)
(-1.00143e-05 2.37712e-06 -8.87765e-15)
(-1.0614e-05 3.37248e-06 -4.84089e-15)
(-1.10191e-05 4.50109e-06 6.79224e-15)
(-1.13415e-05 5.68831e-06 5.10556e-15)
(-3.3514e-07 -2.82623e-06 6.22446e-17)
(-7.17686e-07 -2.81502e-06 -2.78423e-17)
(-1.14635e-06 -2.73974e-06 -4.01835e-16)
(-1.62286e-06 -2.72225e-06 -3.99638e-17)
(-2.06913e-06 -2.68877e-06 -2.16629e-15)
(-2.58572e-06 -2.63422e-06 -7.29896e-16)
(-3.19653e-06 -2.59487e-06 8.00842e-16)
(-3.77538e-06 -2.46017e-06 -2.67736e-15)
(-4.25208e-06 -2.12855e-06 -5.1744e-15)
(-4.70105e-06 -1.71766e-06 5.07707e-15)
(-5.11071e-06 -1.30944e-06 -7.54309e-15)
(-5.48153e-06 -8.41974e-07 -2.03397e-14)
(-5.96504e-06 -4.24081e-07 1.51998e-14)
(-6.51868e-06 -1.27802e-08 1.21884e-14)
(-7.12536e-06 4.84291e-07 6.70018e-15)
(-7.85838e-06 9.93819e-07 -1.42791e-15)
(-8.44588e-06 1.69171e-06 2.64289e-15)
(-9.05033e-06 2.48947e-06 3.52214e-15)
(-9.47932e-06 3.42363e-06 -6.69503e-15)
(-9.91924e-06 4.46084e-06 -2.83246e-15)
(-1.02636e-05 5.56806e-06 -3.30417e-15)
(-1.03007e-05 6.77259e-06 -6.95457e-15)
(-2.95999e-07 -2.56807e-06 5.8187e-17)
(-6.45859e-07 -2.54666e-06 3.73165e-17)
(-1.04391e-06 -2.49185e-06 1.99152e-16)
(-1.47344e-06 -2.46435e-06 -3.89245e-16)
(-1.88124e-06 -2.41794e-06 -2.03759e-15)
(-2.3652e-06 -2.39264e-06 -3.07588e-15)
(-2.91818e-06 -2.33977e-06 2.19929e-15)
(-3.42482e-06 -2.16825e-06 -1.15927e-15)
(-3.90888e-06 -1.91493e-06 4.97717e-16)
(-4.31284e-06 -1.52941e-06 -5.64071e-15)
(-4.62847e-06 -1.06718e-06 -6.49706e-15)
(-5.02745e-06 -6.79082e-07 -1.4066e-14)
(-5.4291e-06 -2.61695e-07 -8.58726e-15)
(-5.91172e-06 1.63332e-07 1.08703e-14)
(-6.50064e-06 5.87331e-07 -1.98962e-15)
(-7.00972e-06 1.16197e-06 9.25984e-15)
(-7.63005e-06 1.77411e-06 4.35008e-15)
(-8.09144e-06 2.53615e-06 -1.32253e-14)
(-8.53829e-06 3.40257e-06 -1.35467e-14)
(-8.81299e-06 4.33034e-06 2.39064e-14)
(-9.12489e-06 5.34143e-06 -2.8548e-17)
(-9.24525e-06 6.4955e-06 -6.67317e-15)
(-2.62407e-07 -2.31812e-06 3.72534e-18)
(-5.81583e-07 -2.30865e-06 2.58325e-17)
(-9.42076e-07 -2.24271e-06 -4.65266e-17)
(-1.33808e-06 -2.22347e-06 7.99437e-16)
(-1.71585e-06 -2.18579e-06 -2.77573e-16)
(-2.14421e-06 -2.13147e-06 2.68364e-15)
(-2.65769e-06 -2.0837e-06 -3.68184e-15)
(-3.14126e-06 -1.95848e-06 3.80853e-15)
(-3.54287e-06 -1.66478e-06 -1.49667e-15)
(-3.91926e-06 -1.30162e-06 1.10687e-14)
(-4.25996e-06 -9.3163e-07 6.0986e-15)
(-4.55457e-06 -4.9974e-07 5.858e-15)
(-4.92981e-06 -1.04795e-07 -4.00941e-15)
(-5.35079e-06 2.84415e-07 -4.39628e-15)
(-5.80367e-06 7.44961e-07 2.4716e-15)
(-6.35977e-06 1.21231e-06 -7.53539e-15)
(-6.79017e-06 1.83829e-06 6.27801e-16)
(-7.23815e-06 2.54295e-06 1.09178e-14)
(-7.56743e-06 3.3411e-06 -4.8967e-16)
(-7.92559e-06 4.20567e-06 -2.00711e-14)
(-8.09399e-06 5.15084e-06 2.90816e-15)
(-8.03192e-06 6.28298e-06 -8.8406e-16)
(-2.31638e-07 -2.08359e-06 -7.49845e-17)
(-5.21237e-07 -2.06943e-06 9.37873e-17)
(-8.51876e-07 -2.02387e-06 -2.3749e-16)
(-1.21037e-06 -1.99253e-06 1.05912e-15)
(-1.55225e-06 -1.94503e-06 -3.26738e-16)
(-1.95177e-06 -1.91491e-06 2.27292e-15)
(-2.41333e-06 -1.85457e-06 3.92999e-15)
(-2.83365e-06 -1.6982e-06 -1.56849e-15)
(-3.23856e-06 -1.47127e-06 -5.11634e-15)
(-3.57384e-06 -1.12941e-06 -3.92253e-15)
(-3.82958e-06 -7.1469e-07 1.33393e-14)
(-4.1477e-06 -3.61478e-07 -4.41309e-15)
(-4.45431e-06 2.2048e-08 4.0418e-15)
(-4.81511e-06 4.09148e-07 -1.12389e-17)
(-5.25734e-06 7.98326e-07 8.65362e-15)
(-5.61783e-06 1.3107e-06 7.76017e-15)
(-6.07609e-06 1.85309e-06 -3.83145e-15)
(-6.40415e-06 2.51104e-06 -1.5687e-15)
(-6.73736e-06 3.24639e-06 6.89177e-16)
(-6.93507e-06 4.05077e-06 7.59842e-15)
(-7.11208e-06 4.97494e-06 -3.4276e-16)
(-7.04636e-06 5.9727e-06 -3.93558e-15)
(-2.07239e-07 -1.86309e-06 3.1881e-17)
(-4.69423e-07 -1.86017e-06 1.0729e-16)
(-7.65921e-07 -1.80611e-06 -6.80606e-16)
(-1.09667e-06 -1.78251e-06 -1.21145e-15)
(-1.40519e-06 -1.74586e-06 2.9672e-16)
(-1.75998e-06 -1.68751e-06 1.3054e-15)
(-2.18093e-06 -1.63358e-06 -2.56424e-15)
(-2.58373e-06 -1.51222e-06 7.17815e-16)
(-2.91377e-06 -1.24815e-06 9.26361e-16)
(-3.2248e-06 -9.23655e-07 -2.95273e-15)
(-3.50072e-06 -5.94916e-07 -4.91306e-15)
(-3.7262e-06 -2.09652e-07 1.29647e-15)
(-4.01238e-06 1.4425e-07 -2.59148e-15)
(-4.3219e-06 4.91849e-07 -4.9227e-15)
(-4.64753e-06 9.01459e-07 -1.32354e-14)
(-5.05314e-06 1.30899e-06 -7.23725e-15)
(-5.34605e-06 1.84362e-06 -2.16329e-15)
(-5.66559e-06 2.43867e-06 4.18607e-15)
(-5.88965e-06 3.10106e-06 3.42263e-15)
(-6.13576e-06 3.84856e-06 -6.03919e-15)
(-6.18246e-06 4.67976e-06 1.34981e-15)
(-6.04577e-06 5.65673e-06 4.20761e-15)
(-1.88406e-07 -1.66393e-06 3.28067e-17)
(-4.22359e-07 -1.65642e-06 -5.35803e-17)
(-6.93643e-07 -1.62051e-06 4.22961e-16)
(-9.8778e-07 -1.59073e-06 -8.03686e-16)
(-1.26744e-06 -1.54403e-06 2.38581e-16)
(-1.59665e-06 -1.50577e-06 -2.9002e-15)
(-1.97158e-06 -1.43861e-06 -4.64837e-15)
(-2.31721e-06 -1.2863e-06 2.67064e-15)
(-2.64912e-06 -1.07892e-06 8.59639e-15)
(-2.91927e-06 -7.74753e-07 2.93916e-16)
(-3.12049e-06 -4.1003e-07 2.99594e-15)
(-3.36817e-06 -9.70325e-08 -9.51122e-15)
(-3.59357e-06 2.373e-07 -4.49418e-15)
(-3.85667e-06 5.75323e-07 -1.83777e-16)
(-4.17283e-06 9.02827e-07 1.22159e-14)
(-4.41377e-06 1.33222e-06 2.58175e-15)
(-4.73209e-06 1.77625e-06 -1.55554e-15)
(-4.94752e-06 2.31037e-06 1.07013e-14)
(-5.16695e-06 2.91638e-06 -1.88997e-15)
(-5.26326e-06 3.58962e-06 6.85048e-15)
(-5.3239e-06 4.40074e-06 -5.39134e-15)
(-5.24616e-06 5.14544e-06 -7.67229e-15)
(-1.72683e-07 -1.48706e-06 4.80801e-17)
(-3.81701e-07 -1.48821e-06 5.07707e-18)
(-6.23541e-07 -1.44546e-06 2.27998e-16)
(-8.92499e-07 -1.42228e-06 1.56341e-15)
(-1.14886e-06 -1.38153e-06 8.67712e-16)
(-1.43631e-06 -1.32076e-06 -3.25499e-15)
(-1.78068e-06 -1.25503e-06 4.95503e-15)
(-2.1051e-06 -1.1344e-06 -4.8166e-15)
(-2.37012e-06 -8.95081e-07 4.80474e-15)
(-2.61663e-06 -6.07725e-07 -2.34264e-15)
(-2.83255e-06 -3.1819e-07 1.10899e-15)
(-3.00092e-06 1.69807e-08 6.57539e-15)
(-3.21225e-06 3.20394e-07 -1.16075e-14)
(-3.43529e-06 6.09709e-07 2.06321e-15)
(-3.65945e-06 9.45218e-07 -3.89045e-15)
(-3.94057e-06 1.26968e-06 -2.76447e-15)
(-4.12372e-06 1.69547e-06 -1.22609e-15)
(-4.32389e-06 2.16553e-06 -9.85361e-15)
(-4.44867e-06 2.69764e-06 6.10353e-15)
(-4.55873e-06 3.31163e-06 2.8431e-15)
(-4.56866e-06 3.94586e-06 7.32949e-16)
(-4.48256e-06 4.6139e-06 -8.30282e-16)
(-1.56376e-07 -1.33798e-06 5.31625e-17)
(-3.45305e-07 -1.33252e-06 1.23047e-16)
(-5.64972e-07 -1.30339e-06 -5.24577e-16)
(-8.05502e-07 -1.27147e-06 -6.02215e-16)
(-1.03563e-06 -1.22321e-06 2.38877e-15)
(-1.30123e-06 -1.17936e-06 1.54781e-15)
(-1.60535e-06 -1.10329e-06 -3.07418e-16)
(-1.88091e-06 -9.58426e-07 2.64497e-15)
(-2.14532e-06 -7.67883e-07 -9.05552e-15)
(-2.35568e-06 -4.98189e-07 1.48307e-14)
(-2.50673e-06 -1.79503e-07 1.36149e-16)
(-2.69443e-06 8.92065e-08 7.98316e-15)
(-2.85948e-06 3.70487e-07 5.07284e-15)
(-3.04784e-06 6.4652e-07 -8.56221e-15)
(-3.27426e-06 9.10216e-07 1.48431e-14)
(-3.424e-06 1.25062e-06 8.99822e-15)
(-3.63183e-06 1.59669e-06 -5.38914e-15)
(-3.74954e-06 2.01046e-06 1.52101e-15)
(-3.85543e-06 2.47598e-06 2.87705e-15)
(-3.88807e-06 2.97632e-06 1.16779e-16)
(-3.91668e-06 3.5184e-06 4.42693e-16)
(-3.93012e-06 4.08274e-06 4.08881e-15)
(-3.8657e-06 4.58024e-06 -2.43186e-16)
(-1.41104e-07 -1.2122e-06 -2.79726e-17)
(-3.12742e-07 -1.20902e-06 -4.72537e-18)
(-5.0922e-07 -1.17028e-06 -2.56206e-17)
(-7.30513e-07 -1.1426e-06 -3.81407e-16)
(-9.36076e-07 -1.10108e-06 -2.07339e-16)
(-1.1692e-06 -1.03647e-06 1.4682e-15)
(-1.44342e-06 -9.65576e-07 1.00488e-16)
(-1.70355e-06 -8.46789e-07 1.12209e-15)
(-1.90991e-06 -6.3059e-07 -9.98246e-16)
(-2.10165e-06 -3.76037e-07 -6.83251e-15)
(-2.26561e-06 -1.25568e-07 5.17311e-15)
(-2.387e-06 1.59294e-07 -3.49536e-16)
(-2.54389e-06 4.12148e-07 8.94993e-15)
(-2.70595e-06 6.49002e-07 3.25632e-15)
(-2.86104e-06 9.21282e-07 -8.94421e-15)
(-3.05743e-06 1.17701e-06 7.02833e-15)
(-3.15941e-06 1.50675e-06 1.16053e-14)
(-3.27298e-06 1.86154e-06 -2.07525e-15)
(-3.3255e-06 2.24936e-06 -6.42767e-15)
(-3.37643e-06 2.67524e-06 4.84151e-15)
(-3.33898e-06 3.1122e-06 1.97993e-15)
(-3.3376e-06 3.5672e-06 -5.83826e-15)
(-3.32943e-06 4.05083e-06 -1.49422e-15)
(-1.23725e-07 -1.10096e-06 -2.57076e-18)
(-2.79683e-07 -1.08916e-06 -4.52296e-17)
(-4.59924e-07 -1.05863e-06 -4.65401e-16)
(-6.56235e-07 -1.0253e-06 1.69665e-15)
(-8.42013e-07 -9.76097e-07 2.61406e-16)
(-1.05686e-06 -9.25983e-07 -3.60902e-15)
(-1.29733e-06 -8.47262e-07 4.64948e-15)
(-1.51598e-06 -7.08829e-07 -3.5201e-15)
(-1.72295e-06 -5.37349e-07 -1.14748e-15)
(-1.88279e-06 -3.02694e-07 -1.13672e-15)
(-1.99396e-06 -3.10665e-08 -6.03885e-15)
(-2.1351e-06 1.95861e-07 -3.93289e-15)
(-2.25493e-06 4.29152e-07 -3.43928e-15)
(-2.39334e-06 6.57562e-07 1.59133e-15)
(-2.55795e-06 8.69868e-07 1.63548e-15)
(-2.65279e-06 1.14047e-06 -1.3684e-14)
(-2.79032e-06 1.40462e-06 5.51366e-15)
(-2.84628e-06 1.71144e-06 9.27402e-16)
(-2.89304e-06 2.04866e-06 -1.03016e-14)
(-2.89489e-06 2.39843e-06 2.476e-15)
(-2.92292e-06 2.774e-06 4.7581e-15)
(-2.86888e-06 3.15647e-06 -1.77923e-15)
(-2.78434e-06 3.5933e-06 -3.56568e-16)
(-1.0823e-07 -1.00852e-06 -5.48246e-17)
(-2.52028e-07 -9.97627e-07 5.37121e-17)
(-4.13981e-07 -9.5538e-07 4.08037e-16)
(-5.92483e-07 -9.22008e-07 -5.64983e-16)
(-7.60818e-07 -8.74366e-07 6.90028e-16)
(-9.45115e-07 -8.07637e-07 -2.06599e-15)
(-1.16355e-06 -7.32009e-07 -5.90442e-16)
(-1.36578e-06 -6.20182e-07 -5.28354e-16)
(-1.52436e-06 -4.31187e-07 -1.46845e-15)
(-1.6688e-06 -2.1446e-07 -4.21367e-15)
(-1.79174e-06 -3.44212e-09 -1.04789e-15)
(-1.87981e-06 2.34393e-07 -2.2709e-15)
(-1.99663e-06 4.43718e-07 5.27952e-15)
(-2.11663e-06 6.37666e-07 -1.88975e-16)
(-2.22811e-06 8.58119e-07 -2.25398e-15)
(-2.37212e-06 1.05845e-06 -3.93534e-16)
(-2.4325e-06 1.31293e-06 -9.67208e-15)
(-2.49827e-06 1.57822e-06 1.02785e-14)
(-2.51214e-06 1.86014e-06 -4.05981e-15)
(-2.52806e-06 2.16056e-06 -8.54211e-15)
(-2.4826e-06 2.47662e-06 1.53739e-15)
(-2.44306e-06 2.82982e-06 3.24769e-15)
(-2.38381e-06 3.16606e-06 4.90895e-15)
(-8.59884e-08 -9.25835e-07 4.80174e-17)
(-2.18108e-07 -9.05631e-07 -7.48244e-17)
(-3.67269e-07 -8.68916e-07 3.32037e-16)
(-5.28081e-07 -8.2636e-07 -8.27952e-16)
(-6.78527e-07 -7.71161e-07 -7.19419e-16)
(-8.47211e-07 -7.14868e-07 9.53413e-16)
(-1.03689e-06 -6.32974e-07 -1.98983e-16)
(-1.20502e-06 -5.07391e-07 -1.62217e-16)
(-1.36345e-06 -3.58394e-07 5.46674e-15)
(-1.48248e-06 -1.61159e-07 2.90427e-15)
(-1.56225e-06 6.51033e-08 -8.02142e-15)
(-1.66843e-06 2.51663e-07 -1.31746e-16)
(-1.75749e-06 4.43058e-07 -4.31096e-17)
(-1.8608e-06 6.28465e-07 4.89062e-15)
(-1.9862e-06 7.99592e-07 -8.96246e-16)
(-2.05212e-06 1.01398e-06 -5.43215e-15)
(-2.15397e-06 1.21934e-06 7.36079e-15)
(-2.18273e-06 1.45055e-06 -4.83349e-15)
(-2.20293e-06 1.69728e-06 -1.12634e-15)
(-2.1819e-06 1.94613e-06 -1.29519e-16)
(-2.17777e-06 2.21158e-06 -3.30655e-15)
(-2.09682e-06 2.4956e-06 4.49637e-15)
(-1.97393e-06 2.8178e-06 -1.09515e-15)
(-6.70427e-08 -8.605e-07 8.46768e-18)
(-1.91722e-07 -8.38929e-07 -3.68184e-17)
(-3.26367e-07 -7.90998e-07 -3.15533e-16)
(-4.73142e-07 -7.46877e-07 -6.02326e-16)
(-6.05877e-07 -6.9233e-07 1.4202e-15)
(-7.50591e-07 -6.18869e-07 -9.18872e-16)
(-9.1843e-07 -5.40141e-07 1.64118e-15)
(-1.07518e-06 -4.35356e-07 5.27022e-16)
(-1.19314e-06 -2.72655e-07 -2.2642e-15)
(-1.30053e-06 -9.05555e-08 4.95363e-15)
(-1.39136e-06 8.27566e-08 6.76363e-15)
(-1.45461e-06 2.77681e-07 -7.63634e-15)
(-1.54262e-06 4.47225e-07 9.39972e-16)
(-1.63245e-06 6.03359e-07 -9.46958e-15)
(-1.71578e-06 7.79525e-07 2.79164e-15)
(-1.82846e-06 9.36711e-07 1.30937e-15)
(-1.87203e-06 1.13265e-06 -7.7178e-15)
(-1.92322e-06 1.3335e-06 3.51745e-17)
(-1.92521e-06 1.53643e-06 -3.08657e-15)
(-1.92716e-06 1.74665e-06 8.31611e-15)
(-1.8631e-06 1.96463e-06 3.37261e-15)
(-1.77984e-06 2.22457e-06 -6.33626e-15)
(-1.68462e-06 2.47034e-06 -1.8627e-15)
(-5.0144e-08 -7.58425e-07 -8.68132e-18)
(-1.60028e-07 -7.35116e-07 2.04109e-17)
(-2.81264e-07 -6.97866e-07 6.98091e-17)
(-4.11126e-07 -6.55981e-07 5.17121e-16)
(-5.29913e-07 -6.00318e-07 5.46078e-16)
(-6.62929e-07 -5.39586e-07 -3.69234e-17)
(-8.09257e-07 -4.57859e-07 8.12983e-17)
(-9.39354e-07 -3.42181e-07 -7.71159e-17)
(-1.05904e-06 -2.14324e-07 8.07384e-16)
(-1.14506e-06 -5.0195e-08 -5.15504e-15)
(-1.20108e-06 1.36711e-07 2.37042e-15)
(-1.281e-06 2.89109e-07 5.96259e-15)
(-1.34655e-06 4.42959e-07 -4.92223e-15)
(-1.42347e-06 5.89801e-07 1.24139e-15)
(-1.51728e-06 7.20658e-07 -4.71771e-15)
(-1.56676e-06 8.84218e-07 4.14092e-15)
(-1.64947e-06 1.03725e-06 5.89172e-15)
(-1.67557e-06 1.20647e-06 4.38059e-16)
(-1.70069e-06 1.38462e-06 -2.58141e-15)
(-1.67971e-06 1.55619e-06 -8.33652e-16)
(-1.6506e-06 1.74351e-06 -1.26803e-16)
(-1.53717e-06 1.97321e-06 1.87794e-17)
(-1.37458e-06 2.26303e-06 4.63297e-15)
(-3.53722e-08 -6.83895e-07 2.80964e-17)
(-1.35264e-07 -6.6776e-07 -4.88058e-17)
(-2.44497e-07 -6.25635e-07 -2.62069e-17)
(-3.61617e-07 -5.84934e-07 -1.45449e-15)
(-4.70334e-07 -5.31205e-07 1.96332e-15)
(-5.82205e-07 -4.59317e-07 1.23314e-15)
(-7.12423e-07 -3.81011e-07 -1.13305e-15)
(-8.32529e-07 -2.86888e-07 -7.45074e-16)
(-9.20894e-07 -1.49769e-07 -3.11851e-17)
(-9.99527e-07 3.75256e-09 3.4109e-15)
(-1.06781e-06 1.4929e-07 -8.57255e-15)
(-1.11368e-06 3.08393e-07 1.69379e-15)
(-1.17983e-06 4.42155e-07 9.22342e-15)
(-1.24561e-06 5.59579e-07 -3.82194e-15)
(-1.30528e-06 6.90039e-07 1.8362e-15)
(-1.38916e-06 7.99121e-07 -2.12697e-15)
(-1.42437e-06 9.39851e-07 -2.33528e-15)
(-1.47231e-06 1.08409e-06 1.04327e-15)
(-1.48562e-06 1.23028e-06 2.17362e-15)
(-1.49671e-06 1.38283e-06 5.13144e-15)
(-1.4107e-06 1.59387e-06 -1.15895e-15)
(-1.25718e-06 1.90021e-06 -1.49996e-15)
(-1.14742e-06 2.10872e-06 -8.75042e-16)
(-3.16368e-08 -6.35232e-07 -1.85901e-17)
(-1.19488e-07 -6.19058e-07 4.63389e-17)
(-2.19339e-07 -5.86096e-07 4.33493e-16)
(-3.2351e-07 -5.3984e-07 7.45301e-17)
(-4.17651e-07 -4.8139e-07 -1.24781e-15)
(-5.20554e-07 -4.1742e-07 -1.44718e-15)
(-6.32003e-07 -3.34031e-07 -1.28722e-17)
(-7.28989e-07 -2.28659e-07 -1.19798e-15)
(-8.16868e-07 -1.14208e-07 6.75434e-16)
(-8.78358e-07 3.0071e-08 3.10028e-16)
(-9.22726e-07 1.91531e-07 6.37744e-15)
(-9.88443e-07 3.1593e-07 -2.77048e-15)
(-1.03853e-06 4.33191e-07 -2.24285e-16)
(-1.0957e-06 5.40637e-07 5.05591e-15)
(-1.16521e-06 6.29472e-07 -4.28058e-15)
(-1.19684e-06 7.4137e-07 9.31464e-16)
(-1.25632e-06 8.44385e-07 -7.33416e-16)
(-1.28025e-06 9.65435e-07 -5.21426e-15)
(-1.31172e-06 1.09546e-06 -1.23055e-16)
(-1.27197e-06 1.28671e-06 3.22086e-15)
(-1.16144e-06 1.5593e-06 1.08038e-15)
(-1.03339e-06 1.76797e-06 -1.64951e-15)
(-9.26576e-07 1.98408e-06 -1.87702e-15)
(-8.76261e-07 2.09361e-06 -8.54868e-16)
(-1.56817e-08 -6.74523e-07 2.80394e-17)
(-1.05667e-07 -6.50051e-07 6.02012e-17)
(-2.05983e-07 -6.05889e-07 2.0925e-16)
(-3.06015e-07 -5.53509e-07 1.62355e-15)
(-3.92332e-07 -4.85623e-07 -7.31335e-16)
(-4.76621e-07 -3.98491e-07 -3.17283e-15)
(-5.68251e-07 -3.09461e-07 -5.97543e-16)
(-6.50822e-07 -2.13326e-07 7.48534e-16)
(-7.02612e-07 -8.47869e-08 7.30416e-16)
(-7.46832e-07 5.95866e-08 -2.29575e-15)
(-8.02806e-07 1.93363e-07 -3.69579e-16)
(-8.53645e-07 3.27078e-07 2.50413e-15)
(-9.16685e-07 4.32155e-07 -3.37996e-15)
(-9.7186e-07 5.19356e-07 -2.72654e-15)
(-1.01826e-06 6.10952e-07 2.04875e-15)
(-1.08068e-06 6.81341e-07 -3.98164e-15)
(-1.09908e-06 7.76625e-07 2.24373e-15)
(-1.13137e-06 8.75497e-07 8.42777e-16)
(-1.10854e-06 1.02397e-06 -5.7119e-15)
(-1.04356e-06 1.22536e-06 -4.97357e-17)
(-9.62064e-07 1.42113e-06 3.59656e-15)
(-8.37421e-07 1.64173e-06 2.04663e-15)
(-7.66746e-07 1.74995e-06 2.34749e-15)
(-7.56009e-07 1.79453e-06 -1.3338e-15)
(-1.93227e-08 -4.91489e-07 2.42064e-18)
(-8.62457e-08 -4.88913e-07 5.43214e-18)
(-1.64767e-07 -4.72569e-07 -2.01926e-16)
(-2.4877e-07 -4.52316e-07 -5.54095e-16)
(-3.26852e-07 -4.06629e-07 1.25668e-15)
(-4.0794e-07 -3.488e-07 1.05413e-15)
(-4.90702e-07 -2.748e-07 1.22627e-16)
(-5.63103e-07 -1.82324e-07 -2.20875e-15)
(-6.1616e-07 -7.4678e-08 4.3783e-16)
(-6.35963e-07 6.29652e-08 4.58367e-16)
(-6.67027e-07 2.22702e-07 2.90248e-15)
(-7.35164e-07 3.33908e-07 1.29365e-15)
(-7.94669e-07 4.22363e-07 -1.49953e-16)
(-8.53615e-07 5.07525e-07 -3.90291e-15)
(-9.15391e-07 5.75664e-07 -5.18511e-15)
(-9.39855e-07 6.56087e-07 4.39493e-16)
(-9.83596e-07 7.30447e-07 -9.49263e-16)
(-9.71826e-07 8.28706e-07 2.66273e-15)
(-9.50109e-07 9.59519e-07 1.06509e-15)
(-8.80734e-07 1.11973e-06 -2.05694e-15)
(-7.49503e-07 1.29788e-06 -2.81759e-16)
(-6.96843e-07 1.39615e-06 8.74158e-16)
(-7.05229e-07 1.44821e-06 -1.55474e-16)
(-6.50425e-07 1.51109e-06 -1.0889e-15)
(-4.6394e-08 -4.93098e-07 -2.21634e-17)
(-1.15041e-07 -4.82989e-07 1.37005e-17)
(-1.92478e-07 -4.54326e-07 -2.95881e-16)
(-2.75271e-07 -4.20994e-07 -3.12967e-16)
(-3.40223e-07 -3.69206e-07 5.93619e-16)
(-3.99485e-07 -2.98517e-07 2.05271e-16)
(-4.61141e-07 -2.23112e-07 1.81398e-15)
(-5.13046e-07 -1.49671e-07 -3.26716e-15)
(-5.28386e-07 -4.52588e-08 2.46232e-16)
(-5.17662e-07 6.9946e-08 -2.03279e-16)
(-5.13919e-07 1.97477e-07 -1.86783e-15)
(-5.76526e-07 3.12079e-07 4.53742e-15)
(-6.64287e-07 3.88459e-07 2.94769e-15)
(-7.36936e-07 4.633e-07 3.00045e-15)
(-7.9441e-07 5.47836e-07 -7.75578e-16)
(-8.52907e-07 6.11692e-07 2.13979e-15)
(-8.63961e-07 6.91132e-07 4.18976e-15)
(-8.70989e-07 7.80954e-07 -1.91362e-15)
(-8.11431e-07 8.91015e-07 -1.60897e-15)
(-7.24662e-07 1.02053e-06 2.46801e-15)
(-6.81183e-07 1.10958e-06 2.33349e-15)
(-6.38514e-07 1.18601e-06 -2.3492e-15)
(-6.00055e-07 1.25584e-06 -6.92333e-17)
(-5.61839e-07 1.3103e-06 2.46557e-16)
(-4.64473e-08 -4.6569e-07 1.51527e-17)
(-1.14531e-07 -4.49872e-07 8.22099e-18)
(-1.89733e-07 -4.22114e-07 3.00712e-16)
(-2.6541e-07 -3.83319e-07 -4.04019e-16)
(-3.28812e-07 -3.26409e-07 -7.47711e-16)
(-3.84306e-07 -2.59065e-07 -6.98781e-16)
(-4.34866e-07 -1.83488e-07 -3.37496e-15)
(-4.72544e-07 -1.06157e-07 1.94156e-16)
(-4.87047e-07 -2.31908e-08 2.16905e-15)
(-4.65101e-07 6.08376e-08 3.17698e-15)
(-3.83248e-07 2.06747e-07 -1.76838e-15)
(-4.30388e-07 2.99242e-07 1.27501e-15)
(-5.28241e-07 3.42987e-07 3.74639e-15)
(-6.13105e-07 4.11807e-07 2.75155e-16)
(-6.92771e-07 4.77405e-07 -1.18987e-15)
(-7.32096e-07 5.57472e-07 -1.24642e-15)
(-7.73387e-07 6.27814e-07 5.14327e-15)
(-7.57113e-07 7.16055e-07 -1.2115e-15)
(-7.23457e-07 8.13256e-07 -1.25784e-15)
(-6.59781e-07 8.92413e-07 2.37244e-15)
(-5.73934e-07 9.76965e-07 -8.6844e-16)
(-5.51902e-07 1.04152e-06 1.46716e-15)
(-5.51511e-07 1.10519e-06 1.52798e-15)
(-4.68936e-07 1.14506e-06 -1.15705e-15)
(-5.41407e-08 -4.28662e-07 -3.22157e-18)
(-1.17095e-07 -4.11534e-07 -6.02397e-17)
(-1.84176e-07 -3.79478e-07 3.44583e-17)
(-2.54573e-07 -3.41457e-07 3.85567e-16)
(-3.09998e-07 -2.89296e-07 -7.46011e-17)
(-3.57912e-07 -2.2069e-07 5.86458e-16)
(-4.00364e-07 -1.50697e-07 1.36953e-16)
(-4.35844e-07 -9.04379e-08 -1.31819e-15)
(-4.38967e-07 -1.10052e-08 2.50355e-16)
(-4.15438e-07 5.80455e-08 -2.23629e-15)
(-3.09386e-07 1.92267e-07 2.10675e-15)
(-3.16859e-07 2.98988e-07 1.6583e-15)
(-4.17431e-07 3.15806e-07 -8.19003e-16)
(-5.04964e-07 3.61957e-07 -2.51425e-15)
(-5.79408e-07 4.33814e-07 1.9156e-15)
(-6.48169e-07 4.92847e-07 -2.15113e-15)
(-6.6899e-07 5.71326e-07 -6.75566e-15)
(-6.8128e-07 6.48611e-07 -3.76529e-15)
(-6.36141e-07 7.30642e-07 1.09238e-15)
(-5.68225e-07 8.1156e-07 1.69216e-15)
(-5.37574e-07 8.55765e-07 -1.55861e-15)
(-4.98557e-07 9.1294e-07 -7.96441e-16)
(-4.45165e-07 9.90087e-07 -8.73901e-17)
(-3.84949e-07 1.02656e-06 2.34853e-15)
(-5.60082e-08 -4.00907e-07 1.47045e-18)
(-1.15258e-07 -3.79084e-07 4.02937e-18)
(-1.77498e-07 -3.45768e-07 -1.71003e-16)
(-2.38255e-07 -3.04999e-07 2.99595e-16)
(-2.87373e-07 -2.51504e-07 -5.73394e-16)
(-3.28599e-07 -1.90585e-07 3.57312e-16)
(-3.62447e-07 -1.25845e-07 1.54247e-15)
(-3.87914e-07 -6.65867e-08 1.20082e-15)
(-3.97924e-07 -1.00827e-08 -1.84815e-16)
(-3.77612e-07 3.43661e-08 -5.18215e-16)
(-2.35912e-07 1.93046e-07 -2.27443e-15)
(-2.34016e-07 3.00134e-07 -1.98336e-15)
(-3.25506e-07 2.98788e-07 -1.80549e-15)
(-4.10693e-07 3.35656e-07 1.23414e-15)
(-4.97457e-07 3.87046e-07 1.61302e-15)
(-5.45716e-07 4.57099e-07 2.35255e-15)
(-5.95225e-07 5.20972e-07 -1.10993e-15)
(-5.89312e-07 5.97101e-07 -9.08482e-16)
(-5.73837e-07 6.69765e-07 -1.14949e-15)
(-5.37053e-07 7.15637e-07 -3.92809e-16)
(-4.63441e-07 7.77502e-07 -1.62023e-16)
(-4.16316e-07 8.45103e-07 1.50933e-15)
(-3.84076e-07 9.0394e-07 -1.07331e-15)
(-3.17503e-07 9.36508e-07 -3.8238e-16)
(-5.29566e-08 -3.62721e-07 5.29029e-18)
(-1.07569e-07 -3.39921e-07 6.89909e-18)
(-1.62926e-07 -3.04487e-07 1.1727e-16)
(-2.18347e-07 -2.65442e-07 -3.34355e-16)
(-2.60111e-07 -2.16163e-07 -1.27585e-16)
(-2.93383e-07 -1.56357e-07 -1.51387e-16)
(-3.21986e-07 -9.79193e-08 -8.95282e-16)
(-3.46259e-07 -5.51031e-08 9.32672e-16)
(-3.51991e-07 -5.86045e-09 7.17856e-16)
(-3.35495e-07 2.94123e-08 2.14143e-15)
(-1.90729e-07 1.79064e-07 2.51624e-15)
(-1.62003e-07 3.08456e-07 -1.53111e-15)
(-2.51511e-07 2.96066e-07 -1.1524e-15)
(-3.30462e-07 3.14124e-07 2.31814e-15)
(-4.06506e-07 3.68928e-07 -1.77766e-15)
(-4.7831e-07 4.15523e-07 -1.60453e-15)
(-5.07535e-07 4.8355e-07 2.45173e-15)
(-5.3333e-07 5.46143e-07 1.67781e-15)
(-5.14171e-07 6.02463e-07 2.57888e-15)
(-4.68205e-07 6.69561e-07 1.8745e-16)
(-4.29273e-07 7.31649e-07 8.64706e-16)
(-3.68764e-07 8.08603e-07 3.95464e-16)
(-2.99043e-07 8.55635e-07 -1.73266e-15)
(-2.67968e-07 9.03782e-07 3.58239e-16)
(-4.94337e-08 -3.37379e-07 1.8773e-17)
(-1.00199e-07 -3.13454e-07 -1.75068e-17)
(-1.50896e-07 -2.74536e-07 7.41628e-17)
(-1.97032e-07 -2.30569e-07 -4.45959e-16)
(-2.31898e-07 -1.7932e-07 5.0783e-16)
(-2.58512e-07 -1.23865e-07 4.90915e-16)
(-2.79399e-07 -6.9572e-08 -2.79353e-17)
(-2.96125e-07 -2.65679e-08 -9.28204e-17)
(-3.11721e-07 4.33715e-09 -1.86785e-15)
(-3.01182e-07 2.51341e-08 -1.41607e-15)
(-1.37364e-07 1.88124e-07 1.97579e-15)
(-1.06193e-07 3.17859e-07 1.03342e-15)
(-1.86025e-07 2.97407e-07 -2.00902e-15)
(-2.59524e-07 3.06233e-07 2.21196e-15)
(-3.41661e-07 3.40038e-07 -1.33922e-15)
(-3.92677e-07 3.92655e-07 -1.8828e-15)
(-4.48251e-07 4.41025e-07 3.44071e-15)
(-4.59865e-07 4.98447e-07 -4.60598e-17)
(-4.61093e-07 5.61048e-07 -2.78614e-15)
(-4.28989e-07 6.31247e-07 -3.49031e-15)
(-3.50033e-07 7.39934e-07 -2.84838e-18)
(-2.88472e-07 8.12944e-07 3.98233e-16)
(-2.60261e-07 8.4832e-07 1.08338e-15)
(-2.41223e-07 8.63918e-07 -6.06769e-16)
(-4.32289e-08 -3.03809e-07 -6.2575e-18)
(-8.81048e-08 -2.76933e-07 1.2926e-17)
(-1.31243e-07 -2.38947e-07 2.51699e-17)
(-1.7275e-07 -1.96701e-07 4.15682e-16)
(-1.99925e-07 -1.47216e-07 -6.63383e-16)
(-2.19591e-07 -9.10268e-08 8.37477e-17)
(-2.35593e-07 -3.93897e-08 7.7079e-16)
(-2.52376e-07 -4.41037e-09 8.72477e-16)
(-2.6772e-07 2.20566e-08 -1.46769e-15)
(-2.6339e-07 3.94389e-08 -1.4436e-15)
(-1.03648e-07 1.88546e-07 1.48277e-15)
(-5.19667e-08 3.32948e-07 1.57822e-15)
(-1.30376e-07 3.04894e-07 -1.72186e-15)
(-1.96643e-07 2.94939e-07 -1.84334e-15)
(-2.66974e-07 3.29788e-07 8.9268e-16)
(-3.3832e-07 3.55584e-07 9.43493e-16)
(-3.75651e-07 4.04926e-07 -6.81588e-16)
(-4.0924e-07 4.5322e-07 -7.67181e-16)
(-3.92125e-07 5.29358e-07 7.97164e-16)
(-3.31307e-07 6.59901e-07 2.78564e-16)
(-2.84087e-07 7.45445e-07 8.44516e-16)
(-2.49504e-07 7.98041e-07 2.8388e-16)
(-2.37574e-07 8.14855e-07 1.11964e-15)
(-2.48871e-07 7.96056e-07 -7.39069e-16)
(-3.80346e-08 -2.88958e-07 6.83913e-18)
(-7.85734e-08 -2.62453e-07 1.37077e-19)
(-1.15712e-07 -2.20887e-07 -8.10947e-17)
(-1.46842e-07 -1.7366e-07 1.13918e-16)
(-1.68424e-07 -1.2129e-07 1.53312e-16)
(-1.80838e-07 -6.47636e-08 -5.85158e-17)
(-1.90273e-07 -1.08196e-08 1.31217e-15)
(-1.99132e-07 3.04555e-08 -6.53768e-16)
(-2.23805e-07 4.71429e-08 7.6526e-16)
(-2.28062e-07 5.65355e-08 -1.29622e-16)
(-6.35391e-08 2.01448e-07 3.84041e-16)
(-1.08641e-08 3.42461e-07 -2.66017e-16)
(-7.94136e-08 3.09768e-07 -8.60275e-16)
(-1.40533e-07 2.92759e-07 1.76744e-15)
(-2.15713e-07 3.06911e-07 -6.07536e-17)
(-2.67399e-07 3.37474e-07 -1.15264e-15)
(-3.26557e-07 3.66101e-07 1.98482e-16)
(-3.33888e-07 4.36716e-07 1.68975e-15)
(-2.96589e-07 5.58744e-07 -2.00312e-15)
(-2.57916e-07 6.52651e-07 -1.78005e-16)
(-2.18554e-07 7.23684e-07 6.72466e-16)
(-2.12465e-07 7.5392e-07 9.00669e-16)
(-2.571e-07 7.28458e-07 -9.66862e-16)
(-2.77672e-07 7.19736e-07 -5.92176e-16)
(-2.40671e-07 6.89108e-07 2.51789e-16)
(-2.89601e-08 -2.13798e-07 -1.12593e-17)
(-5.70706e-08 -1.90583e-07 -1.3771e-17)
(-8.35407e-08 -1.6148e-07 7.21831e-17)
(-1.09111e-07 -1.28019e-07 -1.8859e-16)
(-1.2536e-07 -8.47842e-08 -2.05744e-16)
(-1.35376e-07 -3.44511e-08 7.26397e-16)
(-1.4178e-07 1.32524e-08 -7.84787e-17)
(-1.52845e-07 4.74276e-08 -9.83721e-16)
(-1.80149e-07 6.16037e-08 -1.66765e-16)
(-2.10082e-07 4.55157e-08 1.11289e-15)
(-4.401e-08 1.95417e-07 -1.91619e-15)
(2.76841e-08 3.53799e-07 -1.62051e-15)
(-3.59679e-08 3.2271e-07 2.73219e-15)
(-9.12679e-08 2.95155e-07 3.31199e-16)
(-1.55557e-07 3.11864e-07 -1.63235e-15)
(-2.28372e-07 3.14672e-07 -1.78804e-15)
(-2.54507e-07 3.68483e-07 1.6402e-15)
(-2.45218e-07 4.7026e-07 1.51756e-15)
(-2.17413e-07 5.56185e-07 -1.63528e-15)
(-1.83497e-07 6.3615e-07 -1.65565e-15)
(-1.82113e-07 6.71295e-07 1.48334e-15)
(-2.31069e-07 6.55811e-07 9.86709e-16)
(-2.51262e-07 6.50717e-07 -1.50293e-15)
(-2.67918e-07 6.53293e-07 -6.41077e-17)
(-2.58239e-07 6.46238e-07 8.58996e-16)
(-2.60008e-08 -1.81248e-07 6.5175e-18)
(-5.05796e-08 -1.72541e-07 -3.53614e-18)
(-7.13943e-08 -1.41213e-07 6.49428e-17)
(-8.87321e-08 -1.04574e-07 -1.17288e-16)
(-9.9015e-08 -6.29871e-08 -3.63723e-16)
(-1.02988e-07 -1.71743e-08 4.41903e-16)
(-9.89691e-08 2.93039e-08 1.50121e-16)
(-1.01906e-07 6.82431e-08 -1.16064e-15)
(-1.33518e-07 7.60474e-08 5.0319e-16)
(-2.01503e-07 3.18883e-08 1.26305e-16)
(-3.74034e-08 1.77673e-07 -7.66406e-16)
(6.11462e-08 3.79909e-07 1.07079e-15)
(1.68575e-09 3.43412e-07 1.64971e-15)
(-4.94451e-08 3.20616e-07 -1.25776e-15)
(-1.22217e-07 3.11179e-07 8.8932e-16)
(-1.61685e-07 3.39277e-07 -1.45565e-15)
(-1.78914e-07 4.08506e-07 -5.80492e-16)
(-1.70766e-07 4.80068e-07 1.01764e-15)
(-1.48004e-07 5.55062e-07 -2.02317e-16)
(-1.45612e-07 5.91298e-07 7.47279e-16)
(-1.81805e-07 5.85383e-07 -5.55642e-16)
(-2.0923e-07 5.87795e-07 1.079e-17)
(-2.47353e-07 6.01452e-07 8.1066e-16)
(-2.6409e-07 6.15159e-07 -7.94957e-16)
(-2.38582e-07 6.39197e-07 2.00728e-16)
(-1.90283e-08 -1.58747e-07 2.31497e-17)
(-4.28714e-08 -1.47154e-07 -1.49364e-17)
(-6.31336e-08 -1.23752e-07 -1.57361e-17)
(-7.6734e-08 -9.09346e-08 -8.38448e-17)
(-8.35084e-08 -5.27602e-08 -1.0755e-16)
(-8.06073e-08 -1.22085e-08 1.42249e-16)
(-7.28003e-08 3.16631e-08 3.87008e-16)
(-6.67717e-08 6.85765e-08 1.02682e-16)
(-8.14587e-08 8.2329e-08 -5.21376e-16)
(-2.06761e-07 6.73111e-09 6.17185e-16)
(-3.75884e-08 1.85567e-07 3.23507e-16)
(9.14685e-08 4.1765e-07 -2.89648e-16)
(2.89242e-08 3.98538e-07 -3.46937e-16)
(-2.3376e-08 3.49269e-07 2.18011e-16)
(-7.20437e-08 3.57675e-07 -5.37245e-16)
(-1.07873e-07 3.86132e-07 1.3304e-16)
(-1.16491e-07 4.3593e-07 -8.78568e-16)
(-1.07648e-07 4.9721e-07 1.18086e-15)
(-1.09156e-07 5.31368e-07 3.06587e-16)
(-1.37113e-07 5.34365e-07 -9.2988e-16)
(-1.62989e-07 5.3979e-07 1.98347e-16)
(-1.95665e-07 5.60043e-07 3.08229e-16)
(-2.04821e-07 5.78335e-07 6.6192e-16)
(-2.00946e-07 6.25808e-07 -1.54456e-16)
(-1.8703e-07 6.43631e-07 -3.75758e-16)
(-2.97548e-08 -2.67386e-07 -3.2611e-17)
(-5.61952e-08 -2.38025e-07 -1.43988e-18)
(-8.00754e-08 -1.99596e-07 6.25111e-18)
(-9.27177e-08 -1.46542e-07 -2.28671e-16)
(-9.20819e-08 -9.20993e-08 4.76314e-16)
(-7.7918e-08 -3.21969e-08 -3.18027e-17)
(-5.20326e-08 3.32635e-08 -5.14301e-16)
(-1.43833e-08 9.33548e-08 2.28e-16)
(1.98704e-08 1.47007e-07 1.69718e-16)
(-1.20032e-08 1.7241e-07 -8.37104e-17)
(-7.32162e-09 2.54435e-07 1.98058e-17)
(1.17392e-07 5.29296e-07 -1.65883e-16)
(4.47593e-08 4.66951e-07 -2.27678e-16)
(-3.78936e-09 3.89232e-07 -3.53111e-16)
(-4.22223e-08 3.83972e-07 6.12208e-16)
(-6.22876e-08 3.98876e-07 -3.00578e-16)
(-6.718e-08 4.40119e-07 2.89413e-16)
(-7.40077e-08 4.70729e-07 -4.55336e-17)
(-9.48514e-08 4.88821e-07 -2.9081e-16)
(-1.15166e-07 5.07678e-07 3.03971e-16)
(-1.37585e-07 5.43078e-07 2.85816e-16)
(-1.52155e-07 5.75098e-07 -1.14652e-16)
(-1.59245e-07 6.28102e-07 1.0959e-16)
(-1.53641e-07 6.63809e-07 -1.60883e-16)
(-1.41382e-07 6.90503e-07 1.70009e-17)
(-3.15109e-09 -4.94675e-08 -7.27025e-18)
(-9.14718e-09 -5.69771e-08 1.68074e-18)
(-1.50376e-08 -5.53523e-08 1.90674e-17)
(-2.40996e-08 -5.64606e-08 -9.06935e-17)
(-2.73321e-08 -4.55352e-08 6.49719e-17)
(-2.6634e-08 -2.97822e-08 1.26378e-16)
(-2.18445e-08 -8.15664e-09 -7.91385e-17)
(-5.46267e-09 1.90967e-08 -2.96135e-16)
(1.90569e-08 4.71697e-08 6.8537e-17)
(5.28589e-08 4.92512e-08 1.35715e-16)
(1.52998e-07 5.53919e-07 -1.17728e-16)
(1.31593e-07 7.13213e-07 -9.14779e-17)
(1.34181e-08 3.93647e-07 1.545e-16)
(-1.29124e-08 3.33157e-07 4.8792e-16)
(-2.5464e-08 3.47867e-07 -3.40772e-16)
(-3.12018e-08 3.85642e-07 -2.49191e-16)
(-3.42898e-08 4.30212e-07 1.16387e-16)
(-4.16772e-08 4.70955e-07 -6.77152e-16)
(-5.12216e-08 5.13928e-07 -2.2171e-16)
(-6.29731e-08 5.66659e-07 6.2792e-16)
(-7.64333e-08 6.23136e-07 9.54973e-17)
(-8.64198e-08 6.91817e-07 -3.68148e-16)
(-8.68555e-08 7.5753e-07 7.46135e-16)
(-8.78017e-08 8.2333e-07 2.24926e-16)
(-9.26079e-08 8.46188e-07 -1.54574e-16)
)
;

boundaryField
{
    inlet
    {
        type            calculated;
        value           nonuniform List<vector> 
25
(
(0.000410198 -4.9471e-08 -7.27025e-18)
(0.00208749 -5.69834e-08 1.68074e-18)
(0.00352329 -5.53583e-08 1.90674e-17)
(0.00432642 -5.64653e-08 -9.06935e-17)
(0.00410397 -4.55399e-08 6.49719e-17)
(0.00298658 -2.97851e-08 1.26378e-16)
(0.00105149 -8.15601e-09 -7.91385e-17)
(-0.00160038 1.91024e-08 -2.96135e-16)
(-0.00430951 4.7179e-08 6.8537e-17)
(-0.00100779 4.92589e-08 1.35715e-16)
(1.53003e-07 -0.0118522 -1.17728e-16)
(1.31592e-07 0.00554897 -9.14779e-17)
(1.34099e-08 0.0167521 1.545e-16)
(-1.29407e-08 0.0286762 4.8792e-16)
(-2.55043e-08 0.0434782 -3.40772e-16)
(-3.12679e-08 0.060115 -2.49191e-16)
(-3.43448e-08 0.0785079 1.16387e-16)
(-4.18212e-08 0.0990408 -6.77152e-16)
(-5.13869e-08 0.122301 -2.2171e-16)
(-6.33042e-08 0.149139 6.2792e-16)
(-7.68305e-08 0.18079 9.54973e-17)
(-8.72176e-08 0.21807 -3.68148e-16)
(-8.76549e-08 0.259297 7.46135e-16)
(-8.88146e-08 0.299293 2.24926e-16)
(-9.34726e-08 0.328038 -1.54574e-16)
)
;
    }
    outlet
    {
        type            calculated;
        value           nonuniform List<vector> 0();
    }
    walls
    {
        type            calculated;
        value           nonuniform List<vector> 0();
    }
    frontAndBack
    {
        type            empty;
    }
    procBoundary4to0
    {
        type            processor;
        value           nonuniform List<vector> 
72
(
(1.54846e-05 -8.2641e-05 -2.94633e-15)
(1.49411e-05 -7.80252e-05 -6.00336e-15)
(1.28918e-05 -7.39452e-05 2.60356e-15)
(1.0304e-05 -6.99427e-05 -1.68984e-15)
(8.41764e-06 -6.5564e-05 -1.88598e-15)
(6.68888e-06 -6.11901e-05 8.91987e-16)
(5.37342e-06 -5.68724e-05 1.09052e-15)
(4.28586e-06 -5.28046e-05 -1.83211e-15)
(3.38442e-06 -4.89418e-05 -2.13502e-17)
(2.60319e-06 -4.53456e-05 -8.35024e-16)
(1.93108e-06 -4.19114e-05 1.35946e-16)
(1.3271e-06 -3.86862e-05 -2.9288e-18)
(7.73713e-07 -3.55905e-05 6.75386e-16)
(3.52937e-07 -3.26757e-05 7.43476e-16)
(-1.88573e-08 -2.98894e-05 6.51533e-16)
(-2.6553e-07 -2.73529e-05 -1.48565e-15)
(-5.30766e-07 -2.49728e-05 3.20194e-18)
(-4.60352e-07 -2.27904e-05 -4.67903e-16)
(-3.49979e-07 -2.05376e-05 -1.12892e-15)
(-4.54803e-07 -1.8684e-05 8.4754e-17)
(-4.00326e-07 -1.70287e-05 5.88364e-17)
(-6.6648e-07 -1.56726e-05 8.39049e-16)
(-6.6648e-07 -1.56726e-05 8.39049e-16)
(6.73155e-07 -1.37512e-05 2.84935e-16)
(4.40243e-07 -1.27254e-05 3.1751e-15)
(2.64317e-07 -1.16569e-05 -2.40766e-16)
(1.14744e-07 -1.06739e-05 -2.06842e-15)
(1.58582e-08 -9.74955e-06 2.18062e-15)
(-4.67733e-08 -8.93164e-06 2.48925e-16)
(-7.6037e-08 -8.17434e-06 -3.34939e-17)
(-8.19998e-08 -7.49868e-06 -6.31192e-16)
(-7.48972e-08 -6.86115e-06 1.13265e-16)
(-6.73521e-08 -6.28475e-06 2.69391e-15)
(-5.95417e-08 -5.73619e-06 -2.49823e-16)
(-5.02972e-08 -5.23715e-06 -5.17471e-16)
(-4.10499e-08 -4.76459e-06 1.08898e-16)
(-3.53294e-08 -4.34659e-06 -6.24283e-17)
(-2.75787e-08 -3.96171e-06 5.0378e-16)
(-1.47457e-08 -3.62491e-06 -2.30844e-16)
(9.94034e-10 -3.31095e-06 1.18109e-16)
(1.39296e-08 -3.03095e-06 4.3209e-16)
(2.51905e-08 -2.76162e-06 2.39255e-16)
(3.51335e-08 -2.51024e-06 2.77736e-16)
(4.08729e-08 -2.26253e-06 -3.02466e-16)
(4.09311e-08 -2.0331e-06 -6.47684e-16)
(3.81076e-08 -1.81519e-06 9.82377e-18)
(3.34615e-08 -1.62143e-06 2.36415e-16)
(3.07805e-08 -1.44944e-06 4.12944e-16)
(2.66317e-08 -1.30859e-06 1.85778e-16)
(2.77155e-08 -1.18893e-06 6.96507e-17)
(3.21773e-08 -1.0825e-06 -3.7094e-16)
(3.60807e-08 -9.99573e-07 -4.40158e-18)
(4.69991e-08 -9.20639e-07 2.65525e-16)
(5.51926e-08 -8.59737e-07 -1.79623e-16)
(5.5768e-08 -7.49581e-07 2.3702e-16)
(6.18857e-08 -6.78554e-07 5.44724e-17)
(5.15865e-08 -6.36017e-07 -1.03563e-16)
(6.67229e-08 -6.73906e-07 4.94271e-17)
(3.55145e-08 -4.7529e-07 -2.23036e-16)
(1.74674e-08 -4.81237e-07 2.04095e-17)
(2.00915e-08 -4.63352e-07 3.93843e-17)
(1.07328e-08 -4.30485e-07 1.32113e-16)
(5.49254e-09 -4.0872e-07 3.05297e-17)
(4.61427e-09 -3.67218e-07 2.15059e-17)
(3.12e-09 -3.53575e-07 -5.43326e-17)
(4.01607e-09 -3.13689e-07 6.38895e-18)
(2.52909e-09 -3.06368e-07 -7.05481e-18)
(7.00368e-09 -2.08393e-07 -5.90515e-17)
(4.57338e-09 -1.91142e-07 3.53311e-17)
(-1.90295e-09 -1.65799e-07 -7.04869e-17)
(4.70301e-09 -2.79563e-07 -1.26604e-16)
(2.32991e-09 -3.74747e-08 -2.18148e-18)
)
;
    }
    procBoundary4to5
    {
        type            processor;
        value           nonuniform List<vector> 
95
(
(9.78526e-06 -9.9505e-05 4.02435e-15)
(1.60413e-07 -0.000109003 -1.76074e-16)
(-1.20797e-05 -0.0001129 2.33311e-19)
(-2.18408e-05 -0.000106132 9.00198e-15)
(-2.18408e-05 -0.000106132 9.00198e-15)
(-3.30874e-05 -0.000105007 -2.93907e-15)
(-4.5602e-05 -9.7776e-05 -3.58102e-15)
(-4.5602e-05 -9.7776e-05 -3.58102e-15)
(-5.38198e-05 -9.08843e-05 -2.51516e-14)
(-6.11856e-05 -7.86079e-05 -6.97186e-14)
(-6.11856e-05 -7.86079e-05 -6.97186e-14)
(-6.27526e-05 -6.12746e-05 -1.29144e-13)
(-6.27526e-05 -6.12746e-05 -1.29144e-13)
(-6.20705e-05 -4.93744e-05 6.09834e-15)
(-6.24538e-05 -4.67462e-05 4.15143e-14)
(-6.24538e-05 -4.67462e-05 4.15143e-14)
(-6.30478e-05 -3.8717e-05 1.06423e-14)
(-6.30478e-05 -3.8717e-05 1.06423e-14)
(-6.22031e-05 -3.07594e-05 9.87965e-16)
(-6.08185e-05 -2.87328e-05 -2.24608e-14)
(-6.08185e-05 -2.87328e-05 -2.24608e-14)
(-5.83586e-05 -1.93702e-05 -3.78054e-14)
(-5.69436e-05 -1.68102e-05 -9.84661e-14)
(-5.69436e-05 -1.68102e-05 -9.84661e-14)
(-5.34168e-05 -7.47466e-06 -7.3394e-14)
(-5.22731e-05 -5.52672e-06 9.87427e-14)
(-5.22731e-05 -5.52672e-06 9.87427e-14)
(-4.84256e-05 1.72019e-06 2.83248e-14)
(-4.76951e-05 2.44829e-06 9.71772e-15)
(-4.5463e-05 2.10476e-06 1.09081e-14)
(-4.5463e-05 2.10476e-06 1.09081e-14)
(-4.46844e-05 3.12499e-07 -1.01935e-13)
(-4.36021e-05 -6.86784e-07 4.03569e-14)
(-4.2026e-05 -1.2698e-06 2.94577e-14)
(-4.2026e-05 -1.2698e-06 2.94577e-14)
(-3.99192e-05 2.4076e-06 3.28882e-14)
(-3.8368e-05 3.1441e-06 2.95012e-14)
(-3.62506e-05 3.24159e-06 3.80921e-15)
(-3.62506e-05 3.24159e-06 3.80921e-15)
(-3.39909e-05 4.84014e-06 1.92492e-16)
(-3.27452e-05 4.82657e-06 -4.28242e-15)
(-3.1156e-05 4.69234e-06 9.36815e-14)
(-3.1156e-05 4.69234e-06 9.36815e-14)
(-2.91038e-05 6.6135e-06 3.00543e-14)
(-2.76047e-05 6.64014e-06 -4.55833e-14)
(-2.56987e-05 6.78372e-06 2.96815e-14)
(-2.41964e-05 6.54627e-06 -4.38782e-15)
(-2.23997e-05 6.14758e-06 -3.23089e-14)
(-2.23997e-05 6.14758e-06 -3.23089e-14)
(-2.15067e-05 6.44928e-06 -1.47457e-15)
(-1.97636e-05 5.58872e-06 1.98618e-14)
(-1.84283e-05 4.79077e-06 -1.87346e-14)
(-1.72288e-05 4.46939e-06 -6.92923e-15)
(-1.6153e-05 4.65923e-06 -1.12679e-14)
(-1.6153e-05 4.65923e-06 -1.12679e-14)
(-1.5361e-05 5.90042e-06 6.30878e-16)
(-1.44587e-05 6.31656e-06 1.58201e-14)
(-1.32448e-05 6.73399e-06 -1.23338e-15)
(-1.22484e-05 6.93071e-06 -1.12575e-15)
(-1.09472e-05 6.94022e-06 -1.62645e-16)
(-1.09472e-05 6.94022e-06 -1.62645e-16)
(-9.7348e-06 7.86757e-06 -3.46322e-15)
(-8.72475e-06 7.72908e-06 7.14653e-15)
(-7.51551e-06 7.45197e-06 1.94025e-15)
(-6.56369e-06 7.01906e-06 -1.21829e-15)
(-5.61756e-06 6.47157e-06 2.50914e-15)
(-4.97483e-06 5.85669e-06 -1.91131e-15)
(-4.19626e-06 5.14736e-06 -8.31361e-15)
(-4.19626e-06 5.14736e-06 -8.31361e-15)
(-3.56823e-06 4.98491e-06 1.43773e-15)
(-3.16122e-06 4.48786e-06 -1.2005e-15)
(-2.61743e-06 3.94984e-06 1.74057e-16)
(-2.22951e-06 3.49536e-06 -4.84034e-15)
(-1.80002e-06 3.0667e-06 -4.01475e-15)
(-1.51235e-06 2.71628e-06 4.08962e-15)
(-1.19631e-06 2.43462e-06 6.55596e-17)
(-1.00191e-06 2.27889e-06 4.14087e-16)
(-1.00191e-06 2.27889e-06 4.14087e-16)
(-7.42015e-07 2.03809e-06 -2.5611e-15)
(-6.22441e-07 1.76309e-06 -1.0024e-15)
(-5.37627e-07 1.47582e-06 -1.18567e-15)
(-4.18978e-07 1.29485e-06 -8.36305e-17)
(-3.692e-07 1.17972e-06 -1.71827e-15)
(-2.88225e-07 1.07093e-06 -1.27444e-16)
(-2.55978e-07 9.88559e-07 7.18866e-16)
(-1.95387e-07 9.22274e-07 1.01583e-15)
(-2.17922e-07 8.58553e-07 3.20217e-16)
(-1.93192e-07 7.71853e-07 -7.48067e-16)
(-1.93192e-07 7.71853e-07 -7.48067e-16)
(-1.39132e-07 6.76842e-07 4.38374e-20)
(-2.10602e-07 6.6689e-07 1.23599e-16)
(-1.62171e-07 6.6253e-07 -1.23407e-16)
(-1.46758e-07 6.76643e-07 1.26982e-16)
(-8.60785e-08 7.04994e-07 -6.72034e-17)
(-5.31555e-08 8.78417e-07 -2.60342e-16)
)
;
    }
}


// ************************************************************************* //
