/*--------------------------------*- C++ -*----------------------------------*\
| =========                 |                                                 |
| \\      /  F ield         | OpenFOAM: The Open Source CFD Toolbox           |
|  \\    /   O peration     | Version:  2306                                  |
|   \\  /    A nd           | Website:  www.openfoam.com                      |
|    \\/     M anipulation  |                                                 |
\*---------------------------------------------------------------------------*/
FoamFile
{
    version     2.0;
    format      ascii;
    arch        "LSB;label=32;scalar=64";
    class       volVectorField;
    location    "325";
    object      momentError;
}
// * * * * * * * * * * * * * * * * * * * * * * * * * * * * * * * * * * * * * //

dimensions      [0 1 -2 0 0 0 0];

internalField   nonuniform List<vector> 
1340
(
(-3.39265e-06 -3.16193e-06 6.04216e-16)
(-2.78765e-06 -1.00626e-05 -1.95222e-15)
(-3.77135e-06 -4.93433e-06 5.94323e-15)
(-3.96147e-06 -6.67643e-06 7.89967e-16)
(-3.69824e-06 -3.57901e-06 1.19902e-15)
(-2.41703e-06 -9.72457e-06 2.79443e-15)
(-3.78644e-06 -5.3973e-06 9.7586e-17)
(-3.76581e-06 -5.69873e-06 6.32761e-16)
(-4.18891e-06 -5.18933e-06 7.02459e-16)
(-3.93774e-06 -6.55463e-06 -3.92553e-16)
(-3.20464e-06 -3.32685e-06 -5.39299e-16)
(-2.12598e-06 -9.40289e-06 3.0568e-15)
(-4.40259e-06 -6.06034e-06 -1.32711e-15)
(-4.07797e-06 -5.7741e-06 2.76927e-15)
(-3.99098e-06 -5.71557e-06 8.46726e-18)
(-4.26131e-06 -5.64283e-06 1.68371e-18)
(-3.82169e-06 -5.70896e-06 1.20554e-15)
(-3.4791e-06 -4.91877e-06 -4.17128e-15)
(-3.40708e-06 -6.25839e-06 -2.20945e-15)
(-3.01129e-06 -2.9852e-06 1.56432e-17)
(-1.96062e-06 -9.09185e-06 -5.43808e-15)
(-5.40688e-06 -7.02738e-06 2.16835e-16)
(-5.35158e-06 -6.91597e-06 -2.65791e-16)
(-5.01698e-06 -6.68213e-06 1.83293e-16)
(-4.6703e-06 -6.45556e-06 1.12164e-15)
(-4.63909e-06 -6.34215e-06 -4.12161e-16)
(-5.05849e-06 -6.37413e-06 2.70066e-15)
(-4.66251e-06 -6.06584e-06 -8.21368e-16)
(-4.10599e-06 -5.77735e-06 -1.39455e-15)
(-3.47311e-06 -5.38121e-06 -1.75788e-17)
(-3.22421e-06 -5.43495e-06 -1.83138e-16)
(-3.27729e-06 -4.59981e-06 2.71593e-15)
(-3.19615e-06 -6.00723e-06 1.51738e-15)
(-2.84631e-06 -2.99313e-06 3.0387e-18)
(-1.76892e-06 -8.79092e-06 4.39438e-16)
(-6.13172e-06 -7.72538e-06 -9.60139e-16)
(-5.86213e-06 -7.58992e-06 2.2162e-16)
(-5.64667e-06 -7.42969e-06 3.47379e-16)
(-5.33473e-06 -7.25826e-06 1.1131e-15)
(-5.43319e-06 -7.2067e-06 1.02637e-15)
(-6.1235e-06 -7.32024e-06 -3.98628e-16)
(-6.30754e-06 -7.34773e-06 -6.26405e-16)
(-5.87572e-06 -7.06898e-06 -5.66783e-16)
(-5.48413e-06 -6.80029e-06 1.68767e-15)
(-4.82063e-06 -6.43171e-06 -1.1135e-16)
(-3.95609e-06 -6.03285e-06 -6.816e-16)
(-3.69094e-06 -5.7589e-06 8.58221e-16)
(-3.39072e-06 -5.47409e-06 -6.31191e-16)
(-3.20852e-06 -5.07259e-06 1.5171e-17)
(-3.03802e-06 -5.2073e-06 -1.63055e-16)
(-3.09209e-06 -4.54618e-06 6.20664e-16)
(-3.00017e-06 -5.83371e-06 7.21178e-16)
(-2.6871e-06 -2.92374e-06 2.62418e-17)
(-1.5768e-06 -8.48926e-06 -2.31095e-16)
(-7.22884e-06 -8.61815e-06 4.63446e-16)
(-6.94239e-06 -8.43815e-06 8.07232e-16)
(-6.66215e-06 -8.2123e-06 9.94162e-16)
(-6.39041e-06 -7.96017e-06 -2.5678e-16)
(-6.14453e-06 -7.68878e-06 7.71686e-16)
(-5.74525e-06 -7.47162e-06 -7.49376e-16)
(-5.97944e-06 -7.53655e-06 -2.2899e-15)
(-7.30319e-06 -7.96537e-06 -1.15923e-15)
(-6.95396e-06 -7.88947e-06 6.27376e-16)
(-6.60585e-06 -7.70957e-06 1.01974e-16)
(-6.28785e-06 -7.52053e-06 1.45326e-15)
(-5.55895e-06 -7.19901e-06 -2.24426e-16)
(-4.50713e-06 -6.80018e-06 -5.21516e-17)
(-4.58823e-06 -6.80501e-06 8.04862e-17)
(-4.33158e-06 -6.58171e-06 -5.61863e-17)
(-4.10133e-06 -6.36785e-06 -5.39991e-16)
(-3.80355e-06 -6.0297e-06 1.0757e-15)
(-3.60728e-06 -5.64535e-06 -9.6985e-16)
(-3.40054e-06 -5.40881e-06 1.2338e-16)
(-3.14701e-06 -5.23359e-06 1.72695e-15)
(-2.98547e-06 -5.00713e-06 -3.73586e-17)
(-2.84581e-06 -5.09816e-06 1.70598e-16)
(-2.9187e-06 -4.43497e-06 -1.40752e-15)
(-2.80845e-06 -5.64018e-06 -1.67646e-15)
(-2.53307e-06 -2.8531e-06 -2.11121e-17)
(-1.38553e-06 -8.19012e-06 6.30228e-16)
(-1.16132e-05 -8.70488e-06 -2.39439e-16)
(-1.09971e-05 -8.67591e-06 2.68142e-16)
(-1.04007e-05 -8.60442e-06 -1.10571e-16)
(-9.86117e-06 -8.53369e-06 -2.15868e-16)
(-9.35337e-06 -8.45628e-06 7.03337e-16)
(-8.90211e-06 -8.38726e-06 -5.63978e-16)
(-8.47873e-06 -8.31867e-06 9.9191e-17)
(-8.09847e-06 -8.25615e-06 6.16083e-16)
(-7.75502e-06 -8.18738e-06 -6.1474e-16)
(-7.48362e-06 -8.13367e-06 -1.8583e-15)
(-6.83116e-06 -8.02738e-06 3.37803e-17)
(-7.04934e-06 -8.25356e-06 -3.5446e-16)
(-9.46583e-06 -8.88375e-06 3.28172e-16)
(-9.0334e-06 -8.70938e-06 3.45037e-16)
(-8.64649e-06 -8.50792e-06 -1.00434e-16)
(-8.21672e-06 -8.23053e-06 -2.23453e-16)
(-7.83717e-06 -8.00697e-06 7.12643e-16)
(-7.42125e-06 -7.74806e-06 -2.74369e-16)
(-6.37919e-06 -7.43007e-06 -4.00507e-16)
(-4.79915e-06 -7.16822e-06 3.30291e-16)
(-4.64955e-06 -7.07936e-06 -1.0045e-15)
(-4.48925e-06 -6.9837e-06 6.39846e-16)
(-4.33525e-06 -6.8788e-06 -3.79414e-16)
(-4.09954e-06 -6.60152e-06 -5.21349e-16)
(-3.99778e-06 -6.23028e-06 2.87822e-16)
(-4.09399e-06 -6.23819e-06 2.01584e-16)
(-3.89546e-06 -6.07277e-06 4.20762e-16)
(-3.70258e-06 -5.90009e-06 -4.56552e-16)
(-3.47166e-06 -5.71039e-06 -7.81238e-16)
(-3.29351e-06 -5.54504e-06 2.68957e-16)
(-3.11834e-06 -5.32013e-06 4.30377e-17)
(-2.91047e-06 -5.13732e-06 -1.72238e-16)
(-2.76977e-06 -4.87723e-06 1.24179e-17)
(-2.65626e-06 -4.95213e-06 -1.38844e-16)
(-2.74871e-06 -4.32536e-06 2.83405e-15)
(-2.6256e-06 -5.44532e-06 -1.33369e-16)
(-2.37798e-06 -2.78419e-06 2.6819e-16)
(-1.1996e-06 -7.8956e-06 -9.54609e-17)
(-6.73271e-05 -3.62021e-05 -7.59033e-17)
(-6.69077e-05 -3.29819e-05 -2.39112e-17)
(-6.37028e-05 -3.13062e-05 -2.77019e-18)
(-6.05383e-05 -2.96057e-05 -2.61503e-17)
(-5.73439e-05 -2.80494e-05 -1.17659e-17)
(-5.42214e-05 -2.6553e-05 -8.89454e-18)
(-5.12338e-05 -2.51558e-05 2.48426e-17)
(-4.84488e-05 -2.3882e-05 6.72123e-17)
(-4.58487e-05 -2.26978e-05 -2.89458e-17)
(-4.34836e-05 -2.15937e-05 -5.41154e-17)
(-4.13196e-05 -2.05529e-05 2.53327e-17)
(-3.93803e-05 -1.95868e-05 -5.02907e-17)
(-3.7616e-05 -1.86834e-05 -6.09913e-17)
(-3.60478e-05 -1.78491e-05 -5.36874e-17)
(-3.46135e-05 -1.70683e-05 -1.08119e-16)
(-3.33384e-05 -1.63344e-05 -1.02443e-17)
(-3.2153e-05 -1.56441e-05 -8.98378e-17)
(-3.10904e-05 -1.49933e-05 -5.33955e-17)
(-3.00771e-05 -1.43853e-05 -1.20536e-16)
(-2.9151e-05 -1.38043e-05 -1.00106e-17)
(-2.8243e-05 -1.32505e-05 1.40527e-16)
(-2.73993e-05 -1.27278e-05 1.41597e-16)
(-2.65499e-05 -1.22455e-05 -8.45865e-17)
(-2.57512e-05 -1.17836e-05 5.85591e-17)
(-2.4932e-05 -1.13396e-05 1.26206e-16)
(-2.41555e-05 -1.09261e-05 1.14927e-17)
(-2.33544e-05 -1.05517e-05 -1.07162e-16)
(-2.25949e-05 -1.02035e-05 -7.39825e-18)
(-2.18064e-05 -9.86323e-06 2.56483e-17)
(-2.10543e-05 -9.54901e-06 -1.19019e-17)
(-2.02778e-05 -9.27504e-06 -9.52284e-17)
(-1.95339e-05 -9.02067e-06 8.13102e-17)
(-1.87612e-05 -8.77609e-06 -2.4099e-16)
(-1.80239e-05 -8.59073e-06 -9.33979e-17)
(-1.72665e-05 -8.40607e-06 1.70058e-16)
(-1.65349e-05 -8.25187e-06 3.13041e-17)
(-1.57921e-05 -8.10826e-06 2.104e-17)
(-1.50713e-05 -7.99148e-06 -3.2555e-17)
(-1.43374e-05 -7.87959e-06 4.52575e-17)
(-1.36631e-05 -7.73166e-06 2.55571e-16)
(-1.32093e-05 -7.6931e-06 -9.47148e-17)
(-1.13513e-05 -7.5393e-06 2.14453e-18)
(-1.05643e-05 -7.75508e-06 1.815e-17)
(-1.4563e-05 -8.74157e-06 -1.51015e-16)
(-1.4074e-05 -8.71877e-06 7.08174e-16)
(-1.35138e-05 -8.64714e-06 1.44946e-17)
(-1.29851e-05 -8.58992e-06 -6.5727e-16)
(-1.24511e-05 -8.53947e-06 5.98802e-16)
(-1.19541e-05 -8.49005e-06 3.82735e-16)
(-1.1443e-05 -8.439e-06 -7.98584e-17)
(-1.09679e-05 -8.38689e-06 9.911e-18)
(-1.0475e-05 -8.32647e-06 -6.37526e-16)
(-1.00633e-05 -8.25452e-06 -1.00421e-15)
(-9.69923e-06 -8.16564e-06 -6.10104e-17)
(-8.12932e-06 -7.85306e-06 -2.14394e-16)
(-5.63204e-06 -7.54866e-06 3.17237e-16)
(-5.45419e-06 -7.49492e-06 -7.38552e-17)
(-5.27429e-06 -7.35622e-06 -1.4383e-15)
(-5.10204e-06 -7.21933e-06 -4.97867e-17)
(-4.87861e-06 -7.0368e-06 4.51525e-16)
(-4.70371e-06 -6.90757e-06 2.13347e-16)
(-4.33764e-06 -6.626e-06 5.01287e-16)
(-4.24006e-06 -6.34616e-06 4.15991e-16)
(-4.08071e-06 -6.31037e-06 6.61534e-16)
(-3.93733e-06 -6.265e-06 1.12126e-15)
(-3.82123e-06 -6.21116e-06 2.59652e-17)
(-3.65444e-06 -6.10069e-06 1.34377e-16)
(-3.54903e-06 -6.01579e-06 -1.80617e-16)
(-3.64946e-06 -6.06161e-06 -1.64927e-16)
(-3.47582e-06 -5.91839e-06 8.42977e-16)
(-3.31951e-06 -5.77149e-06 -6.83957e-16)
(-3.14174e-06 -5.56804e-06 -4.30321e-17)
(-2.99449e-06 -5.3625e-06 -5.80694e-16)
(-2.84336e-06 -5.15523e-06 7.62786e-16)
(-2.67025e-06 -4.98539e-06 -3.18084e-16)
(-2.55556e-06 -4.74284e-06 4.24019e-17)
(-2.47227e-06 -4.79926e-06 8.8267e-17)
(-2.58246e-06 -4.21269e-06 -1.91267e-15)
(-2.44983e-06 -5.25045e-06 7.61514e-16)
(-2.22281e-06 -2.71676e-06 1.79991e-16)
(-1.01586e-06 -7.6036e-06 6.7256e-18)
(-7.25471e-05 -3.00498e-05 -1.368e-17)
(-7.53022e-05 -2.83877e-05 -9.7214e-18)
(-7.40267e-05 -2.68773e-05 8.61623e-18)
(-7.2112e-05 -2.54021e-05 -1.06483e-18)
(-6.97436e-05 -2.40388e-05 -1.19121e-17)
(-6.70869e-05 -2.27208e-05 3.79069e-17)
(-6.42445e-05 -2.14885e-05 1.29777e-17)
(-6.13249e-05 -2.03417e-05 -1.01033e-17)
(-5.83844e-05 -1.92798e-05 3.17941e-17)
(-5.55008e-05 -1.82799e-05 -4.03462e-18)
(-5.27044e-05 -1.73551e-05 3.44959e-17)
(-5.00386e-05 -1.64952e-05 5.52129e-17)
(-4.75133e-05 -1.57174e-05 -3.68586e-17)
(-4.51556e-05 -1.49951e-05 4.63794e-17)
(-4.29542e-05 -1.43492e-05 -2.80681e-17)
(-4.09266e-05 -1.37491e-05 -9.07899e-17)
(-3.90468e-05 -1.32161e-05 -6.60507e-18)
(-3.73281e-05 -1.27177e-05 2.18934e-17)
(-3.57373e-05 -1.22816e-05 1.85449e-17)
(-3.42825e-05 -1.18692e-05 -2.34438e-17)
(-3.29301e-05 -1.15025e-05 -1.04084e-17)
(-3.16893e-05 -1.11417e-05 -3.38899e-18)
(-3.05233e-05 -1.08268e-05 -2.54971e-17)
(-2.94461e-05 -1.0515e-05 -4.17484e-17)
(-2.84197e-05 -1.02311e-05 1.27006e-17)
(-2.74616e-05 -9.93735e-06 5.61302e-17)
(-2.65372e-05 -9.68623e-06 -4.90731e-17)
(-2.56715e-05 -9.43159e-06 4.72367e-17)
(-2.48262e-05 -9.20409e-06 -2.22842e-17)
(-2.40258e-05 -8.96385e-06 4.62023e-17)
(-2.32378e-05 -8.78133e-06 -1.09886e-16)
(-2.2495e-05 -8.59556e-06 -1.16799e-16)
(-2.17541e-05 -8.43529e-06 -8.71666e-18)
(-2.10504e-05 -8.27929e-06 -1.98071e-16)
(-2.03591e-05 -8.19705e-06 -2.37242e-17)
(-1.96902e-05 -8.09733e-06 8.08411e-17)
(-1.90267e-05 -8.03781e-06 3.98112e-17)
(-1.83804e-05 -7.95246e-06 3.12142e-17)
(-1.77255e-05 -7.89939e-06 6.15767e-17)
(-1.70451e-05 -7.81493e-06 1.89248e-16)
(-1.65546e-05 -7.70185e-06 -1.5809e-17)
(-1.62544e-05 -7.65639e-06 -1.31167e-16)
(-1.36987e-05 -7.35059e-06 1.17861e-16)
(-9.34585e-06 -6.89536e-06 -2.65803e-16)
(-8.86828e-06 -6.94008e-06 -4.51952e-16)
(-8.44847e-06 -6.91219e-06 2.55288e-17)
(-8.0497e-06 -6.91008e-06 1.98776e-16)
(-7.6713e-06 -6.91085e-06 -2.89549e-16)
(-7.3137e-06 -6.92306e-06 2.64927e-16)
(-6.96716e-06 -6.93213e-06 1.167e-16)
(-6.63972e-06 -6.94173e-06 2.15992e-16)
(-6.31582e-06 -6.94214e-06 4.97972e-16)
(-6.03299e-06 -6.92846e-06 5.4091e-16)
(-5.79553e-06 -6.90971e-06 -2.29382e-17)
(-5.40101e-06 -6.6921e-06 -4.92038e-17)
(-5.34895e-06 -6.40877e-06 1.66467e-16)
(-5.15846e-06 -6.40768e-06 1.84756e-16)
(-4.9284e-06 -6.36014e-06 1.12648e-15)
(-4.72078e-06 -6.28575e-06 1.56593e-17)
(-4.48655e-06 -6.20321e-06 -1.05777e-15)
(-4.27533e-06 -6.11554e-06 1.09747e-16)
(-3.96245e-06 -6.05166e-06 -5.13582e-16)
(-3.75499e-06 -6.06526e-06 -2.637e-16)
(-3.59849e-06 -6.02624e-06 9.41354e-19)
(-3.46472e-06 -5.98754e-06 -9.20704e-16)
(-3.36035e-06 -5.94592e-06 1.03948e-16)
(-3.24344e-06 -5.84201e-06 5.71427e-17)
(-3.14518e-06 -5.70294e-06 -1.02338e-17)
(-3.24511e-06 -5.79631e-06 1.32823e-16)
(-3.07839e-06 -5.67313e-06 -4.4068e-16)
(-2.95629e-06 -5.52709e-06 2.13102e-16)
(-2.8138e-06 -5.34514e-06 1.08511e-16)
(-2.69788e-06 -5.15844e-06 4.23e-17)
(-2.57758e-06 -4.97358e-06 -1.82673e-15)
(-2.43542e-06 -4.82039e-06 -5.39334e-16)
(-2.34802e-06 -4.59622e-06 -1.50459e-17)
(-2.29433e-06 -4.64341e-06 3.64624e-17)
(-2.42105e-06 -4.10285e-06 -1.43937e-15)
(-2.27866e-06 -5.0526e-06 4.97175e-16)
(-2.06654e-06 -2.64531e-06 -4.05508e-16)
(-8.34228e-07 -7.31464e-06 1.07397e-17)
(-6.41332e-05 -2.64641e-05 -1.24945e-17)
(-6.93102e-05 -2.61015e-05 -5.10795e-18)
(-7.05195e-05 -2.5277e-05 1.23614e-17)
(-7.07673e-05 -2.43071e-05 8.18636e-18)
(-7.02634e-05 -2.33293e-05 -3.79514e-18)
(-6.91264e-05 -2.23496e-05 -3.65751e-18)
(-6.74934e-05 -2.13932e-05 1.39279e-17)
(-6.54712e-05 -2.0447e-05 -1.00209e-17)
(-6.31673e-05 -1.95089e-05 -3.13414e-18)
(-6.0666e-05 -1.85951e-05 1.5489e-17)
(-5.80534e-05 -1.77162e-05 -1.89775e-18)
(-5.53749e-05 -1.68614e-05 2.28327e-17)
(-5.27026e-05 -1.60421e-05 2.06533e-17)
(-5.00592e-05 -1.52621e-05 -1.28002e-17)
(-4.74923e-05 -1.45313e-05 3.66173e-17)
(-4.50063e-05 -1.38422e-05 -1.04096e-17)
(-4.26338e-05 -1.32028e-05 -2.52542e-17)
(-4.03677e-05 -1.26084e-05 3.12099e-17)
(-3.82311e-05 -1.20652e-05 1.58742e-17)
(-3.62044e-05 -1.15627e-05 2.35003e-18)
(-3.4307e-05 -1.11085e-05 -9.74057e-18)
(-3.25129e-05 -1.06845e-05 -6.92591e-17)
(-3.08355e-05 -1.02942e-05 3.68194e-18)
(-2.92481e-05 -9.92718e-06 -3.64981e-17)
(-2.7761e-05 -9.5941e-06 -1.08977e-17)
(-2.63467e-05 -9.26893e-06 1.8527e-17)
(-2.50173e-05 -8.95731e-06 3.52151e-17)
(-2.3748e-05 -8.65435e-06 3.41014e-18)
(-2.25489e-05 -8.38087e-06 8.4211e-18)
(-2.13961e-05 -8.10656e-06 -1.09556e-17)
(-2.03044e-05 -7.8414e-06 2.80971e-17)
(-1.9258e-05 -7.59317e-06 -5.90605e-17)
(-1.82646e-05 -7.3861e-06 -1.41018e-17)
(-1.73107e-05 -7.1709e-06 3.87826e-17)
(-1.64103e-05 -7.00648e-06 -1.15781e-16)
(-1.55533e-05 -6.86225e-06 -6.01394e-17)
(-1.47374e-05 -6.75416e-06 2.07963e-17)
(-1.39649e-05 -6.65518e-06 -1.70315e-17)
(-1.32213e-05 -6.60619e-06 -3.33312e-17)
(-1.24755e-05 -6.54473e-06 -5.14383e-17)
(-1.18477e-05 -6.46917e-06 3.91629e-17)
(-1.13878e-05 -6.44259e-06 -4.01285e-17)
(-1.05702e-05 -6.22274e-06 -1.14856e-16)
(-1.0435e-05 -5.98706e-06 4.6489e-17)
(-9.90264e-06 -6.01879e-06 -2.38371e-16)
(-9.37477e-06 -6.01285e-06 3.17337e-19)
(-8.85667e-06 -6.00924e-06 1.47453e-17)
(-8.36795e-06 -6.00761e-06 1.70985e-16)
(-7.88937e-06 -6.01202e-06 -3.33649e-16)
(-7.44136e-06 -6.0155e-06 1.43964e-19)
(-7.00382e-06 -6.02175e-06 3.58367e-16)
(-6.59632e-06 -6.02802e-06 -1.1865e-16)
(-6.20884e-06 -6.02551e-06 4.96367e-16)
(-5.90501e-06 -6.03679e-06 2.98472e-17)
(-5.4179e-06 -6.02408e-06 -6.52518e-17)
(-5.09189e-06 -6.1065e-06 -6.43382e-17)
(-4.81814e-06 -6.09654e-06 -4.20485e-18)
(-4.57631e-06 -6.07951e-06 -6.34397e-16)
(-4.33103e-06 -6.03259e-06 2.19465e-16)
(-4.1043e-06 -5.97092e-06 6.07113e-16)
(-3.89202e-06 -5.90169e-06 -1.34399e-16)
(-3.62327e-06 -5.80411e-06 1.00799e-15)
(-3.41989e-06 -5.7349e-06 1.48836e-17)
(-3.23592e-06 -5.67825e-06 -1.84782e-16)
(-3.08565e-06 -5.64828e-06 -2.21813e-16)
(-2.97925e-06 -5.59696e-06 -2.70751e-16)
(-2.86575e-06 -5.50473e-06 5.21107e-16)
(-2.78856e-06 -5.41518e-06 1.23196e-16)
(-2.87033e-06 -5.5136e-06 2.62877e-16)
(-2.74006e-06 -5.40364e-06 -4.81923e-16)
(-2.62687e-06 -5.27053e-06 1.51524e-16)
(-2.52069e-06 -5.1089e-06 -1.12321e-16)
(-2.4279e-06 -4.93924e-06 -1.17109e-15)
(-2.32449e-06 -4.7802e-06 -3.83474e-16)
(-2.21093e-06 -4.64777e-06 1.39214e-16)
(-2.14763e-06 -4.44752e-06 9.83253e-18)
(-2.12333e-06 -4.4796e-06 1.81989e-16)
(-2.26262e-06 -3.98297e-06 2.68115e-16)
(-2.10898e-06 -4.85304e-06 -8.99811e-16)
(-1.90944e-06 -2.5759e-06 -2.02951e-16)
(-6.5074e-07 -7.02599e-06 -5.1377e-16)
(-4.8984e-05 -2.76256e-05 6.81461e-18)
(-5.59966e-05 -2.6596e-05 -2.02436e-18)
(-5.96649e-05 -2.53503e-05 -9.01032e-18)
(-6.22282e-05 -2.41835e-05 -2.64037e-18)
(-6.38889e-05 -2.31036e-05 5.94567e-18)
(-6.47202e-05 -2.20889e-05 -2.58413e-19)
(-6.48319e-05 -2.11441e-05 -4.50405e-18)
(-6.43321e-05 -2.02384e-05 1.85925e-18)
(-6.33178e-05 -1.93553e-05 -2.0162e-17)
(-6.18913e-05 -1.8505e-05 -1.31719e-17)
(-6.01439e-05 -1.76914e-05 -1.01669e-17)
(-5.81488e-05 -1.69063e-05 -1.96663e-18)
(-5.59831e-05 -1.61439e-05 2.68176e-17)
(-5.37051e-05 -1.54148e-05 -7.73051e-18)
(-5.13684e-05 -1.47219e-05 -3.10253e-17)
(-4.90134e-05 -1.40641e-05 1.47825e-17)
(-4.66754e-05 -1.3439e-05 -1.00241e-17)
(-4.43815e-05 -1.2854e-05 -4.74136e-17)
(-4.21549e-05 -1.23106e-05 -6.82492e-18)
(-4.00074e-05 -1.18033e-05 -5.62955e-19)
(-3.79534e-05 -1.13344e-05 4.05325e-17)
(-3.5994e-05 -1.09008e-05 5.26218e-17)
(-3.41348e-05 -1.05046e-05 5.02391e-18)
(-3.23728e-05 -1.01332e-05 1.90171e-17)
(-3.07082e-05 -9.79253e-06 -3.24757e-19)
(-2.9134e-05 -9.47122e-06 3.36148e-17)
(-2.76476e-05 -9.17169e-06 -1.49587e-17)
(-2.62399e-05 -8.87748e-06 -3.48666e-18)
(-2.49071e-05 -8.60303e-06 -2.17772e-18)
(-2.36404e-05 -8.33158e-06 7.36956e-18)
(-2.24391e-05 -8.07543e-06 -2.85282e-18)
(-2.12945e-05 -7.8103e-06 2.88873e-17)
(-2.02048e-05 -7.57052e-06 -3.89231e-19)
(-1.9166e-05 -7.33909e-06 8.22771e-19)
(-1.81752e-05 -7.10489e-06 2.12067e-17)
(-1.72252e-05 -6.87784e-06 7.08761e-17)
(-1.63141e-05 -6.69569e-06 -4.42197e-17)
(-1.54427e-05 -6.52202e-06 -2.93842e-18)
(-1.46094e-05 -6.38421e-06 4.89832e-17)
(-1.37787e-05 -6.26345e-06 4.60941e-18)
(-1.30177e-05 -6.14627e-06 -8.50703e-17)
(-1.24098e-05 -6.08416e-06 3.69129e-17)
(-1.1492e-05 -6.03347e-06 7.77382e-17)
(-1.07415e-05 -6.06756e-06 2.01328e-16)
(-1.01056e-05 -6.06281e-06 2.11868e-16)
(-9.50446e-06 -6.05825e-06 4.92847e-17)
(-8.92806e-06 -6.05291e-06 -7.55935e-18)
(-8.38169e-06 -6.03748e-06 -1.04045e-16)
(-7.85909e-06 -6.02409e-06 1.19926e-16)
(-7.3642e-06 -6.00451e-06 -5.44749e-17)
(-6.89543e-06 -5.9866e-06 -2.77392e-16)
(-6.45287e-06 -5.96352e-06 -1.76955e-16)
(-6.04127e-06 -5.93204e-06 -7.99268e-17)
(-5.70018e-06 -5.90489e-06 -4.79474e-17)
(-5.2726e-06 -5.83511e-06 4.23751e-17)
(-4.93567e-06 -5.79475e-06 -4.06224e-16)
(-4.61784e-06 -5.76761e-06 -1.9247e-16)
(-4.33161e-06 -5.7362e-06 -2.25994e-16)
(-4.06923e-06 -5.69282e-06 -5.52843e-16)
(-3.82067e-06 -5.64064e-06 1.254e-16)
(-3.60051e-06 -5.5812e-06 -1.40629e-16)
(-3.34455e-06 -5.49767e-06 -5.43873e-16)
(-3.13264e-06 -5.42168e-06 5.71151e-16)
(-2.94426e-06 -5.37149e-06 7.14591e-16)
(-2.78379e-06 -5.3137e-06 -1.12861e-16)
(-2.67689e-06 -5.26986e-06 -3.33012e-16)
(-2.55876e-06 -5.19205e-06 -7.9778e-18)
(-2.48662e-06 -5.11626e-06 -6.4641e-17)
(-2.57769e-06 -5.24417e-06 1.59078e-16)
(-2.44805e-06 -5.13339e-06 1.27665e-16)
(-2.35612e-06 -5.00918e-06 1.04702e-16)
(-2.26316e-06 -4.85386e-06 3.01844e-16)
(-2.17488e-06 -4.7166e-06 5.75345e-16)
(-2.08124e-06 -4.57942e-06 2.44271e-16)
(-1.99125e-06 -4.45924e-06 5.51253e-17)
(-1.9538e-06 -4.27776e-06 -1.39378e-16)
(-1.95245e-06 -4.30542e-06 -9.72188e-16)
(-2.10177e-06 -3.86301e-06 4.26311e-16)
(-1.93956e-06 -4.6469e-06 4.60157e-16)
(-1.75192e-06 -2.50263e-06 6.12624e-16)
(-4.70857e-07 -6.74097e-06 1.88963e-15)
(-3.05095e-05 -3.10905e-05 4.92309e-19)
(-3.81075e-05 -3.03466e-05 1.82288e-18)
(-4.34589e-05 -2.90888e-05 6.03295e-18)
(-4.78206e-05 -2.7835e-05 1.81913e-18)
(-5.13366e-05 -2.66076e-05 -3.24312e-18)
(-5.40142e-05 -2.54166e-05 -1.44217e-18)
(-5.59136e-05 -2.42725e-05 -2.46204e-19)
(-5.71021e-05 -2.31747e-05 -6.65896e-20)
(-5.76499e-05 -2.21278e-05 3.0345e-20)
(-5.76355e-05 -2.11206e-05 -8.03921e-18)
(-5.71426e-05 -2.01578e-05 9.68622e-18)
(-5.62403e-05 -1.92389e-05 -7.07832e-18)
(-5.50081e-05 -1.83672e-05 -1.72629e-17)
(-5.35104e-05 -1.75286e-05 -1.03256e-17)
(-5.18105e-05 -1.67256e-05 -3.77311e-18)
(-4.99627e-05 -1.59625e-05 3.27469e-18)
(-4.80155e-05 -1.52409e-05 1.41378e-18)
(-4.60098e-05 -1.45563e-05 -1.21945e-17)
(-4.3981e-05 -1.39112e-05 -1.80791e-17)
(-4.1955e-05 -1.33081e-05 -4.89615e-18)
(-3.99582e-05 -1.27477e-05 3.11717e-18)
(-3.80034e-05 -1.22276e-05 1.95907e-17)
(-3.61069e-05 -1.17487e-05 -2.73397e-17)
(-3.42757e-05 -1.13084e-05 6.02931e-18)
(-3.25185e-05 -1.0902e-05 -2.23607e-17)
(-3.08356e-05 -1.0524e-05 1.23682e-17)
(-2.92326e-05 -1.01746e-05 3.37596e-17)
(-2.77029e-05 -9.84465e-06 -2.59979e-17)
(-2.62468e-05 -9.52965e-06 -4.72268e-17)
(-2.48587e-05 -9.22361e-06 -1.33403e-17)
(-2.3543e-05 -8.93125e-06 9.92225e-17)
(-2.22924e-05 -8.64681e-06 6.59307e-17)
(-2.11004e-05 -8.36627e-06 5.49492e-17)
(-1.99652e-05 -8.08987e-06 -4.93651e-19)
(-1.88849e-05 -7.84553e-06 -5.80205e-17)
(-1.78487e-05 -7.60599e-06 -6.42648e-17)
(-1.68572e-05 -7.39481e-06 4.87835e-17)
(-1.591e-05 -7.19874e-06 -2.02088e-17)
(-1.50159e-05 -7.03624e-06 -6.40297e-17)
(-1.41375e-05 -6.87843e-06 4.9793e-17)
(-1.33115e-05 -6.72468e-06 -1.32385e-17)
(-1.26136e-05 -6.60909e-06 2.98235e-19)
(-1.17779e-05 -6.46983e-06 -3.83493e-17)
(-1.1066e-05 -6.37013e-06 3.23761e-18)
(-1.03703e-05 -6.30358e-06 -1.72688e-16)
(-9.71365e-06 -6.2327e-06 -1.14783e-16)
(-9.09062e-06 -6.17216e-06 -2.42493e-17)
(-8.5038e-06 -6.1071e-06 -2.30185e-16)
(-7.94654e-06 -6.04909e-06 -1.81454e-16)
(-7.4225e-06 -5.98674e-06 -5.94222e-17)
(-6.93039e-06 -5.93074e-06 -1.64005e-16)
(-6.46999e-06 -5.87209e-06 1.18359e-16)
(-6.03873e-06 -5.81032e-06 -3.20119e-16)
(-5.66843e-06 -5.75242e-06 -4.52554e-17)
(-5.2481e-06 -5.66696e-06 2.14061e-16)
(-4.89044e-06 -5.60107e-06 4.20002e-17)
(-4.56177e-06 -5.5495e-06 -1.03346e-16)
(-4.2618e-06 -5.50019e-06 9.20986e-16)
(-3.98513e-06 -5.44739e-06 5.36336e-17)
(-3.7267e-06 -5.39337e-06 -7.8864e-16)
(-3.4952e-06 -5.33618e-06 1.93124e-16)
(-3.24612e-06 -5.2612e-06 -6.62689e-16)
(-3.03021e-06 -5.1904e-06 -3.64887e-17)
(-2.83156e-06 -5.12242e-06 8.00524e-17)
(-2.66966e-06 -5.06481e-06 -1.72266e-15)
(-2.53081e-06 -4.99881e-06 4.28783e-17)
(-2.41998e-06 -4.92652e-06 7.87349e-17)
(-2.32346e-06 -4.86079e-06 -2.46922e-16)
(-2.40441e-06 -4.99915e-06 3.22995e-16)
(-2.27878e-06 -4.88716e-06 -2.28363e-17)
(-2.17801e-06 -4.76077e-06 1.06683e-16)
(-2.07882e-06 -4.63521e-06 -7.12204e-16)
(-1.98e-06 -4.50439e-06 -6.83271e-16)
(-1.89397e-06 -4.3798e-06 6.13244e-17)
(-1.8093e-06 -4.26783e-06 -5.03143e-17)
(-1.78354e-06 -4.11207e-06 1.24014e-16)
(-1.7926e-06 -4.12903e-06 -6.68457e-16)
(-1.95499e-06 -3.73351e-06 8.53239e-17)
(-1.76927e-06 -4.43531e-06 -6.87723e-16)
(-1.61716e-06 -2.43207e-06 -8.16019e-17)
(-2.66296e-07 -6.45318e-06 1.45433e-15)
(-1.14425e-05 -3.52942e-05 2.71373e-18)
(-1.76752e-05 -3.46532e-05 4.04595e-18)
(-2.29909e-05 -3.30186e-05 -1.01359e-18)
(-2.77026e-05 -3.13809e-05 1.98608e-18)
(-3.18604e-05 -2.97703e-05 1.753e-18)
(-3.54115e-05 -2.82137e-05 -1.57993e-17)
(-3.83528e-05 -2.67135e-05 -9.37546e-18)
(-4.06842e-05 -2.52856e-05 -3.43212e-18)
(-4.24254e-05 -2.3927e-05 -1.05439e-18)
(-4.36197e-05 -2.2647e-05 4.03055e-18)
(-4.42974e-05 -2.14341e-05 -9.1118e-18)
(-4.45168e-05 -2.0294e-05 1.2417e-17)
(-4.43295e-05 -1.92223e-05 2.13791e-18)
(-4.37911e-05 -1.82195e-05 7.6401e-18)
(-4.29542e-05 -1.72729e-05 1.90315e-17)
(-4.18785e-05 -1.63862e-05 1.71603e-17)
(-4.06061e-05 -1.55522e-05 1.49367e-17)
(-3.91844e-05 -1.47702e-05 5.83816e-18)
(-3.76584e-05 -1.40338e-05 2.60942e-17)
(-3.60568e-05 -1.33431e-05 -1.29594e-17)
(-3.4417e-05 -1.26964e-05 -3.83828e-17)
(-3.27601e-05 -1.2092e-05 -8.38797e-18)
(-3.11095e-05 -1.15267e-05 -2.42114e-18)
(-2.94863e-05 -1.09997e-05 -1.11177e-17)
(-2.79013e-05 -1.05098e-05 -8.53727e-18)
(-2.63633e-05 -1.00515e-05 -2.8479e-17)
(-2.48826e-05 -9.6244e-06 -5.44134e-18)
(-2.34633e-05 -9.22236e-06 -1.47153e-18)
(-2.21089e-05 -8.84452e-06 3.04926e-17)
(-2.08172e-05 -8.48366e-06 -9.34158e-18)
(-1.9591e-05 -8.14065e-06 1.04578e-17)
(-1.84293e-05 -7.80804e-06 3.18347e-17)
(-1.73265e-05 -7.48751e-06 2.61934e-17)
(-1.62787e-05 -7.17459e-06 6.96894e-17)
(-1.52862e-05 -6.87216e-06 5.22339e-18)
(-1.43418e-05 -6.57772e-06 -4.59042e-17)
(-1.34465e-05 -6.29776e-06 -6.54624e-17)
(-1.26009e-05 -6.03086e-06 2.13033e-17)
(-1.18089e-05 -5.80356e-06 5.94735e-17)
(-1.10422e-05 -5.58792e-06 -3.57528e-17)
(-1.03285e-05 -5.38377e-06 6.22451e-17)
(-9.67629e-06 -5.20322e-06 -1.07369e-17)
(-9.00375e-06 -5.03929e-06 2.29842e-17)
(-8.39031e-06 -4.89729e-06 -1.29038e-16)
(-7.81597e-06 -4.78104e-06 -3.72253e-17)
(-7.27851e-06 -4.66585e-06 3.37732e-17)
(-6.7745e-06 -4.56177e-06 -4.37079e-17)
(-6.3031e-06 -4.45842e-06 -4.89982e-17)
(-5.86024e-06 -4.36639e-06 7.65382e-17)
(-5.44692e-06 -4.27766e-06 3.90696e-18)
(-5.06169e-06 -4.19879e-06 1.43064e-16)
(-4.70257e-06 -4.12756e-06 2.3933e-16)
(-4.36921e-06 -4.06473e-06 2.83643e-17)
(-4.07023e-06 -4.01052e-06 7.1249e-17)
(-3.76079e-06 -3.95282e-06 1.27046e-17)
(-3.48453e-06 -3.9096e-06 1.92197e-16)
(-3.23014e-06 -3.87772e-06 4.33604e-17)
(-2.99832e-06 -3.85218e-06 -3.20757e-16)
(-2.7855e-06 -3.82872e-06 3.08808e-16)
(-2.58979e-06 -3.80669e-06 8.12586e-17)
(-2.41565e-06 -3.78523e-06 -5.96184e-17)
(-2.23916e-06 -3.75472e-06 4.76738e-16)
(-2.08616e-06 -3.72437e-06 -1.44175e-16)
(-1.94716e-06 -3.69762e-06 -1.21564e-16)
(-1.83135e-06 -3.66756e-06 8.46084e-16)
(-1.73961e-06 -3.63946e-06 -6.35442e-17)
(-1.6571e-06 -3.60994e-06 -3.78699e-16)
(-1.60471e-06 -3.59395e-06 -3.62443e-18)
(-1.69406e-06 -3.76692e-06 -1.35295e-16)
(-1.60119e-06 -3.69608e-06 -3.55666e-17)
(-1.52525e-06 -3.62477e-06 -8.64197e-17)
(-1.45379e-06 -3.54406e-06 4.53683e-16)
(-1.39229e-06 -3.47377e-06 4.7416e-16)
(-1.3327e-06 -3.40512e-06 2.05272e-16)
(-1.28798e-06 -3.34898e-06 1.70757e-16)
(-1.28866e-06 -3.27074e-06 -1.19529e-16)
(-1.3298e-06 -3.31097e-06 7.25614e-16)
(-1.50258e-06 -3.08419e-06 1.00232e-17)
(-1.3532e-06 -3.63361e-06 8.06812e-16)
(-1.2985e-06 -2.10586e-06 -4.10196e-16)
(-6.11441e-08 -5.59828e-06 -2.34456e-15)
(-7.76524e-07 -4.04624e-05 9.35721e-18)
(-4.44016e-06 -4.00894e-05 -3.35706e-18)
(-8.1649e-06 -3.84749e-05 -4.58697e-18)
(-1.1797e-05 -3.68118e-05 7.12408e-19)
(-1.53188e-05 -3.51446e-05 5.52658e-18)
(-1.86553e-05 -3.35037e-05 7.54968e-18)
(-2.17478e-05 -3.18932e-05 -4.12698e-18)
(-2.45453e-05 -3.03267e-05 4.11889e-19)
(-2.70054e-05 -2.88017e-05 9.2201e-18)
(-2.91101e-05 -2.73406e-05 5.19027e-18)
(-3.08375e-05 -2.5937e-05 -4.46979e-18)
(-3.21907e-05 -2.4596e-05 -9.47475e-18)
(-3.31759e-05 -2.33195e-05 5.92906e-19)
(-3.38141e-05 -2.21064e-05 5.09894e-20)
(-3.41228e-05 -2.09522e-05 -8.32177e-19)
(-3.41406e-05 -1.9858e-05 1.69158e-18)
(-3.38902e-05 -1.8823e-05 1.1559e-17)
(-3.34107e-05 -1.78388e-05 5.93291e-18)
(-3.27359e-05 -1.69089e-05 -1.27184e-17)
(-3.18945e-05 -1.60267e-05 2.07755e-17)
(-3.0927e-05 -1.51973e-05 1.41317e-17)
(-2.98565e-05 -1.44144e-05 -5.88206e-18)
(-2.87087e-05 -1.36779e-05 1.40598e-18)
(-2.75132e-05 -1.29866e-05 1.58472e-17)
(-2.62892e-05 -1.23435e-05 1.45183e-17)
(-2.50518e-05 -1.17404e-05 1.71288e-17)
(-2.38216e-05 -1.11801e-05 -1.3713e-17)
(-2.26048e-05 -1.06568e-05 -3.2112e-19)
(-2.14162e-05 -1.01697e-05 1.86136e-17)
(-2.02605e-05 -9.71349e-06 4.01128e-18)
(-1.91463e-05 -9.28835e-06 -2.61566e-17)
(-1.80735e-05 -8.88567e-06 -1.37086e-17)
(-1.70451e-05 -8.50244e-06 -6.89289e-18)
(-1.60568e-05 -8.13396e-06 2.14576e-17)
(-1.51161e-05 -7.78404e-06 4.21389e-17)
(-1.42161e-05 -7.44487e-06 4.28953e-17)
(-1.33625e-05 -7.12335e-06 3.06051e-17)
(-1.25509e-05 -6.80993e-06 -2.08092e-17)
(-1.17897e-05 -6.51886e-06 -6.5356e-17)
(-1.10504e-05 -6.24242e-06 2.87901e-17)
(-1.03434e-05 -5.97167e-06 7.80955e-18)
(-9.69361e-06 -5.71744e-06 2.60433e-17)
(-9.03888e-06 -5.47757e-06 -5.20168e-17)
(-8.43411e-06 -5.25779e-06 9.4898e-17)
(-7.86385e-06 -5.05689e-06 -3.50725e-17)
(-7.32686e-06 -4.87009e-06 1.09254e-16)
(-6.82007e-06 -4.70592e-06 3.56613e-17)
(-6.34205e-06 -4.55301e-06 -7.13804e-17)
(-5.88964e-06 -4.41814e-06 5.11664e-17)
(-5.46538e-06 -4.29655e-06 1.23681e-16)
(-5.06668e-06 -4.19252e-06 3.39074e-17)
(-4.69266e-06 -4.1006e-06 -4.31951e-17)
(-4.33778e-06 -4.02325e-06 2.29678e-16)
(-4.01862e-06 -3.95398e-06 4.77588e-17)
(-3.69231e-06 -3.88888e-06 -1.14445e-16)
(-3.39719e-06 -3.83339e-06 -2.93856e-16)
(-3.12384e-06 -3.79038e-06 -2.58204e-17)
(-2.87379e-06 -3.75174e-06 -1.99297e-17)
(-2.64306e-06 -3.72078e-06 -2.52909e-16)
(-2.43012e-06 -3.6914e-06 1.96158e-16)
(-2.24099e-06 -3.6669e-06 1.18719e-16)
(-2.05525e-06 -3.63751e-06 2.08481e-16)
(-1.89356e-06 -3.60925e-06 1.96517e-16)
(-1.74821e-06 -3.58273e-06 -4.36218e-16)
(-1.62744e-06 -3.55383e-06 5.38588e-16)
(-1.52375e-06 -3.52417e-06 3.46245e-16)
(-1.43444e-06 -3.49909e-06 2.2247e-17)
(-1.37559e-06 -3.48685e-06 1.15364e-16)
(-1.47947e-06 -3.67319e-06 -2.77003e-16)
(-1.37654e-06 -3.60618e-06 -5.95514e-17)
(-1.29807e-06 -3.53118e-06 -1.97495e-17)
(-1.22344e-06 -3.45833e-06 4.83175e-16)
(-1.15835e-06 -3.38425e-06 5.50352e-16)
(-1.1016e-06 -3.31752e-06 4.8497e-16)
(-1.06292e-06 -3.25536e-06 2.12778e-16)
(-1.07694e-06 -3.19323e-06 1.05046e-16)
(-1.13563e-06 -3.21001e-06 -7.47807e-16)
(-1.31311e-06 -3.02682e-06 1.65549e-16)
(-1.16517e-06 -3.48657e-06 7.20246e-16)
(-1.08151e-06 -2.0696e-06 -1.44857e-16)
(7.00104e-08 -5.38881e-06 -5.44551e-16)
(-4.36094e-06 -4.2386e-05 -2.26249e-18)
(-5.77887e-06 -4.2018e-05 3.94745e-18)
(-7.14649e-06 -4.03165e-05 1.72988e-18)
(-8.65357e-06 -3.85741e-05 4.83114e-19)
(-1.02839e-05 -3.68702e-05 5.45169e-19)
(-1.20157e-05 -3.52079e-05 1.37356e-18)
(-1.3806e-05 -3.35877e-05 5.04226e-18)
(-1.56099e-05 -3.20174e-05 -2.62954e-20)
(-1.73781e-05 -3.04986e-05 -7.03743e-18)
(-1.9062e-05 -2.90251e-05 -2.2593e-18)
(-2.0624e-05 -2.76077e-05 2.44859e-18)
(-2.20246e-05 -2.62398e-05 -3.44113e-18)
(-2.32386e-05 -2.49282e-05 -9.51821e-19)
(-2.42457e-05 -2.367e-05 -7.06318e-18)
(-2.50378e-05 -2.24673e-05 2.71589e-18)
(-2.56117e-05 -2.13203e-05 -1.72953e-18)
(-2.59663e-05 -2.02237e-05 -4.24308e-18)
(-2.61196e-05 -1.9181e-05 1.75899e-18)
(-2.60797e-05 -1.81892e-05 3.98997e-18)
(-2.5864e-05 -1.72435e-05 -1.17726e-17)
(-2.54954e-05 -1.63444e-05 -9.83381e-18)
(-2.4993e-05 -1.54938e-05 -2.55434e-18)
(-2.43735e-05 -1.46883e-05 -1.63259e-18)
(-2.36635e-05 -1.39277e-05 -1.16424e-17)
(-2.28794e-05 -1.32132e-05 -1.07116e-17)
(-2.20391e-05 -1.2542e-05 -9.58809e-18)
(-2.11624e-05 -1.19152e-05 3.01385e-17)
(-2.026e-05 -1.13309e-05 -5.75251e-19)
(-1.93468e-05 -1.07864e-05 -2.83192e-17)
(-1.84335e-05 -1.02795e-05 3.98434e-18)
(-1.75303e-05 -9.80979e-06 1.08315e-17)
(-1.66424e-05 -9.37096e-06 2.50481e-18)
(-1.57749e-05 -8.9584e-06 -7.97869e-18)
(-1.49301e-05 -8.56761e-06 -3.74571e-17)
(-1.41171e-05 -8.19687e-06 -7.49574e-18)
(-1.33337e-05 -7.8423e-06 1.94087e-17)
(-1.25871e-05 -7.50854e-06 2.01496e-17)
(-1.18742e-05 -7.18819e-06 5.49756e-18)
(-1.12001e-05 -6.88685e-06 -1.71899e-17)
(-1.05461e-05 -6.60352e-06 -4.9391e-17)
(-9.91623e-06 -6.33177e-06 5.45707e-18)
(-9.3286e-06 -6.07506e-06 -3.66656e-17)
(-8.75471e-06 -5.82564e-06 2.83377e-17)
(-8.21395e-06 -5.59351e-06 -2.08934e-17)
(-7.70139e-06 -5.3791e-06 6.7204e-17)
(-7.21255e-06 -5.17489e-06 -9.34518e-17)
(-6.74882e-06 -4.98625e-06 3.53391e-17)
(-6.3071e-06 -4.80885e-06 4.73216e-17)
(-5.88819e-06 -4.64558e-06 -9.73758e-17)
(-5.49112e-06 -4.4927e-06 -8.8522e-17)
(-5.11747e-06 -4.35864e-06 -5.54426e-17)
(-4.76341e-06 -4.23486e-06 -6.31213e-17)
(-4.42594e-06 -4.12513e-06 -2.77519e-18)
(-4.11496e-06 -4.02469e-06 -1.44506e-16)
(-3.8083e-06 -3.92967e-06 8.82662e-17)
(-3.52446e-06 -3.84508e-06 1.53884e-16)
(-3.25814e-06 -3.77242e-06 -1.39061e-16)
(-3.01043e-06 -3.7059e-06 9.87752e-17)
(-2.7768e-06 -3.64676e-06 2.699e-16)
(-2.55906e-06 -3.59265e-06 4.74992e-17)
(-2.35732e-06 -3.54444e-06 1.05065e-16)
(-2.16524e-06 -3.49499e-06 -1.83207e-16)
(-1.98864e-06 -3.44816e-06 -1.65745e-16)
(-1.83023e-06 -3.40565e-06 3.55191e-17)
(-1.68764e-06 -3.3624e-06 -5.61053e-16)
(-1.56257e-06 -3.32435e-06 -3.21181e-16)
(-1.44343e-06 -3.28424e-06 3.74698e-16)
(-1.35866e-06 -3.27596e-06 -1.84222e-16)
(-1.42145e-06 -3.45156e-06 -1.90654e-16)
(-1.31436e-06 -3.37932e-06 4.68494e-17)
(-1.22236e-06 -3.3116e-06 -1.76012e-16)
(-1.13796e-06 -3.2389e-06 -1.09364e-16)
(-1.06002e-06 -3.17514e-06 -3.52732e-16)
(-9.90056e-07 -3.1102e-06 -2.06116e-17)
(-9.42819e-07 -3.05725e-06 2.64469e-17)
(-9.51154e-07 -2.99872e-06 3.80585e-18)
(-1.01885e-06 -3.00418e-06 1.14959e-15)
(-1.16657e-06 -2.85776e-06 -4.14834e-16)
(-1.04325e-06 -3.25023e-06 -4.53398e-16)
(-8.66869e-07 -1.93213e-06 1.67066e-16)
(1.16179e-07 -5.09635e-06 -1.1438e-16)
(-1.47936e-05 -3.88248e-05 8.85029e-19)
(-1.28296e-05 -3.74422e-05 9.6426e-19)
(-1.55757e-05 -3.85168e-05 5.15931e-20)
(-1.56364e-05 -3.67609e-05 -5.3617e-19)
(-1.5591e-05 -3.50794e-05 -1.84592e-18)
(-1.55844e-05 -3.35207e-05 -1.83001e-18)
(-1.56507e-05 -3.2032e-05 -2.68002e-18)
(-1.58245e-05 -3.06141e-05 9.50673e-19)
(-1.61166e-05 -2.92553e-05 3.04082e-18)
(-1.65198e-05 -2.79532e-05 4.78719e-18)
(-1.7012e-05 -2.66967e-05 1.14375e-18)
(-1.75696e-05 -2.54866e-05 -1.66776e-18)
(-1.81597e-05 -2.43193e-05 3.45539e-18)
(-1.87532e-05 -2.31969e-05 6.95995e-18)
(-1.93165e-05 -2.21147e-05 1.05089e-17)
(-1.98261e-05 -2.1074e-05 -4.39888e-18)
(-2.02595e-05 -2.00768e-05 1.74762e-18)
(-2.05964e-05 -1.9116e-05 -4.22496e-18)
(-2.08312e-05 -1.81965e-05 -4.29569e-18)
(-2.09527e-05 -1.73152e-05 -7.34534e-19)
(-2.09601e-05 -1.64688e-05 5.96201e-18)
(-2.0857e-05 -1.56581e-05 -7.83306e-19)
(-2.06474e-05 -1.48818e-05 7.13632e-18)
(-2.03402e-05 -1.4143e-05 7.00338e-18)
(-1.99437e-05 -1.34388e-05 -2.47936e-18)
(-1.94709e-05 -1.27724e-05 -1.24584e-17)
(-1.89308e-05 -1.21418e-05 -1.44676e-17)
(-1.83395e-05 -1.15496e-05 -1.27334e-17)
(-1.77058e-05 -1.09952e-05 1.9274e-17)
(-1.70392e-05 -1.04755e-05 4.7151e-21)
(-1.63521e-05 -9.99112e-06 -1.99652e-17)
(-1.5653e-05 -9.54182e-06 7.56193e-18)
(-1.49493e-05 -9.12378e-06 1.21059e-17)
(-1.42468e-05 -8.73274e-06 5.79662e-18)
(-1.35502e-05 -8.36558e-06 -1.06595e-17)
(-1.28691e-05 -8.01808e-06 -1.80677e-17)
(-1.22049e-05 -7.68678e-06 -9.26969e-18)
(-1.15624e-05 -7.37271e-06 -5.30748e-18)
(-1.09415e-05 -7.07154e-06 -7.22455e-18)
(-1.03457e-05 -6.78616e-06 8.85669e-18)
(-9.76585e-06 -6.51515e-06 1.86938e-17)
(-9.20519e-06 -6.25544e-06 -5.29952e-18)
(-8.67539e-06 -6.00996e-06 -5.56141e-18)
(-8.1642e-06 -5.77656e-06 -7.39903e-18)
(-7.67746e-06 -5.55495e-06 4.02898e-18)
(-7.2136e-06 -5.34945e-06 -1.17051e-17)
(-6.77069e-06 -5.1545e-06 3.84275e-17)
(-6.34781e-06 -4.96937e-06 5.50318e-17)
(-5.94427e-06 -4.79392e-06 2.57508e-17)
(-5.56036e-06 -4.63237e-06 6.97817e-17)
(-5.19492e-06 -4.47996e-06 -1.81986e-17)
(-4.84791e-06 -4.33959e-06 -4.67247e-17)
(-4.51765e-06 -4.20993e-06 8.25992e-17)
(-4.201e-06 -4.09262e-06 -1.06675e-16)
(-3.90565e-06 -3.98486e-06 1.13685e-16)
(-3.6187e-06 -3.88507e-06 -8.48231e-17)
(-3.34999e-06 -3.7934e-06 3.22391e-17)
(-3.097e-06 -3.71199e-06 1.69388e-16)
(-2.85944e-06 -3.63613e-06 -5.25169e-17)
(-2.63425e-06 -3.5681e-06 -1.25717e-17)
(-2.4218e-06 -3.50392e-06 4.06299e-17)
(-2.22368e-06 -3.44618e-06 -3.07496e-16)
(-2.03543e-06 -3.38921e-06 4.57262e-17)
(-1.86225e-06 -3.33651e-06 1.01693e-16)
(-1.70495e-06 -3.2885e-06 -8.82749e-18)
(-1.56342e-06 -3.24297e-06 5.22981e-17)
(-1.43572e-06 -3.20094e-06 -1.86023e-16)
(-1.31566e-06 -3.16399e-06 -4.7142e-16)
(-1.22314e-06 -3.13571e-06 2.10366e-16)
(-1.28323e-06 -3.31216e-06 1.43477e-16)
(-1.16842e-06 -3.22856e-06 4.99628e-17)
(-1.07586e-06 -3.16135e-06 7.82446e-17)
(-9.87294e-07 -3.09942e-06 1.38515e-17)
(-9.07157e-07 -3.03698e-06 6.44128e-17)
(-8.36667e-07 -2.97823e-06 -7.16563e-17)
(-7.92202e-07 -2.91578e-06 5.49667e-17)
(-8.05569e-07 -2.86628e-06 -2.79708e-17)
(-8.78997e-07 -2.85104e-06 -4.6132e-17)
(-1.01204e-06 -2.72878e-06 7.28589e-16)
(-8.91256e-07 -3.05496e-06 -5.48708e-16)
(-6.74351e-07 -1.82401e-06 -4.7786e-16)
(2.32223e-07 -4.80485e-06 5.75809e-16)
(-2.20794e-05 -3.36426e-05 6.03338e-19)
(-1.71974e-05 -3.13286e-05 4.09855e-18)
(-2.41514e-05 -3.35113e-05 -9.78749e-19)
(-2.47893e-05 -3.19804e-05 -5.82919e-19)
(-2.48141e-05 -3.05667e-05 -8.57976e-19)
(-2.45195e-05 -2.92371e-05 -1.64465e-18)
(-2.3996e-05 -2.79763e-05 -5.83707e-19)
(-2.33619e-05 -2.67785e-05 -1.99188e-18)
(-2.26944e-05 -2.56379e-05 -6.11904e-19)
(-2.20511e-05 -2.45487e-05 8.80932e-19)
(-2.147e-05 -2.3508e-05 1.10924e-18)
(-2.09685e-05 -2.25081e-05 -8.41849e-22)
(-2.05533e-05 -2.15477e-05 -3.09483e-18)
(-2.02209e-05 -2.06238e-05 -2.19509e-18)
(-1.99594e-05 -1.97346e-05 -4.15072e-19)
(-1.9752e-05 -1.88753e-05 7.1747e-19)
(-1.95823e-05 -1.80492e-05 -1.39468e-18)
(-1.94285e-05 -1.72522e-05 4.96294e-18)
(-1.92788e-05 -1.64852e-05 6.83396e-19)
(-1.9114e-05 -1.57462e-05 -2.38308e-18)
(-1.8923e-05 -1.50333e-05 6.99273e-19)
(-1.86967e-05 -1.43471e-05 4.02559e-18)
(-1.84282e-05 -1.36836e-05 1.82741e-18)
(-1.81159e-05 -1.30453e-05 6.44317e-18)
(-1.77559e-05 -1.24313e-05 2.99594e-18)
(-1.73525e-05 -1.18442e-05 7.05295e-18)
(-1.69062e-05 -1.12831e-05 7.37045e-18)
(-1.64225e-05 -1.07493e-05 -8.13406e-18)
(-1.59075e-05 -1.0245e-05 -1.63933e-17)
(-1.53631e-05 -9.76899e-06 1.37432e-17)
(-1.47982e-05 -9.32264e-06 1.40578e-17)
(-1.42179e-05 -8.90701e-06 -1.70774e-17)
(-1.36298e-05 -8.52163e-06 -6.1643e-19)
(-1.30346e-05 -8.16246e-06 9.24969e-19)
(-1.24417e-05 -7.82911e-06 2.76309e-18)
(-1.18561e-05 -7.51868e-06 8.71854e-18)
(-1.128e-05 -7.22572e-06 -1.35033e-17)
(-1.07176e-05 -6.95075e-06 -1.64703e-17)
(-1.01684e-05 -6.68849e-06 5.61647e-18)
(-9.63665e-06 -6.44158e-06 2.04396e-17)
(-9.1182e-06 -6.2073e-06 -3.34924e-18)
(-8.61589e-06 -5.98241e-06 -1.56149e-17)
(-8.13653e-06 -5.76958e-06 2.13703e-17)
(-7.67371e-06 -5.5682e-06 -2.8993e-17)
(-7.23108e-06 -5.37782e-06 -1.23398e-17)
(-6.80671e-06 -5.19681e-06 1.42992e-17)
(-6.40053e-06 -5.02566e-06 1.27124e-17)
(-6.01179e-06 -4.86578e-06 2.34764e-17)
(-5.63977e-06 -4.71174e-06 2.39058e-17)
(-5.28534e-06 -4.56762e-06 -2.40744e-18)
(-4.94711e-06 -4.42965e-06 3.66671e-17)
(-4.62455e-06 -4.30057e-06 3.35045e-17)
(-4.31566e-06 -4.17731e-06 -1.32588e-17)
(-4.01965e-06 -4.06449e-06 6.45217e-17)
(-3.74112e-06 -3.9572e-06 -1.06423e-17)
(-3.47356e-06 -3.85567e-06 8.2005e-17)
(-3.22095e-06 -3.76002e-06 -9.31572e-17)
(-2.98182e-06 -3.67214e-06 -1.4688e-17)
(-2.75502e-06 -3.5889e-06 2.08527e-17)
(-2.5385e-06 -3.51208e-06 4.25588e-17)
(-2.33225e-06 -3.43943e-06 5.17658e-18)
(-2.13803e-06 -3.37253e-06 1.5147e-16)
(-1.95372e-06 -3.30826e-06 -3.72865e-17)
(-1.78214e-06 -3.24884e-06 1.75538e-17)
(-1.62516e-06 -3.19401e-06 9.38506e-18)
(-1.48175e-06 -3.14256e-06 -1.54516e-19)
(-1.35124e-06 -3.09576e-06 1.35665e-16)
(-1.22565e-06 -3.05178e-06 3.56266e-16)
(-1.13009e-06 -3.02435e-06 -9.26151e-17)
(-1.16825e-06 -3.19111e-06 7.50224e-17)
(-1.05316e-06 -3.10936e-06 -2.43086e-17)
(-9.49173e-07 -3.03355e-06 8.88539e-17)
(-8.58425e-07 -2.96659e-06 -1.84113e-16)
(-7.73762e-07 -2.90451e-06 1.52587e-16)
(-7.02893e-07 -2.84038e-06 1.21728e-16)
(-6.60231e-07 -2.78298e-06 -1.7513e-16)
(-6.74408e-07 -2.72741e-06 -2.53816e-17)
(-7.54248e-07 -2.6979e-06 -3.68488e-16)
(-8.66288e-07 -2.5928e-06 7.03459e-17)
(-7.38957e-07 -2.84987e-06 -3.4391e-16)
(-4.9089e-07 -1.70331e-06 5.73486e-16)
(3.67161e-07 -4.49376e-06 6.61956e-16)
(-1.85013e-05 -2.89613e-05 2.70197e-18)
(-1.05565e-05 -2.74716e-05 2.12904e-19)
(-2.3116e-05 -2.8503e-05 3.28525e-19)
(-2.60467e-05 -2.70535e-05 -1.36933e-18)
(-2.78461e-05 -2.57192e-05 1.18015e-18)
(-2.88788e-05 -2.44933e-05 2.38934e-18)
(-2.92725e-05 -2.33608e-05 1.88178e-18)
(-2.91862e-05 -2.23056e-05 1.53934e-18)
(-2.87537e-05 -2.13244e-05 -4.50268e-19)
(-2.80825e-05 -2.04051e-05 -8.69008e-19)
(-2.72632e-05 -1.95422e-05 -7.28118e-19)
(-2.6368e-05 -1.87271e-05 1.88825e-18)
(-2.5448e-05 -1.79565e-05 2.38141e-18)
(-2.45406e-05 -1.72242e-05 -3.38766e-18)
(-2.36732e-05 -1.65303e-05 -3.03978e-18)
(-2.28558e-05 -1.58695e-05 -2.17742e-18)
(-2.20944e-05 -1.52395e-05 -3.33354e-18)
(-2.13879e-05 -1.46384e-05 -2.28846e-18)
(-2.07312e-05 -1.4064e-05 3.19462e-18)
(-2.0117e-05 -1.35135e-05 3.1854e-18)
(-1.95346e-05 -1.29842e-05 -1.98097e-18)
(-1.89771e-05 -1.24748e-05 -2.43489e-18)
(-1.8435e-05 -1.19816e-05 -2.8369e-18)
(-1.79008e-05 -1.15026e-05 -1.81991e-18)
(-1.73701e-05 -1.10385e-05 1.79778e-18)
(-1.68375e-05 -1.0589e-05 7.4461e-18)
(-1.62986e-05 -1.01534e-05 2.63156e-18)
(-1.57548e-05 -9.73337e-06 3.47323e-18)
(-1.52036e-05 -9.32976e-06 -1.66735e-18)
(-1.4644e-05 -8.94244e-06 -3.23649e-18)
(-1.40793e-05 -8.57255e-06 -5.33224e-19)
(-1.35109e-05 -8.2219e-06 5.00593e-18)
(-1.29436e-05 -7.89152e-06 -8.51143e-18)
(-1.23759e-05 -7.58038e-06 -3.19119e-18)
(-1.18129e-05 -7.28863e-06 1.78069e-18)
(-1.12592e-05 -7.01683e-06 1.06498e-18)
(-1.07147e-05 -6.76115e-06 2.15256e-18)
(-1.01821e-05 -6.52168e-06 -8.4618e-18)
(-9.66142e-06 -6.29436e-06 -6.91733e-18)
(-9.15598e-06 -6.0803e-06 -1.57154e-18)
(-8.66481e-06 -5.87804e-06 4.08014e-18)
(-8.18923e-06 -5.68523e-06 -6.5047e-19)
(-7.73341e-06 -5.50195e-06 -1.72615e-18)
(-7.29354e-06 -5.32894e-06 2.76734e-17)
(-6.87158e-06 -5.16482e-06 -2.16725e-17)
(-6.46663e-06 -5.01005e-06 1.72139e-19)
(-6.07824e-06 -4.86102e-06 1.37363e-17)
(-5.70758e-06 -4.72129e-06 -5.41971e-19)
(-5.35311e-06 -4.58633e-06 -4.55834e-19)
(-5.01558e-06 -4.4565e-06 -1.15572e-17)
(-4.693e-06 -4.33149e-06 2.34278e-18)
(-4.38519e-06 -4.21348e-06 -2.94898e-17)
(-4.091e-06 -4.09997e-06 9.06759e-18)
(-3.81021e-06 -3.99222e-06 -2.51915e-17)
(-3.54599e-06 -3.88998e-06 1.44233e-17)
(-3.29365e-06 -3.79218e-06 -2.95485e-17)
(-3.05452e-06 -3.69963e-06 5.09735e-17)
(-2.82706e-06 -3.61362e-06 -1.70611e-17)
(-2.61003e-06 -3.53121e-06 -7.48133e-18)
(-2.40182e-06 -3.45371e-06 -6.11845e-17)
(-2.20249e-06 -3.37924e-06 -5.74809e-19)
(-2.01337e-06 -3.30959e-06 -4.85038e-18)
(-1.83406e-06 -3.24213e-06 -2.65999e-18)
(-1.66618e-06 -3.17909e-06 -9.30571e-17)
(-1.5115e-06 -3.11998e-06 -8.76596e-17)
(-1.36895e-06 -3.06452e-06 3.68079e-17)
(-1.23722e-06 -3.01287e-06 -1.62372e-18)
(-1.10962e-06 -2.9655e-06 -4.41015e-17)
(-1.00951e-06 -2.93183e-06 1.82961e-16)
(-1.03996e-06 -3.10534e-06 -5.70938e-17)
(-9.21495e-07 -3.00864e-06 2.32836e-17)
(-8.20354e-07 -2.92744e-06 -1.64277e-17)
(-7.22488e-07 -2.85096e-06 -2.09943e-16)
(-6.37603e-07 -2.78493e-06 -1.22064e-16)
(-5.64797e-07 -2.7216e-06 -2.80789e-17)
(-5.26205e-07 -2.65626e-06 6.52327e-17)
(-5.48009e-07 -2.60263e-06 5.25041e-18)
(-6.28933e-07 -2.55157e-06 -1.4773e-16)
(-7.2531e-07 -2.45851e-06 -3.49153e-17)
(-5.81209e-07 -2.64688e-06 3.75777e-16)
(-2.93966e-07 -1.58257e-06 -1.12627e-16)
(5.05561e-07 -4.16903e-06 -2.15495e-16)
(-3.9539e-06 -2.75823e-05 -1.11312e-19)
(5.62729e-06 -2.56522e-05 4.59726e-19)
(-1.11513e-05 -2.73063e-05 6.41923e-19)
(-1.70705e-05 -2.58487e-05 -1.38918e-19)
(-2.15404e-05 -2.45607e-05 -2.58895e-19)
(-2.49293e-05 -2.33281e-05 7.8545e-20)
(-2.73402e-05 -2.21743e-05 6.35687e-19)
(-2.89311e-05 -2.10904e-05 -7.48634e-19)
(-2.9849e-05 -2.00808e-05 -7.26038e-19)
(-3.02196e-05 -1.91364e-05 -1.30899e-19)
(-3.01618e-05 -1.82551e-05 -1.43782e-19)
(-2.97793e-05 -1.74306e-05 8.54855e-20)
(-2.91592e-05 -1.6657e-05 3.11577e-19)
(-2.83747e-05 -1.59303e-05 1.98134e-18)
(-2.74846e-05 -1.5246e-05 2.28152e-19)
(-2.65369e-05 -1.46027e-05 7.42449e-19)
(-2.55636e-05 -1.39946e-05 2.21839e-18)
(-2.45902e-05 -1.342e-05 -1.97731e-18)
(-2.36345e-05 -1.28779e-05 -1.11319e-18)
(-2.27051e-05 -1.23662e-05 7.97848e-19)
(-2.18066e-05 -1.18807e-05 -1.361e-19)
(-2.09432e-05 -1.14209e-05 -1.86614e-18)
(-2.01135e-05 -1.09836e-05 -1.76229e-18)
(-1.9312e-05 -1.05653e-05 -2.37108e-18)
(-1.85394e-05 -1.01642e-05 -2.80181e-18)
(-1.77933e-05 -9.77976e-06 -4.50647e-18)
(-1.70663e-05 -9.40881e-06 -2.01059e-18)
(-1.63593e-05 -9.05179e-06 -2.926e-18)
(-1.56695e-05 -8.70794e-06 1.56426e-18)
(-1.49939e-05 -8.37662e-06 -2.1408e-18)
(-1.43318e-05 -8.05711e-06 3.64213e-19)
(-1.3685e-05 -7.7515e-06 -2.0901e-18)
(-1.30527e-05 -7.45991e-06 4.25819e-19)
(-1.24333e-05 -7.18225e-06 -1.41546e-18)
(-1.1828e-05 -6.91913e-06 -4.62814e-19)
(-1.12394e-05 -6.67186e-06 -2.72314e-18)
(-1.06645e-05 -6.438e-06 -3.15989e-18)
(-1.01067e-05 -6.21938e-06 7.15258e-20)
(-9.56504e-06 -6.01211e-06 -5.08361e-18)
(-9.04274e-06 -5.81737e-06 -5.46775e-18)
(-8.53831e-06 -5.63359e-06 -4.88653e-18)
(-8.05212e-06 -5.46024e-06 4.35619e-18)
(-7.58674e-06 -5.29591e-06 -3.47734e-18)
(-7.1392e-06 -5.1403e-06 -9.0233e-18)
(-6.71044e-06 -4.99231e-06 2.02992e-17)
(-6.30028e-06 -4.85311e-06 -1.44594e-17)
(-5.90847e-06 -4.71987e-06 -5.16542e-18)
(-5.5353e-06 -4.59175e-06 5.21641e-18)
(-5.17962e-06 -4.46902e-06 6.42682e-18)
(-4.84136e-06 -4.35223e-06 -1.11361e-17)
(-4.51846e-06 -4.23862e-06 -2.31924e-17)
(-4.21117e-06 -4.13013e-06 1.46992e-17)
(-3.91936e-06 -4.02511e-06 -2.04109e-17)
(-3.64271e-06 -3.92474e-06 -2.27526e-17)
(-3.38228e-06 -3.82774e-06 -3.74701e-17)
(-3.13513e-06 -3.73596e-06 -1.22083e-17)
(-2.90112e-06 -3.64769e-06 -6.58009e-18)
(-2.67844e-06 -3.56399e-06 2.82164e-18)
(-2.46555e-06 -3.48275e-06 2.79887e-17)
(-2.26142e-06 -3.40505e-06 2.52723e-17)
(-2.06608e-06 -3.33e-06 4.43447e-18)
(-1.88069e-06 -3.2588e-06 6.55289e-18)
(-1.70536e-06 -3.18955e-06 -7.06942e-18)
(-1.54114e-06 -3.12405e-06 -2.28757e-17)
(-1.38893e-06 -3.06114e-06 1.08594e-16)
(-1.24809e-06 -3.00124e-06 1.0414e-17)
(-1.11684e-06 -2.94485e-06 1.08384e-17)
(-9.89046e-07 -2.89202e-06 -5.51546e-17)
(-8.88693e-07 -2.85338e-06 1.23713e-17)
(-9.10176e-07 -3.02477e-06 5.1146e-17)
(-7.98523e-07 -2.92864e-06 -2.23045e-17)
(-6.93404e-07 -2.83582e-06 -2.18148e-17)
(-5.97364e-07 -2.75565e-06 8.23899e-18)
(-5.07164e-07 -2.67853e-06 -2.58207e-17)
(-4.38386e-07 -2.60717e-06 9.48969e-18)
(-4.04235e-07 -2.5391e-06 2.09931e-16)
(-4.3402e-07 -2.47665e-06 8.09164e-18)
(-5.19961e-07 -2.41162e-06 1.24646e-16)
(-5.93934e-07 -2.32627e-06 -1.25748e-16)
(-4.31274e-07 -2.45588e-06 1.27436e-16)
(-1.01583e-07 -1.45541e-06 -1.45953e-16)
(6.30786e-07 -3.82871e-06 -5.57909e-16)
(1.95966e-05 -3.09561e-05 7.15446e-19)
(2.82703e-05 -2.90253e-05 9.89505e-20)
(1.10291e-05 -3.05691e-05 -1.14325e-19)
(2.67995e-06 -2.89235e-05 1.76503e-19)
(-4.2708e-06 -2.74515e-05 1.54765e-19)
(-1.00877e-05 -2.60314e-05 -1.63275e-19)
(-1.48214e-05 -2.46933e-05 -7.01205e-20)
(-1.85817e-05 -2.34265e-05 3.45498e-19)
(-2.14742e-05 -2.22383e-05 5.48784e-19)
(-2.36056e-05 -2.11206e-05 1.2567e-19)
(-2.50856e-05 -2.00737e-05 -1.36529e-19)
(-2.60182e-05 -1.90927e-05 -2.63852e-19)
(-2.64957e-05 -1.81717e-05 -2.05021e-19)
(-2.66073e-05 -1.73077e-05 5.94453e-20)
(-2.64293e-05 -1.64967e-05 7.82188e-19)
(-2.603e-05 -1.57345e-05 -5.25801e-19)
(-2.54651e-05 -1.50205e-05 1.68901e-20)
(-2.47814e-05 -1.43499e-05 1.18892e-18)
(-2.40166e-05 -1.37221e-05 -7.42824e-19)
(-2.31996e-05 -1.31319e-05 2.66189e-19)
(-2.23547e-05 -1.25794e-05 2.85624e-19)
(-2.14957e-05 -1.20607e-05 4.331e-19)
(-2.06385e-05 -1.15741e-05 6.70894e-19)
(-1.97873e-05 -1.11151e-05 1.53435e-19)
(-1.89497e-05 -1.06824e-05 8.13167e-19)
(-1.81303e-05 -1.02732e-05 -1.00058e-19)
(-1.73298e-05 -9.88442e-06 -2.97199e-18)
(-1.65497e-05 -9.51407e-06 6.66686e-19)
(-1.57911e-05 -9.1604e-06 -3.93896e-20)
(-1.50541e-05 -8.82094e-06 5.29527e-19)
(-1.43383e-05 -8.49435e-06 -2.34008e-19)
(-1.3645e-05 -8.17981e-06 7.5593e-19)
(-1.2975e-05 -7.87767e-06 -1.13149e-18)
(-1.23228e-05 -7.58508e-06 -1.00308e-18)
(-1.16911e-05 -7.30392e-06 2.08726e-18)
(-1.10798e-05 -7.03495e-06 1.32462e-18)
(-1.0486e-05 -6.77645e-06 2.10657e-18)
(-9.91313e-06 -6.53143e-06 8.02184e-20)
(-9.35949e-06 -6.29692e-06 -4.95188e-20)
(-8.82873e-06 -6.07518e-06 4.61149e-19)
(-8.31831e-06 -5.86448e-06 1.22229e-18)
(-7.8283e-06 -5.66562e-06 -1.7372e-18)
(-7.35879e-06 -5.47704e-06 3.07644e-19)
(-6.90933e-06 -5.29946e-06 -6.98396e-19)
(-6.47903e-06 -5.13063e-06 9.597e-19)
(-6.06808e-06 -4.97126e-06 1.45997e-17)
(-5.67612e-06 -4.81989e-06 -4.03658e-19)
(-5.30312e-06 -4.67648e-06 -7.03972e-18)
(-4.94757e-06 -4.53868e-06 8.34987e-18)
(-4.60902e-06 -4.40773e-06 -2.14577e-18)
(-4.28666e-06 -4.28189e-06 1.1724e-17)
(-3.98055e-06 -4.16084e-06 -8.68567e-19)
(-3.69075e-06 -4.04539e-06 -1.78263e-17)
(-3.41724e-06 -3.93643e-06 8.02865e-18)
(-3.15984e-06 -3.83295e-06 1.13811e-17)
(-2.91626e-06 -3.73492e-06 -1.27998e-17)
(-2.68555e-06 -3.64197e-06 -4.86209e-18)
(-2.46635e-06 -3.55433e-06 7.6466e-18)
(-2.25679e-06 -3.47018e-06 -1.66461e-17)
(-2.05653e-06 -3.39027e-06 -2.03256e-18)
(-1.86561e-06 -3.31247e-06 -7.58269e-18)
(-1.68533e-06 -3.23831e-06 3.31644e-17)
(-1.51573e-06 -3.16562e-06 1.17005e-17)
(-1.35756e-06 -3.09601e-06 1.16103e-17)
(-1.21083e-06 -3.02808e-06 -3.06324e-17)
(-1.0749e-06 -2.96228e-06 1.6772e-17)
(-9.47878e-07 -2.89958e-06 -1.72905e-17)
(-8.23827e-07 -2.84015e-06 9.8845e-18)
(-7.2607e-07 -2.79431e-06 -3.8391e-17)
(-7.39765e-07 -2.96511e-06 1.5972e-17)
(-6.33872e-07 -2.86302e-06 -1.69895e-18)
(-5.35337e-07 -2.76783e-06 -4.63915e-17)
(-4.39286e-07 -2.67364e-06 4.05401e-17)
(-3.55744e-07 -2.58925e-06 -1.37207e-17)
(-2.88649e-07 -2.50789e-06 -6.17909e-17)
(-2.66618e-07 -2.43071e-06 -1.00276e-16)
(-3.0537e-07 -2.36123e-06 6.00515e-18)
(-3.84409e-07 -2.28039e-06 3.52464e-17)
(-4.25488e-07 -2.20109e-06 -2.00806e-17)
(-2.3372e-07 -2.27025e-06 -1.85452e-16)
(1.61405e-07 -1.3406e-06 8.38678e-17)
(8.67105e-07 -3.44252e-06 2.66146e-16)
(3.73936e-05 -3.64096e-05 2.21542e-19)
(4.29601e-05 -3.4596e-05 1.52363e-19)
(2.9488e-05 -3.57935e-05 6.13238e-20)
(2.07158e-05 -3.3906e-05 1.88443e-20)
(1.29279e-05 -3.21424e-05 -7.68859e-21)
(6.00259e-06 -3.04598e-05 -1.15117e-19)
(-4.46749e-08 -2.88578e-05 9.39373e-21)
(-5.24505e-06 -2.73378e-05 1.17657e-19)
(-9.63647e-06 -2.58963e-05 7.09571e-21)
(-1.32694e-05 -2.45286e-05 -4.67731e-20)
(-1.62069e-05 -2.32355e-05 -3.8513e-21)
(-1.85133e-05 -2.20148e-05 -9.15817e-20)
(-2.02591e-05 -2.08607e-05 -2.17398e-19)
(-2.15138e-05 -1.97718e-05 3.44992e-20)
(-2.23472e-05 -1.87439e-05 2.25245e-19)
(-2.28257e-05 -1.77742e-05 1.0048e-19)
(-2.30076e-05 -1.68593e-05 -4.61407e-19)
(-2.29492e-05 -1.5996e-05 -3.42086e-20)
(-2.26981e-05 -1.51826e-05 2.46719e-19)
(-2.2295e-05 -1.44163e-05 7.84199e-20)
(-2.17778e-05 -1.36951e-05 3.87359e-19)
(-2.11716e-05 -1.30183e-05 1.8538e-19)
(-2.05044e-05 -1.23846e-05 7.33613e-19)
(-1.97926e-05 -1.17921e-05 2.09288e-19)
(-1.90529e-05 -1.12388e-05 2.21974e-20)
(-1.82964e-05 -1.0724e-05 4.92069e-19)
(-1.75339e-05 -1.02449e-05 8.04473e-19)
(-1.67726e-05 -9.7995e-06 -1.69147e-19)
(-1.60181e-05 -9.38507e-06 4.31478e-19)
(-1.52752e-05 -8.99808e-06 1.4576e-19)
(-1.45463e-05 -8.63563e-06 5.11658e-19)
(-1.38352e-05 -8.29534e-06 -6.03652e-19)
(-1.3144e-05 -7.97528e-06 6.89384e-19)
(-1.24683e-05 -7.67048e-06 4.44945e-19)
(-1.18115e-05 -7.38067e-06 9.07614e-20)
(-1.11736e-05 -7.1052e-06 1.27094e-18)
(-1.05548e-05 -6.84166e-06 8.34405e-19)
(-9.95745e-06 -6.59139e-06 9.27473e-19)
(-9.38115e-06 -6.35184e-06 6.95861e-19)
(-8.82844e-06 -6.12473e-06 -1.75688e-18)
(-8.29719e-06 -5.90855e-06 -1.05206e-18)
(-7.78848e-06 -5.70394e-06 7.89006e-19)
(-7.30085e-06 -5.50992e-06 -9.50414e-19)
(-6.8349e-06 -5.32686e-06 1.5046e-18)
(-6.38929e-06 -5.15329e-06 9.70766e-19)
(-5.96487e-06 -4.98863e-06 -3.78923e-18)
(-5.56059e-06 -4.83229e-06 5.11456e-18)
(-5.1765e-06 -4.68415e-06 2.92018e-18)
(-4.81107e-06 -4.54229e-06 -4.88614e-18)
(-4.46383e-06 -4.4058e-06 5.8414e-18)
(-4.13384e-06 -4.27503e-06 -8.22368e-19)
(-3.822e-06 -4.15052e-06 -2.37845e-19)
(-3.52808e-06 -4.03147e-06 1.72925e-18)
(-3.25214e-06 -3.91888e-06 -1.74782e-18)
(-2.99282e-06 -3.81169e-06 1.84346e-18)
(-2.74874e-06 -3.70983e-06 3.24174e-18)
(-2.51768e-06 -3.61277e-06 -3.69105e-18)
(-2.29897e-06 -3.52133e-06 -1.53032e-17)
(-2.09045e-06 -3.43315e-06 9.57389e-18)
(-1.89266e-06 -3.3485e-06 -5.4021e-18)
(-1.70527e-06 -3.26648e-06 -4.4902e-19)
(-1.52964e-06 -3.18734e-06 -1.06118e-17)
(-1.36561e-06 -3.11034e-06 -1.5695e-18)
(-1.21374e-06 -3.03591e-06 1.42481e-17)
(-1.07344e-06 -2.96298e-06 -9.24358e-18)
(-9.43987e-07 -2.89215e-06 -2.11821e-17)
(-8.23401e-07 -2.82426e-06 1.32266e-17)
(-7.05689e-07 -2.75981e-06 1.46933e-17)
(-6.13593e-07 -2.70922e-06 -1.36716e-17)
(-6.24912e-07 -2.87714e-06 -1.322e-17)
(-5.27436e-07 -2.77121e-06 8.90084e-18)
(-4.34714e-07 -2.67143e-06 3.17899e-17)
(-3.45879e-07 -2.57476e-06 3.66702e-17)
(-2.62492e-07 -2.48055e-06 4.75216e-17)
(-2.00446e-07 -2.39324e-06 1.59879e-17)
(-1.80394e-07 -2.30602e-06 -5.54333e-17)
(-2.20548e-07 -2.2379e-06 8.39237e-19)
(-2.95373e-07 -2.15365e-06 1.45145e-17)
(-3.18959e-07 -2.07392e-06 -2.06195e-17)
(-1.27576e-07 -2.12962e-06 9.28587e-17)
(3.2444e-07 -1.20279e-06 -1.67451e-17)
(9.74801e-07 -3.11025e-06 -9.02621e-17)
(4.76766e-05 -4.29034e-05 8.69567e-20)
(4.98681e-05 -4.05841e-05 1.05512e-19)
(4.18878e-05 -4.22266e-05 3.48107e-20)
(3.45658e-05 -4.00778e-05 1.84899e-20)
(2.78812e-05 -3.80885e-05 3.23698e-20)
(2.17266e-05 -3.61899e-05 2.78936e-21)
(1.61235e-05 -3.43871e-05 -7.58263e-20)
(1.10639e-05 -3.26785e-05 -2.71185e-20)
(6.54164e-06 -3.10564e-05 7.33852e-20)
(2.54133e-06 -2.95138e-05 -2.23068e-20)
(-9.54182e-07 -2.80536e-05 -2.74621e-20)
(-3.96741e-06 -2.66703e-05 1.35757e-20)
(-6.52823e-06 -2.53588e-05 -2.42302e-20)
(-8.66711e-06 -2.41159e-05 -4.45639e-20)
(-1.04205e-05 -2.29399e-05 -3.55869e-20)
(-1.18245e-05 -2.18271e-05 1.85583e-20)
(-1.29152e-05 -2.07729e-05 6.0906e-20)
(-1.37312e-05 -1.97729e-05 -6.40843e-20)
(-1.43062e-05 -1.88243e-05 -1.2141e-21)
(-1.46738e-05 -1.79238e-05 -4.4169e-20)
(-1.48658e-05 -1.70675e-05 -8.25415e-20)
(-1.49073e-05 -1.62516e-05 -1.03159e-19)
(-1.48254e-05 -1.54769e-05 -1.12322e-19)
(-1.46404e-05 -1.474e-05 6.47079e-20)
(-1.43724e-05 -1.40407e-05 -8.3002e-20)
(-1.40364e-05 -1.33773e-05 -1.36998e-19)
(-1.36484e-05 -1.27517e-05 1.49492e-19)
(-1.32199e-05 -1.21621e-05 2.07626e-19)
(-1.27617e-05 -1.16086e-05 -3.76069e-19)
(-1.22826e-05 -1.10891e-05 7.5287e-20)
(-1.17886e-05 -1.06019e-05 -9.6977e-20)
(-1.12875e-05 -1.01461e-05 9.75421e-20)
(-1.07827e-05 -9.71902e-06 -4.58091e-20)
(-1.02752e-05 -9.31512e-06 2.09049e-19)
(-9.77022e-06 -8.93333e-06 1.70631e-19)
(-9.27126e-06 -8.57144e-06 1.46164e-19)
(-8.78022e-06 -8.22498e-06 -2.6086e-19)
(-8.30165e-06 -7.89415e-06 1.48773e-19)
(-7.83585e-06 -7.5758e-06 -4.0803e-20)
(-7.38468e-06 -7.27026e-06 -1.54675e-19)
(-6.94729e-06 -6.97633e-06 -9.78189e-19)
(-6.52479e-06 -6.69451e-06 -6.83051e-19)
(-6.11737e-06 -6.42462e-06 7.70267e-19)
(-5.72566e-06 -6.16697e-06 -8.34282e-19)
(-5.3491e-06 -5.92149e-06 -1.29318e-18)
(-4.98848e-06 -5.68828e-06 -1.21109e-18)
(-4.64295e-06 -5.46654e-06 -1.849e-18)
(-4.3129e-06 -5.25608e-06 2.659e-19)
(-3.99684e-06 -5.05633e-06 1.14555e-18)
(-3.69524e-06 -4.86716e-06 -1.69754e-18)
(-3.4077e-06 -4.68755e-06 -2.06403e-18)
(-3.13483e-06 -4.51769e-06 9.9012e-19)
(-2.87647e-06 -4.35797e-06 1.21581e-18)
(-2.63172e-06 -4.20765e-06 2.56735e-19)
(-2.39947e-06 -4.06742e-06 -3.45216e-18)
(-2.17844e-06 -3.93636e-06 -1.63503e-18)
(-1.96758e-06 -3.81414e-06 -9.82946e-19)
(-1.7666e-06 -3.69954e-06 4.63019e-18)
(-1.57518e-06 -3.59178e-06 -9.05533e-19)
(-1.39417e-06 -3.4896e-06 4.30631e-18)
(-1.22435e-06 -3.39226e-06 -3.92288e-18)
(-1.06643e-06 -3.29961e-06 -4.26881e-18)
(-9.20278e-07 -3.21049e-06 -3.53903e-18)
(-7.85185e-07 -3.12466e-06 -7.79507e-18)
(-6.60181e-07 -3.04094e-06 6.87342e-18)
(-5.43694e-07 -2.95937e-06 2.47163e-18)
(-4.34501e-07 -2.88102e-06 -6.68019e-18)
(-3.27226e-07 -2.8058e-06 8.56411e-19)
(-2.45388e-07 -2.74624e-06 9.89234e-18)
(-2.49319e-07 -2.91448e-06 -4.19201e-18)
(-1.62342e-07 -2.80056e-06 -9.86944e-18)
(-7.67094e-08 -2.69366e-06 -5.60624e-19)
(6.10998e-09 -2.58775e-06 -7.2725e-18)
(7.77692e-08 -2.48762e-06 -1.11204e-17)
(1.21219e-07 -2.38661e-06 1.12285e-17)
(1.14118e-07 -2.29611e-06 1.16921e-17)
(5.74374e-08 -2.21727e-06 -2.02978e-19)
(-8.77403e-09 -2.12416e-06 6.61568e-19)
(7.5474e-08 -2.02831e-06 1.31736e-17)
(3.77721e-07 -1.94681e-06 -2.24928e-18)
(7.9934e-07 -1.39483e-06 -2.28403e-18)
(2.11151e-06 -2.32825e-06 6.87301e-17)
)
;

boundaryField
{
    inlet
    {
        type            calculated;
        value           nonuniform List<vector> 
23
(
(-2.78594e-06 0.698339 -1.95222e-15)
(-2.41677e-06 0.681843 2.79443e-15)
(-2.12576e-06 0.665112 3.0568e-15)
(-1.96055e-06 0.648979 -5.43808e-15)
(-1.76886e-06 0.633106 4.39438e-16)
(-1.5768e-06 0.617138 -2.31095e-16)
(-1.38553e-06 0.600971 6.30228e-16)
(-1.19961e-06 0.5845 -9.54609e-17)
(-1.01586e-06 0.567536 6.7256e-18)
(-8.3423e-07 0.549726 1.07397e-17)
(-6.50736e-07 0.530633 -5.1377e-16)
(-4.70841e-07 0.509161 1.88963e-15)
(-2.66283e-07 0.484415 1.45433e-15)
(-6.11176e-08 0.451537 -2.34456e-15)
(7.0018e-08 0.433235 -5.44551e-16)
(1.16201e-07 0.420426 -1.1438e-16)
(2.32216e-07 0.402884 5.75809e-16)
(3.67163e-07 0.381063 6.61956e-16)
(5.05539e-07 0.355899 -2.15495e-16)
(6.30748e-07 0.324617 -5.57909e-16)
(8.67053e-07 0.282486 2.66146e-16)
(9.74779e-07 0.209302 -9.02621e-17)
(2.11151e-06 0.0928775 6.87301e-17)
)
;
    }
    outlet
    {
        type            calculated;
        value           nonuniform List<vector> 
82
(
(-0.0165448 -4.29034e-05 8.69567e-20)
(-0.0164869 -4.22267e-05 3.48107e-20)
(-0.0166157 -4.05842e-05 1.05512e-19)
(-0.0164314 -4.00778e-05 1.84899e-20)
(-0.01637 -3.80885e-05 3.23698e-20)
(-0.0163031 -3.61899e-05 2.78936e-21)
(-0.0162302 -3.43872e-05 -7.58263e-20)
(-0.0161513 -3.26785e-05 -2.71185e-20)
(-0.016066 -3.10564e-05 7.33852e-20)
(-0.0159732 -2.95138e-05 -2.23068e-20)
(-0.0158726 -2.80537e-05 -2.74621e-20)
(-0.0157642 -2.66703e-05 1.35757e-20)
(-0.0156477 -2.53588e-05 -2.42302e-20)
(-0.0155222 -2.41158e-05 -4.45639e-20)
(-0.015387 -2.29399e-05 -3.55869e-20)
(-0.0152418 -2.18271e-05 1.85583e-20)
(-0.0150864 -2.07729e-05 6.0906e-20)
(-0.0149199 -1.97728e-05 -6.40843e-20)
(-0.0147417 -1.88243e-05 -1.2141e-21)
(-0.0145511 -1.79237e-05 -4.4169e-20)
(-0.0143482 -1.70675e-05 -8.25415e-20)
(-0.014132 -1.62516e-05 -1.03159e-19)
(-0.0139018 -1.54769e-05 -1.12322e-19)
(-0.0136576 -1.47399e-05 6.47079e-20)
(-0.0133988 -1.40407e-05 -8.3002e-20)
(-0.0131251 -1.33773e-05 -1.36998e-19)
(-0.0128358 -1.27517e-05 1.49492e-19)
(-0.012531 -1.2162e-05 2.07626e-19)
(-0.0122103 -1.16086e-05 -3.76069e-19)
(-0.0118739 -1.1089e-05 7.5287e-20)
(-0.0115217 -1.06018e-05 -9.6977e-20)
(-0.0111538 -1.0146e-05 9.75421e-20)
(-0.0107708 -9.71898e-06 -4.58091e-20)
(-0.010373 -9.31504e-06 2.09049e-19)
(-0.00996136 -8.93329e-06 1.70631e-19)
(-0.00953667 -8.57135e-06 1.46164e-19)
(-0.00909972 -8.22493e-06 -2.6086e-19)
(-0.00865159 -7.89407e-06 1.48773e-19)
(-0.00819355 -7.57576e-06 -4.0803e-20)
(-0.00772718 -7.27018e-06 -1.54675e-19)
(-0.00725384 -6.97628e-06 -9.78189e-19)
(-0.00677476 -6.69444e-06 -6.83051e-19)
(-0.00629181 -6.42458e-06 7.70267e-19)
(-0.00580675 -6.16692e-06 -8.34282e-19)
(-0.00532092 -5.92145e-06 -1.29318e-18)
(-0.00483583 -5.68824e-06 -1.21109e-18)
(-0.00435328 -5.46652e-06 -1.849e-18)
(-0.0038751 -5.25605e-06 2.659e-19)
(-0.00340285 -5.05631e-06 1.14555e-18)
(-0.00293809 -4.86714e-06 -1.69754e-18)
(-0.00248266 -4.68753e-06 -2.06403e-18)
(-0.00203819 -4.51767e-06 9.9012e-19)
(-0.00160555 -4.35795e-06 1.21581e-18)
(-0.00118499 -4.20763e-06 2.56735e-19)
(-0.000776844 -4.0674e-06 -3.45216e-18)
(-0.000379712 -3.93634e-06 -1.63503e-18)
(8.08021e-06 -3.81412e-06 -9.82946e-19)
(0.000388397 -3.69952e-06 4.63019e-18)
(0.000762607 -3.59176e-06 -9.05533e-19)
(0.0011308 -3.48958e-06 4.30631e-18)
(0.00149336 -3.39224e-06 -3.92288e-18)
(0.00184776 -3.29959e-06 -4.26881e-18)
(0.00219122 -3.21048e-06 -3.53903e-18)
(0.00251998 -3.12465e-06 -7.79507e-18)
(0.0028307 -3.04094e-06 6.87342e-18)
(0.00311764 -2.95937e-06 2.47163e-18)
(0.00336952 -2.88102e-06 -6.68019e-18)
(0.00359134 -2.8058e-06 8.56411e-19)
(0.00377097 -2.74623e-06 9.89234e-18)
(0.00374806 -2.91448e-06 -4.19201e-18)
(0.00391888 -2.80056e-06 -9.86944e-18)
(0.00423414 -2.69366e-06 -5.60624e-19)
(0.00467538 -2.58775e-06 -7.2725e-18)
(0.00517583 -2.48762e-06 -1.11204e-17)
(0.00561442 -2.38661e-06 1.12285e-17)
(0.00562943 -2.29611e-06 1.16921e-17)
(0.00478857 -2.21726e-06 -2.02978e-19)
(0.00393966 -2.12416e-06 6.61568e-19)
(0.00155563 -2.02831e-06 1.31736e-17)
(-0.00276864 -1.94681e-06 -2.24928e-18)
(0.0144062 -1.39483e-06 -2.28403e-18)
(-0.0316444 -2.32825e-06 6.87301e-17)
)
;
    }
    walls
    {
        type            calculated;
        value           nonuniform List<vector> 0();
    }
    frontAndBack
    {
        type            empty;
    }
    procBoundary3to2
    {
        type            processor;
        value           nonuniform List<vector> 
88
(
(-3.57298e-06 -3.27431e-06 -2.34911e-16)
(-3.09199e-06 -1.04085e-05 2.95429e-16)
(-3.95657e-06 -5.056e-06 1.13572e-15)
(-4.10593e-06 -6.84271e-06 -1.05582e-15)
(-4.10593e-06 -6.84271e-06 -1.05582e-15)
(-4.00155e-06 -5.50893e-06 -4.39821e-17)
(-3.85761e-06 -5.77441e-06 -6.02522e-16)
(-3.85761e-06 -5.77441e-06 -6.02522e-16)
(-4.59496e-06 -6.13511e-06 2.40506e-16)
(-4.30711e-06 -5.88393e-06 1.42944e-16)
(-4.0518e-06 -5.74587e-06 1.14944e-15)
(-4.0518e-06 -5.74587e-06 1.14944e-15)
(-5.69227e-06 -7.13225e-06 2.2136e-16)
(-5.5933e-06 -7.0075e-06 3.26078e-16)
(-5.25598e-06 -6.7777e-06 -1.3815e-15)
(-4.96822e-06 -6.57768e-06 -7.4142e-16)
(-4.71024e-06 -6.35752e-06 2.30489e-16)
(-4.71024e-06 -6.35752e-06 2.30489e-16)
(-6.52292e-06 -8.08965e-06 1.49964e-17)
(-6.32373e-06 -7.89707e-06 5.88766e-16)
(-6.07233e-06 -7.7031e-06 1.43082e-16)
(-5.85432e-06 -7.51439e-06 -3.50286e-16)
(-5.65132e-06 -7.32221e-06 7.89195e-16)
(-5.65132e-06 -7.32221e-06 7.89195e-16)
(-7.29866e-06 -9.15729e-06 2.62093e-16)
(-7.06188e-06 -8.9314e-06 -2.05416e-16)
(-6.80803e-06 -8.66985e-06 -3.73886e-16)
(-6.58954e-06 -8.36755e-06 2.42075e-16)
(-6.35278e-06 -8.10757e-06 7.95959e-16)
(-6.25863e-06 -7.95166e-06 -1.64771e-16)
(-6.24346e-06 -7.85021e-06 9.2396e-16)
(-6.24346e-06 -7.85021e-06 9.2396e-16)
(-1.05587e-05 -9.23755e-06 -9.61379e-17)
(-1.00267e-05 -9.20945e-06 1.44937e-16)
(-9.52265e-06 -9.18572e-06 1.59427e-16)
(-9.06807e-06 -9.1589e-06 2.25644e-16)
(-8.65522e-06 -9.11813e-06 -3.93604e-16)
(-8.2935e-06 -9.07973e-06 -2.7544e-16)
(-7.97219e-06 -9.02568e-06 -9.69774e-17)
(-7.68331e-06 -8.97745e-06 -3.8006e-16)
(-7.43247e-06 -8.91008e-06 -8.8878e-16)
(-7.17929e-06 -8.83943e-06 7.77736e-16)
(-7.14494e-06 -8.82627e-06 -7.74842e-16)
(-7.43161e-06 -8.85238e-06 6.17883e-17)
(-7.43161e-06 -8.85238e-06 6.17883e-17)
(-5.017e-05 -3.96127e-05 -2.17387e-17)
(-4.6793e-05 -3.75868e-05 -2.9406e-17)
(-4.3931e-05 -3.66543e-05 -1.16961e-17)
(-4.14169e-05 -3.53865e-05 1.04546e-17)
(-3.9068e-05 -3.393e-05 -1.11684e-17)
(-3.69919e-05 -3.24175e-05 4.71254e-17)
(-3.51808e-05 -3.09572e-05 6.12944e-18)
(-3.36054e-05 -2.95084e-05 -3.39661e-17)
(-3.22399e-05 -2.81161e-05 -1.95521e-18)
(-3.10646e-05 -2.67385e-05 3.66921e-17)
(-3.00423e-05 -2.54217e-05 -1.17796e-18)
(-2.91506e-05 -2.41366e-05 -3.82724e-18)
(-2.83581e-05 -2.29321e-05 -4.74909e-17)
(-2.76427e-05 -2.17676e-05 -6.82644e-19)
(-2.69829e-05 -2.06795e-05 -7.11882e-17)
(-2.63589e-05 -1.96295e-05 -3.58755e-17)
(-2.57627e-05 -1.86568e-05 -1.69981e-17)
(-2.51765e-05 -1.77266e-05 1.59799e-17)
(-2.4596e-05 -1.68657e-05 -3.6703e-17)
(-2.40098e-05 -1.60438e-05 6.33877e-17)
(-2.34199e-05 -1.53016e-05 -9.27642e-17)
(-2.2817e-05 -1.45967e-05 -6.2759e-17)
(-2.22067e-05 -1.39515e-05 5.21919e-17)
(-2.15798e-05 -1.33341e-05 -4.3355e-17)
(-2.09468e-05 -1.27894e-05 1.73075e-17)
(-2.03012e-05 -1.2272e-05 -6.12346e-17)
(-1.96501e-05 -1.1807e-05 3.96114e-17)
(-1.89841e-05 -1.13396e-05 5.00759e-18)
(-1.83165e-05 -1.09351e-05 3.62647e-17)
(-1.76421e-05 -1.05293e-05 1.15381e-16)
(-1.69658e-05 -1.01624e-05 -9.17114e-17)
(-1.62898e-05 -9.81771e-06 2.75283e-20)
(-1.56113e-05 -9.51042e-06 -1.39006e-16)
(-1.49448e-05 -9.22329e-06 1.09886e-17)
(-1.42809e-05 -8.99325e-06 2.36107e-17)
(-1.3639e-05 -8.79013e-06 -9.57501e-17)
(-1.29993e-05 -8.64601e-06 1.49509e-16)
(-1.23862e-05 -8.514e-06 3.15593e-17)
(-1.18014e-05 -8.42078e-06 4.55321e-17)
(-1.10833e-05 -8.3393e-06 -9.942e-18)
(-1.09469e-05 -8.46375e-06 -9.15916e-17)
(-1.20092e-05 -8.77594e-06 2.42798e-17)
(-1.20092e-05 -8.77594e-06 2.42798e-17)
)
;
    }
    procBoundary3to6
    {
        type            processor;
        value           uniform (-5.30487e-05 -4.15411e-05 -1.68681e-17);
    }
    procBoundary3to7
    {
        type            processor;
        value           nonuniform List<vector> 
16
(
(-5.84321e-05 -3.632e-05 -1.75146e-17)
(-6.62416e-05 -2.94161e-05 1.54739e-17)
(-5.62817e-05 -2.58335e-05 -8.97929e-18)
(-3.99197e-05 -2.74627e-05 8.71218e-18)
(-2.18212e-05 -3.07013e-05 -7.32205e-18)
(-5.17348e-06 -3.42661e-05 -4.32012e-18)
(2.54652e-06 -3.9198e-05 -2.507e-19)
(-2.8481e-06 -4.09951e-05 1.08118e-18)
(-2.8481e-06 -4.09951e-05 1.08118e-18)
(-6.7946e-06 -2.96216e-05 -1.76957e-18)
(-8.2282e-06 -2.47764e-05 2.06051e-18)
(-1.61626e-06 -2.20105e-05 -4.12975e-19)
(1.09073e-05 -1.97019e-05 -3.59972e-19)
(2.65764e-05 -2.20169e-05 -4.20073e-19)
(3.5293e-05 -2.66644e-05 -5.92362e-21)
(3.84525e-05 -3.12418e-05 -8.80456e-21)
)
;
    }
}


// ************************************************************************* //
