/*--------------------------------*- C++ -*----------------------------------*\
| =========                 |                                                 |
| \\      /  F ield         | OpenFOAM: The Open Source CFD Toolbox           |
|  \\    /   O peration     | Version:  2306                                  |
|   \\  /    A nd           | Website:  www.openfoam.com                      |
|    \\/     M anipulation  |                                                 |
\*---------------------------------------------------------------------------*/
FoamFile
{
    version     2.0;
    format      ascii;
    arch        "LSB;label=32;scalar=64";
    class       volVectorField;
    location    "675";
    object      U;
}
// * * * * * * * * * * * * * * * * * * * * * * * * * * * * * * * * * * * * * //

dimensions      [0 1 -1 0 0 0 0];

internalField   nonuniform List<vector> 
1340
(
(1.3644 2.18881 5.48266e-15)
(3.32267 -0.139521 -1.64501e-15)
(5.55301 -2.15989 5.0879e-16)
(7.84878 -3.66176 1.74119e-15)
(9.96512 -4.62794 2.62231e-15)
(11.8356 -5.18647 8.17037e-16)
(13.4723 -5.46193 -1.38869e-15)
(14.9 -5.55117 -1.24463e-15)
(16.1499 -5.51722 6.67133e-16)
(17.2526 -5.40769 2.50561e-16)
(18.2406 -5.2515 8.37578e-16)
(19.145 -5.06814 -6.87906e-16)
(19.9876 -4.8604 -1.35719e-16)
(20.7866 -4.62979 -5.97333e-16)
(21.5528 -4.36684 2.95512e-16)
(22.2875 -4.05759 8.09206e-16)
(22.9598 -3.67699 -2.71815e-16)
(23.5021 -3.22513 -3.03577e-16)
(23.897 -2.74548 -2.94819e-16)
(24.175 -2.27773 -8.40485e-18)
(24.3721 -1.77844 9.25989e-18)
(24.5037 -1.18113 1.23677e-19)
(24.5699 -0.513058 -3.41325e-18)
(24.5503 0.159842 7.4667e-17)
(24.4305 0.789602 5.57317e-17)
(24.2114 1.3536 1.25378e-16)
(23.9018 1.84542 3.6388e-16)
(23.5017 2.26734 9.76315e-18)
(2.40263 6.03982 -2.72084e-15)
(3.58769 3.4389 -4.60251e-15)
(5.08026 1.14187 3.07486e-15)
(6.84371 -0.758212 -1.62471e-15)
(8.73744 -2.12439 2.21164e-16)
(10.5866 -3.01233 -5.0847e-16)
(12.3097 -3.54995 2.78653e-17)
(13.8829 -3.83701 1.49371e-16)
(15.3008 -3.95451 5.00023e-16)
(16.5748 -3.95472 -9.10418e-16)
(17.7215 -3.88206 9.77874e-16)
(18.7646 -3.7616 -2.29134e-16)
(19.7282 -3.6112 -4.23718e-16)
(20.6353 -3.42809 -2.94984e-16)
(21.5012 -3.20995 -6.66835e-16)
(22.3382 -2.9394 -7.29367e-16)
(23.1482 -2.59509 -7.90766e-16)
(23.9088 -2.13663 3.15248e-16)
(24.5677 -1.57144 -2.11977e-17)
(25.099 -0.963323 1.34858e-16)
(25.5135 -0.336453 9.93648e-17)
(25.8055 0.27377 5.9055e-18)
(25.967 0.821306 -1.18758e-19)
(26.0005 1.28865 2.20454e-18)
(25.9349 1.68399 -4.28273e-17)
(25.7971 2.03013 -1.90067e-17)
(25.5971 2.3467 -1.76882e-16)
(25.3361 2.64221 -1.28556e-16)
(25.0049 2.92011 -2.58346e-17)
(4.92873 6.75362 1.2497e-15)
(5.69821 4.40207 1.8647e-15)
(6.78417 2.29672 1.61156e-15)
(8.13892 0.507265 -1.39258e-15)
(9.63649 -0.905569 -1.02371e-15)
(11.1564 -1.96299 2.63523e-16)
(12.627 -2.72627 9.91702e-16)
(14.0131 -3.25344 1.40283e-15)
(15.2976 -3.59508 -2.76236e-16)
(16.4787 -3.79449 -3.25746e-17)
(17.5627 -3.88965 9.4814e-16)
(18.5631 -3.90676 1.80343e-17)
(19.4969 -3.86401 7.1835e-16)
(20.3814 -3.76664 6.41896e-16)
(21.2291 -3.6168 1.49357e-15)
(22.0489 -3.40624 1.55608e-15)
(22.8409 -3.12154 6.87047e-16)
(23.5858 -2.74229 1.34655e-16)
(24.2405 -2.28354 -1.24783e-16)
(24.7806 -1.79446 3.59529e-16)
(25.2165 -1.29722 -6.9785e-17)
(25.5617 -0.796781 -3.84939e-17)
(25.8216 -0.289633 2.72192e-18)
(25.9965 0.226063 3.63597e-19)
(26.0885 0.75003 1.64386e-17)
(26.0991 1.2719 3.98093e-17)
(26.028 1.7735 5.65745e-17)
(25.8751 2.23925 1.60081e-17)
(25.6309 2.66169 -1.92088e-16)
(6.83595 9.38073 7.95859e-16)
(7.03834 7.15957 -9.8752e-16)
(7.54194 5.05826 1.19224e-17)
(8.32463 3.13445 3.43404e-16)
(9.35354 1.45264 2.38277e-15)
(10.5377 0.0660482 1.75325e-16)
(11.7925 -1.01955 6.77826e-16)
(13.0582 -1.83596 -1.85335e-15)
(14.2937 -2.42408 -1.14695e-15)
(15.4739 -2.82325 3.4468e-16)
(16.5865 -3.07256 1.98568e-16)
(17.6289 -3.20613 -9.52812e-16)
(18.6051 -3.25102 9.43227e-17)
(19.5249 -3.22691 -2.30268e-16)
(20.3999 -3.14324 5.98282e-16)
(21.2392 -3.00323 -6.3014e-16)
(22.0491 -2.80141 -9.16667e-16)
(22.8287 -2.52653 1.14683e-16)
(23.5615 -2.16106 2.24661e-16)
(24.2117 -1.71067 4.36464e-16)
(24.7554 -1.21289 -3.19584e-16)
(25.1974 -0.690759 -4.04897e-17)
(25.549 -0.155344 1.39246e-17)
(25.8149 0.382867 -4.18107e-18)
(25.9979 0.908833 -2.53701e-18)
(26.1032 1.40673 3.72517e-18)
(26.1373 1.86089 -8.67194e-18)
(26.1041 2.26812 -8.03236e-18)
(26.0052 2.63153 2.09751e-17)
(25.831 2.95774 1.99241e-16)
(8.76622 9.35142 -1.15388e-15)
(8.83376 7.39034 3.56815e-15)
(9.15433 5.50433 -2.81214e-15)
(9.71851 3.75577 -1.11537e-17)
(10.5022 2.19693 3.55401e-17)
(11.4407 0.868544 -3.50141e-16)
(12.471 -0.21632 -5.13728e-16)
(13.5452 -1.07517 -1.03629e-15)
(14.6253 -1.73501 1.26899e-15)
(15.684 -2.22165 5.40886e-16)
(16.7052 -2.56473 -1.13598e-16)
(17.6806 -2.79058 2.87752e-16)
(18.6082 -2.92145 -5.25891e-16)
(19.4922 -2.97399 3.54805e-16)
(20.3393 -2.95803 -3.43154e-16)
(21.1556 -2.87698 3.86279e-16)
(21.9449 -2.72764 3.54809e-16)
(22.7052 -2.50189 -6.26408e-17)
(23.4216 -2.18892 -5.29093e-16)
(24.0639 -1.79482 -1.31487e-16)
(24.6086 -1.35144 -4.53578e-17)
(25.0564 -0.884028 1.09784e-16)
(25.4161 -0.405348 1.21354e-18)
(25.6916 0.0752292 -3.11551e-18)
(25.8851 0.547583 1.95167e-17)
(26 1.0035 8.59201e-18)
(26.0419 1.44299 -3.93779e-18)
(26.0147 1.86612 5.63107e-18)
(25.9218 2.26937 6.90824e-18)
(25.7576 2.6497 3.31957e-17)
(10.644 10.9597 -5.55114e-16)
(10.3998 9.24907 1.10167e-15)
(10.3732 7.50029 -9.85792e-16)
(10.5651 5.80009 -8.66024e-16)
(10.9701 4.21072 -9.55904e-16)
(11.5678 2.77122 -9.56736e-16)
(12.3122 1.51456 1.47025e-15)
(13.1562 0.457828 -7.14317e-16)
(14.0634 -0.407403 7.96163e-16)
(15.0016 -1.09773 1.52567e-16)
(15.945 -1.62894 -2.39961e-16)
(16.8762 -2.02232 -6.69019e-16)
(17.7842 -2.29779 -5.28997e-16)
(18.6627 -2.47364 2.909e-16)
(19.5108 -2.56454 -1.29498e-16)
(20.331 -2.58038 -3.94684e-16)
(21.1259 -2.52571 -3.48827e-16)
(21.8966 -2.39965 -2.48028e-16)
(22.6397 -2.19656 3.10336e-16)
(23.3417 -1.90896 -1.02686e-16)
(23.9761 -1.54126 -2.94845e-16)
(24.5208 -1.1188 3.28825e-16)
(24.973 -0.664952 2.20526e-17)
(25.3387 -0.192137 2.1807e-18)
(25.6213 0.290654 4.2715e-18)
(25.8222 0.772908 -2.63201e-17)
(25.9447 1.24529 -4.03336e-18)
(25.9938 1.69806 1.21816e-17)
(25.9732 2.12131 -5.33102e-18)
(25.8861 2.509 -2.1255e-17)
(25.7266 2.85954 8.904e-17)
(12.0724 10.6324 -2.6568e-16)
(11.7992 9.105 1.1745e-16)
(11.7087 7.53178 1.17133e-15)
(11.8083 5.99136 8.67974e-16)
(12.095 4.54396 3.71306e-16)
(12.5513 3.21762 -9.53253e-16)
(13.1432 2.03938 -4.59992e-16)
(13.8348 1.02661 7.47802e-16)
(14.5985 0.17457 8.08989e-17)
(15.4083 -0.527167 -3.10977e-17)
(16.2414 -1.08797 -5.43314e-16)
(17.0817 -1.52285 4.44803e-16)
(17.9171 -1.84619 9.94294e-16)
(18.7389 -2.07166 -5.5912e-16)
(19.543 -2.21084 -6.36308e-17)
(20.3284 -2.27222 -5.74027e-16)
(21.0949 -2.25989 -2.90156e-16)
(21.8413 -2.17375 3.04523e-16)
(22.5631 -2.00987 -7.2687e-16)
(23.2474 -1.76357 2.51316e-16)
(23.8711 -1.43908 3.35619e-16)
(24.4131 -1.05727 -1.13909e-16)
(24.8679 -0.640092 -9.69822e-17)
(25.2389 -0.200992 -1.88846e-17)
(25.5288 0.249872 -1.36533e-18)
(25.7385 0.7013 1.91766e-18)
(25.8707 1.14251 -3.97866e-17)
(25.9299 1.56551 6.92531e-17)
(25.9195 1.96678 -7.0331e-18)
(25.8417 2.34277 6.28737e-17)
(25.6907 2.692 7.57983e-17)
(13.3039 10.3121 -3.24755e-18)
(13.0123 8.9363 -1.87338e-16)
(12.8778 7.51064 -1.97368e-15)
(12.9103 6.10863 7.972e-16)
(13.1079 4.78661 -1.15075e-16)
(13.4558 3.5643 1.03493e-15)
(13.9274 2.46463 -5.72731e-16)
(14.4946 1.50388 5.34909e-16)
(15.1365 0.678682 -7.77633e-16)
(15.8325 -0.0178744 -5.96438e-16)
(16.5639 -0.590783 3.09768e-16)
(17.3167 -1.05033 3.35084e-16)
(18.0793 -1.40596 3.36381e-16)
(18.842 -1.66703 1.97802e-16)
(19.5989 -1.84203 -2.32212e-16)
(20.3465 -1.93774 9.28455e-16)
(21.0821 -1.95757 -2.70922e-16)
(21.8026 -1.9019 4.35134e-16)
(22.5022 -1.76801 4.53146e-16)
(23.1686 -1.55317 -1.63621e-18)
(23.7808 -1.26129 -8.82284e-17)
(24.3185 -0.909134 -6.98848e-17)
(24.7744 -0.516716 1.51975e-17)
(25.1495 -0.0976459 1.99065e-17)
(25.4453 0.337752 6.49652e-18)
(25.6624 0.77852 1.16107e-17)
(25.8026 1.21416 2.72314e-17)
(25.8696 1.63647 -1.3357e-16)
(25.8665 2.03745 -6.92457e-17)
(25.7955 2.41089 1.23341e-17)
(25.6507 2.75341 -1.52757e-16)
(14.7938 11.1733 -4.67412e-16)
(14.377 10.0023 -2.8457e-16)
(14.0746 8.75406 -6.76245e-16)
(13.9097 7.45413 -1.69555e-16)
(13.893 6.17256 8.67457e-16)
(14.0229 4.9611 6.57967e-16)
(14.2869 3.83383 -1.8951e-16)
(14.6633 2.81015 1.5873e-15)
(15.1292 1.90494 -3.97367e-17)
(15.6685 1.11492 1.16167e-15)
(16.2653 0.434899 4.70268e-16)
(16.9044 -0.137939 -4.2434e-16)
(17.5746 -0.610464 3.84451e-17)
(18.2654 -0.988602 -8.82588e-16)
(18.9676 -1.27826 5.82573e-17)
(19.6743 -1.48502 5.13055e-16)
(20.3805 -1.61358 2.18538e-17)
(21.0816 -1.66634 3.50091e-16)
(21.773 -1.64352 -4.41211e-16)
(22.4481 -1.54306 -2.83694e-16)
(23.0946 -1.36344 -5.06031e-16)
(23.6931 -1.10819 -3.14196e-16)
(24.2245 -0.791128 -2.01568e-17)
(24.6796 -0.430247 -8.77763e-17)
(25.0576 -0.0392443 -1.65339e-18)
(25.3587 0.371188 -6.41263e-18)
(25.5829 0.789912 -1.57503e-18)
(25.7315 1.20604 3.22467e-17)
(25.8074 1.61032 -1.6927e-17)
(25.8132 1.99637 1.372e-16)
(25.7508 2.35839 -3.07085e-16)
(25.6142 2.69278 3.53078e-17)
(15.3212 9.70483 -7.70843e-16)
(15.0135 8.56533 2.17223e-15)
(14.8273 7.37398 1.16279e-15)
(14.7743 6.19797 4.17616e-16)
(14.8523 5.08419 -1.73147e-15)
(15.0508 4.04297 -9.84635e-16)
(15.3512 3.09109 -1.78507e-15)
(15.7346 2.24191 -1.64129e-15)
(16.1881 1.49157 -3.74852e-16)
(16.6991 0.835523 2.54169e-16)
(17.2558 0.272298 -2.68286e-16)
(17.8494 -0.203116 -3.42984e-16)
(18.4713 -0.593961 3.70833e-16)
(19.1133 -0.903544 -4.94484e-16)
(19.7685 -1.13496 5.4237e-17)
(20.4311 -1.29078 1.94442e-16)
(21.0954 -1.37203 3.94609e-16)
(21.7556 -1.3785 -1.78728e-16)
(22.4043 -1.30838 -1.00075e-16)
(23.0296 -1.16066 -8.19009e-17)
(23.6131 -0.938585 2.49202e-16)
(24.1363 -0.653456 -1.22823e-17)
(24.5889 -0.321103 5.5106e-17)
(24.9684 0.0451327 -7.82623e-18)
(25.2737 0.434414 -4.21906e-18)
(25.5041 0.835716 -1.34083e-17)
(25.6601 1.23805 -3.69247e-17)
(25.7441 1.63213 -1.09993e-16)
(25.758 2.01012 1.97084e-17)
(25.7034 2.36483 3.07481e-16)
(25.5744 2.69147 3.59931e-16)
(15.8494 8.37458 -1.40182e-15)
(15.6486 7.27826 -9.12316e-16)
(15.5686 6.19518 1.09956e-15)
(15.6067 5.16811 1.53286e-15)
(15.7536 4.2047 2.42979e-16)
(15.9933 3.31977 1.0655e-15)
(16.3093 2.52536 1.00162e-15)
(16.6909 1.81682 -6.01249e-16)
(17.1283 1.18954 4.0276e-16)
(17.6121 0.642606 -1.04193e-16)
(18.1359 0.17219 6.91636e-16)
(18.6929 -0.22362 -4.24357e-16)
(19.2762 -0.54605 -6.91998e-16)
(19.8797 -0.796131 -2.40622e-16)
(20.4972 -0.97472 -5.78914e-16)
(21.1227 -1.08157 -5.1106e-16)
(21.7497 -1.11569 -4.5193e-16)
(22.3703 -1.07505 8.40751e-16)
(22.9727 -0.958793 5.19919e-16)
(23.5395 -0.769749 8.38056e-17)
(24.0526 -0.517074 2.83305e-16)
(24.501 -0.214629 4.79241e-17)
(24.8805 0.124799 1.29553e-17)
(25.189 0.490324 -1.42029e-18)
(25.4249 0.870956 -2.48228e-18)
(25.5881 1.25567 2.46026e-17)
(25.6801 1.63465 -3.66594e-18)
(25.7024 2.00006 7.06662e-17)
(25.6561 2.34447 1.53429e-16)
(25.5354 2.66244 -6.54172e-16)
(16.3881 7.1725 7.09304e-17)
(16.2878 6.17179 6.52126e-16)
(16.2951 5.22196 -1.9288e-15)
(16.4012 4.32909 -1.29103e-15)
(16.592 3.50616 8.64179e-16)
(16.8527 2.76404 1.26295e-15)
(17.1743 2.0975 -6.53873e-16)
(17.5488 1.50176 -9.162e-17)
(17.9687 0.975892 -5.2975e-17)
(18.4294 0.516322 -1.73187e-16)
(18.9262 0.122061 6.36755e-16)
(19.4533 -0.206834 8.75198e-16)
(20.0057 -0.469905 8.18413e-17)
(20.5778 -0.666486 6.24468e-16)
(21.1633 -0.795086 2.15942e-16)
(21.7555 -0.853877 3.3731e-16)
(22.3466 -0.840469 -5.25729e-16)
(22.9248 -0.753737 -4.34929e-17)
(23.4732 -0.595856 -2.6716e-16)
(23.9745 -0.374263 -3.05661e-16)
(24.417 -0.100864 -1.1482e-16)
(24.7951 0.212353 2.83427e-17)
(25.1055 0.554636 9.41474e-18)
(25.346 0.915206 6.14697e-18)
(25.5156 1.28308 1.27249e-18)
(25.6151 1.64824 -3.65651e-17)
(25.6455 2.00233 1.05063e-17)
(25.6074 2.33703 -2.56222e-16)
(25.495 2.64594 1.71438e-17)
(16.9419 6.13332 -1.71331e-15)
(16.9252 5.25277 4.50949e-16)
(16.9989 4.42375 8.16113e-16)
(17.15 3.65785 -1.41151e-15)
(17.3653 2.96513 -9.60809e-16)
(17.6368 2.33994 8.5829e-16)
(17.9576 1.77695 1.836e-16)
(18.3218 1.27496 -5.86138e-16)
(18.7262 0.830565 5.51089e-16)
(19.1676 0.443021 -2.86189e-16)
(19.6418 0.113098 9.60986e-16)
(20.1447 -0.15783 2.5039e-16)
(20.6715 -0.367942 -3.3996e-17)
(21.2164 -0.514621 1.30349e-16)
(21.7729 -0.595251 -9.95405e-17)
(22.3332 -0.606926 -6.19367e-17)
(22.8859 -0.548081 -5.91305e-16)
(23.4146 -0.420052 2.63535e-17)
(23.9023 -0.228682 2.2022e-16)
(24.3371 0.0158566 -7.76829e-18)
(24.7122 0.302534 -3.08508e-17)
(25.0234 0.6209 -1.36599e-17)
(25.2675 0.960397 4.01081e-17)
(25.443 1.31016 -1.96135e-17)
(25.5497 1.65996 1.23604e-16)
(25.588 2.00113 -3.18154e-16)
(25.5581 2.3249 5.40303e-16)
(25.4545 2.62408 3.05236e-16)
(17.5037 5.26563 1.03696e-16)
(17.5514 4.49457 -5.80366e-16)
(17.6703 3.78125 5.53637e-17)
(17.8481 3.13491 5.44706e-16)
(18.0776 2.54945 -7.42519e-16)
(18.3527 2.01933 2.06431e-16)
(18.6685 1.54292 -5.72534e-17)
(19.023 1.1166 -3.50302e-16)
(19.4141 0.73965 -5.40188e-16)
(19.8389 0.41317 -4.83686e-16)
(20.2945 0.138996 -2.30577e-16)
(20.7771 -0.0803709 -3.44889e-16)
(21.2815 -0.241497 -1.55971e-16)
(21.8017 -0.340996 -2.17013e-16)
(22.3303 -0.375309 8.01223e-17)
(22.8563 -0.342189 4.93529e-16)
(23.3639 -0.242183 7.57286e-17)
(23.8365 -0.0797226 9.71695e-17)
(24.2619 0.136694 6.66597e-17)
(24.6325 0.397118 2.45318e-17)
(24.9432 0.69156 6.33255e-18)
(25.1899 1.00978 -3.11878e-17)
(25.3704 1.34114 -2.69964e-17)
(25.4837 1.67532 2.16226e-16)
(25.5297 2.00333 -5.21588e-17)
(25.508 2.31584 -4.84637e-16)
(25.4132 2.6048 3.67884e-16)
(18.0631 4.54627 -8.61322e-17)
(18.1556 3.88124 9.54756e-16)
(18.3024 3.2781 -2.5939e-16)
(18.4966 2.73052 2.25302e-16)
(18.7327 2.23271 -1.38118e-16)
(19.0066 1.78267 8.17918e-16)
(19.3171 1.37647 1.80949e-16)
(19.6628 1.01306 -2.69524e-17)
(20.0421 0.693523 5.93612e-16)
(20.4531 0.419867 -3.74842e-16)
(20.893 0.195033 2.96948e-18)
(21.3575 0.0229688 6.3283e-16)
(21.8413 -0.0923073 6.43356e-17)
(22.3376 -0.146666 -2.38042e-16)
(22.8361 -0.13716 -2.16798e-16)
(23.3214 -0.0633645 1.49705e-16)
(23.7773 0.0715596 2.79448e-18)
(24.1917 0.260656 -2.55161e-17)
(24.5564 0.495107 1.96967e-17)
(24.8652 0.765529 3.60432e-18)
(25.1135 1.0621 -9.9195e-18)
(25.2982 1.37444 9.44731e-17)
(25.4176 1.69225 -1.30041e-16)
(25.4709 2.00628 1.28381e-16)
(25.4574 2.30679 -5.23661e-16)
(25.3716 2.58496 -4.28337e-17)
(18.5376 4.58258 4.0597e-16)
(18.6085 3.96203 6.95861e-16)
(18.7295 3.39908 3.23697e-18)
(18.894 2.88727 6.80465e-16)
(19.097 2.42074 4.23946e-17)
(19.3346 1.99703 -1.05118e-15)
(19.6063 1.61194 -1.97409e-16)
(19.9114 1.26406 -1.45415e-16)
(20.2491 0.954179 4.05795e-17)
(20.6184 0.684228 1.3732e-16)
(21.0176 0.457286 -4.97683e-16)
(21.4433 0.277608 -2.60401e-16)
(21.891 0.149628 3.62047e-16)
(22.3548 0.0779377 3.97511e-16)
(22.8251 0.0661187 -2.38621e-16)
(23.2871 0.115609 -1.13358e-17)
(23.7251 0.224563 -3.06707e-16)
(24.1271 0.387382 5.74711e-17)
(24.4843 0.596398 1.52219e-17)
(24.7899 0.842957 -4.42846e-19)
(25.0387 1.11772 2.41009e-17)
(25.2267 1.41069 -5.67518e-18)
(25.3515 1.71166 1.2466e-16)
(25.4119 2.01117 3.66021e-16)
(25.4064 2.29916 1.10015e-15)
(25.3297 2.56601 3.87219e-17)
(19.0315 4.02673 7.18859e-16)
(19.131 3.50105 -3.27839e-16)
(19.2704 3.02295 -7.18829e-16)
(19.445 2.58632 -3.70595e-16)
(19.6514 2.18853 -2.02286e-16)
(19.8891 1.82498 -1.95988e-16)
(20.158 1.49391 3.29385e-16)
(20.4579 1.19573 -6.7303e-16)
(20.7887 0.932082 1.64325e-16)
(21.1495 0.705952 -4.19904e-16)
(21.5378 0.521592 -3.0226e-16)
(21.9502 0.383708 -1.68068e-16)
(22.3816 0.297277 4.23954e-17)
(22.8233 0.266598 2.80923e-16)
(23.2613 0.293984 3.96078e-17)
(23.6802 0.378657 1.49059e-16)
(24.0683 0.516355 5.41725e-17)
(24.4167 0.700595 -7.57924e-17)
(24.7178 0.923535 -7.14463e-18)
(24.9658 1.17642 -1.93616e-17)
(25.1562 1.44968 -6.45117e-17)
(25.2858 1.73331 2.6914e-17)
(25.3527 2.01771 -4.51895e-16)
(25.3551 2.29258 -5.0499e-16)
(25.2876 2.5476 -2.34806e-16)
(19.4268 4.07816 5.43074e-16)
(19.5083 3.5871 -4.32001e-16)
(19.6265 3.14047 1.35842e-16)
(19.7769 2.73225 3.59616e-16)
(19.9562 2.35954 1.07892e-15)
(20.1641 2.0175 -8.57697e-17)
(20.4009 1.70392 1.43327e-16)
(20.6667 1.41883 3.9275e-16)
(20.9621 1.16347 2.2492e-16)
(21.287 0.940549 7.73754e-16)
(21.6398 0.754226 5.13506e-16)
(22.0179 0.609212 -3.92903e-17)
(22.4174 0.510687 -4.43175e-16)
(22.8304 0.46345 3.60176e-17)
(23.2438 0.470754 -1.7089e-16)
(23.6427 0.532932 5.37178e-17)
(24.0158 0.646873 2.68431e-17)
(24.3539 0.807207 -2.97441e-17)
(24.6493 1.00697 1.76642e-18)
(24.8954 1.23807 1.23451e-17)
(25.0872 1.49143 -5.18589e-17)
(25.2208 1.75734 9.61797e-18)
(25.2938 2.02612 5.87933e-17)
(25.3038 2.28736 -1.00082e-16)
(25.2456 2.53008 -6.84148e-16)
(19.8629 3.65944 1.22787e-15)
(19.9631 3.24222 -9.2672e-17)
(20.0927 2.86081 -1.29901e-16)
(20.2486 2.51214 -8.73709e-16)
(20.4305 2.19118 5.28409e-16)
(20.6388 1.89534 -4.74705e-16)
(20.874 1.62423 3.36623e-17)
(21.1372 1.37869 -2.71871e-16)
(21.4287 1.16097 -2.69744e-16)
(21.748 0.974945 -1.22283e-16)
(22.0933 0.825253 -1.4115e-16)
(22.4615 0.717153 1.46587e-16)
(22.8461 0.655794 7.95751e-17)
(23.2344 0.645219 -4.45587e-17)
(23.6126 0.686772 -1.54909e-17)
(23.9696 0.77841 -5.41867e-17)
(24.2963 0.915831 2.28718e-17)
(24.5846 1.09299 7.16286e-18)
(24.8278 1.30251 2.20992e-17)
(25.0199 1.53588 8.02552e-17)
(25.1569 1.78375 -3.27533e-16)
(25.2354 2.03647 -3.48574e-18)
(25.2527 2.28357 3.01278e-16)
(25.2038 2.51356 2.60533e-16)
(20.1962 3.72017 2.16469e-17)
(20.2811 3.33038 -5.67007e-16)
(20.3928 2.97416 1.37662e-16)
(20.5284 2.64834 2.73549e-17)
(20.6876 2.34779 2.41314e-17)
(20.8707 2.06958 2.23659e-16)
(21.0786 1.81294 -5.20512e-16)
(21.3125 1.57822 9.15797e-17)
(21.5734 1.36726 -2.68399e-16)
(21.8613 1.18351 -1.34688e-17)
(22.1753 1.03133 3.06818e-16)
(22.5134 0.9159 -1.25541e-16)
(22.8698 0.842714 -4.19867e-17)
(23.2331 0.816469 2.86251e-16)
(23.5901 0.839332 5.16495e-17)
(23.9301 0.910239 -2.62617e-17)
(24.2442 1.02589 3.39374e-17)
(24.5244 1.18117 -6.13706e-18)
(24.7633 1.36946 -2.41167e-17)
(24.9549 1.58288 8.7751e-17)
(25.0943 1.8125 -1.03195e-16)
(25.1777 2.0488 1.12301e-16)
(25.202 2.28134 -3.34153e-16)
(25.1624 2.49821 7.47829e-16)
(20.5095 3.77087 -8.67712e-17)
(20.5813 3.40662 5.2335e-16)
(20.6776 3.07399 -4.21366e-16)
(20.7956 2.76979 2.89756e-16)
(20.9349 2.4888 -3.72365e-16)
(21.0958 2.22787 2.89135e-17)
(21.2793 1.98586 -7.20021e-17)
(21.4868 1.76265 2.56635e-16)
(21.7197 1.55957 2.27222e-16)
(21.9785 1.37968 -2.43403e-16)
(22.263 1.227 -5.35375e-17)
(22.5721 1.10648 3.36432e-16)
(22.9011 1.02368 -8.44911e-17)
(23.2395 0.983847 -7.78043e-17)
(23.5749 0.98994 -1.65569e-16)
(23.8972 1.04175 4.77265e-17)
(24.1979 1.13689 -1.23308e-17)
(24.4688 1.27115 1.76657e-18)
(24.7025 1.43871 -3.34777e-17)
(24.8925 1.63233 -5.0151e-17)
(25.0334 1.8436 3.68697e-16)
(25.1211 2.0632 -1.03431e-16)
(25.1521 2.28079 -3.4566e-17)
(25.1215 2.48423 -6.47027e-16)
(20.8646 3.47245 -5.26612e-16)
(20.9476 3.1619 -1.79228e-16)
(21.0504 2.87807 5.34357e-17)
(21.1722 2.61573 5.24311e-16)
(21.3136 2.37152 1.80325e-16)
(21.4754 2.14402 2.0738e-16)
(21.6592 1.93265 -5.30406e-16)
(21.8665 1.73833 6.99499e-17)
(22.0985 1.56357 2.70713e-16)
(22.3554 1.41201 -2.01126e-16)
(22.6369 1.28827 5.69402e-17)
(22.9393 1.19789 -1.06256e-17)
(23.2532 1.14652 7.14468e-17)
(23.5669 1.13778 -1.35012e-16)
(23.8711 1.1722 -2.16362e-17)
(24.1575 1.24821 6.29593e-17)
(24.4182 1.36244 1.95103e-18)
(24.6456 1.50989 4.1109e-17)
(24.833 1.68402 -1.11726e-16)
(24.9747 1.87694 -5.22508e-17)
(25.066 2.07967 -2.41659e-16)
(25.1032 2.28203 1.02872e-16)
(25.0815 2.47176 2.26859e-16)
(21.132 3.52924 4.48004e-16)
(21.2035 3.23928 5.62412e-16)
(21.2929 2.97455 -1.04664e-16)
(21.3996 2.72983 2.84738e-16)
(21.5237 2.50167 -1.76488e-16)
(21.6662 2.28834 -1.18929e-17)
(21.8288 2.08891 1.02232e-16)
(22.013 1.90387 6.22737e-17)
(22.2203 1.73526 -3.6911e-17)
(22.4515 1.58621 -1.0265e-16)
(22.7069 1.46096 -1.00219e-16)
(22.9838 1.36491 -1.06185e-16)
(23.2738 1.30399 -1.32264e-16)
(23.566 1.28232 -9.32248e-17)
(23.8517 1.30103 -3.39239e-17)
(24.1232 1.35933 -1.46239e-17)
(24.3728 1.45464 -2.57442e-18)
(24.593 1.58272 -3.35138e-17)
(24.7769 1.73776 -4.84406e-17)
(24.9184 1.91248 9.42831e-17)
(25.0127 2.09825 4.36116e-16)
(25.0556 2.28517 -8.32966e-17)
(25.0425 2.46099 -2.26669e-16)
(21.4458 3.30724 -1.0362e-16)
(21.5235 3.06038 -5.37275e-16)
(21.6168 2.83229 1.04375e-16)
(21.7258 2.61941 -2.11284e-16)
(21.8513 2.4198 -7.73287e-17)
(21.9948 2.23224 -2.90854e-16)
(22.1581 2.05681 -7.64934e-18)
(22.3429 1.89505 1.20676e-16)
(22.5504 1.74961 6.89265e-17)
(22.7814 1.62429 -7.56037e-18)
(23.034 1.52426 -9.71402e-17)
(23.3007 1.45558 7.71603e-17)
(23.5717 1.4228 3.19637e-16)
(23.8389 1.42753 -2.66651e-17)
(24.0951 1.46961 2.61267e-17)
(24.3329 1.54718 -1.30545e-18)
(24.545 1.65678 1.89026e-17)
(24.7244 1.79328 1.54879e-16)
(24.865 1.95004 -4.31317e-16)
(24.9615 2.1189 2.18247e-17)
(25.0096 2.29027 6.53288e-17)
(25.0047 2.45207 7.81921e-17)
(21.6751 3.36692 -9.97797e-18)
(21.7427 3.13673 6.6377e-16)
(21.8242 2.92422 -6.42097e-17)
(21.9198 2.72579 1.10587e-16)
(22.0302 2.53935 -3.40024e-17)
(22.1567 2.3634 2.36992e-17)
(22.3013 2.19766 5.74758e-16)
(22.4656 2.04324 -5.14914e-16)
(22.6513 1.90231 1.69602e-16)
(22.8595 1.77818 2.93858e-16)
(23.0891 1.67571 -2.61874e-17)
(23.3335 1.60096 1.89686e-16)
(23.5837 1.55878 -1.5797e-16)
(23.8325 1.55121 -8.37867e-17)
(24.0731 1.57855 -7.43137e-17)
(24.2986 1.63965 -6.73829e-18)
(24.5018 1.73172 -3.23969e-17)
(24.676 1.85035 -6.8582e-17)
(24.8148 1.98952 3.42309e-16)
(24.9128 2.14161 5.77777e-17)
(24.9655 2.29741 -1.89857e-16)
(24.9685 2.44517 -2.11903e-16)
(21.892 3.41913 -5.72604e-17)
(21.9507 3.20449 -4.3183e-16)
(22.022 3.00655 4.19478e-16)
(22.1058 2.82172 -3.50104e-16)
(22.2027 2.64782 4.5613e-16)
(22.3142 2.48313 -1.46408e-16)
(22.4419 2.32703 -3.49589e-16)
(22.5877 2.18024 1.42385e-16)
(22.7534 2.04447 -3.12398e-16)
(22.9405 1.92255 -2.13968e-16)
(23.1485 1.81893 -8.93667e-18)
(23.3716 1.73966 4.58893e-17)
(23.6017 1.6897 -3.638e-17)
(23.8322 1.67142 -2.30864e-17)
(24.0572 1.68556 2.26158e-17)
(24.2699 1.73149 1.37777e-17)
(24.4637 1.80709 3.81104e-17)
(24.6319 1.90861 4.41888e-17)
(24.7681 2.03071 2.87478e-16)
(24.8669 2.16629 3.5193e-16)
(24.9236 2.30663 3.00626e-16)
(24.934 2.44039 3.7994e-16)
(22.148 3.2645 2.11791e-16)
(22.2102 3.08018 -5.02418e-16)
(22.2836 2.90815 8.06487e-17)
(22.3687 2.74611 2.78256e-16)
(22.4667 2.59222 -3.15647e-16)
(22.5794 2.44559 1.03344e-16)
(22.7086 2.30657 -9.25139e-18)
(22.856 2.17642 1.07e-17)
(23.0237 2.05749 -9.20871e-17)
(23.2114 1.95387 2.54442e-16)
(23.4143 1.87142 -4.83229e-17)
(23.6251 1.81519 2.73813e-18)
(23.8379 1.78775 1.06811e-17)
(24.0472 1.79015 1.37122e-17)
(24.2469 1.82225 -3.03405e-18)
(24.4308 1.8825 1.15266e-17)
(24.5923 1.9678 -6.34173e-17)
(24.7253 2.07341 -4.17679e-16)
(24.8241 2.19287 -7.08177e-16)
(24.8842 2.31796 -2.11999e-16)
(24.9015 2.43786 -5.73928e-16)
(22.3351 3.31757 -6.21374e-17)
(22.3894 3.14592 2.40268e-16)
(22.4536 2.98582 -3.33897e-17)
(22.5281 2.83497 -4.59401e-16)
(22.6143 2.69136 -1.72142e-17)
(22.7135 2.55392 1.07639e-16)
(22.8276 2.42264 -2.69305e-16)
(22.9586 2.29843 4.10823e-16)
(23.1083 2.18317 7.94193e-17)
(23.2773 2.08049 -2.04524e-16)
(23.4612 1.99606 -3.24522e-17)
(23.6535 1.93491 -3.95968e-17)
(23.8491 1.89975 5.86667e-18)
(24.0429 1.89185 6.03759e-17)
(24.2296 1.91146 -1.11912e-18)
(24.4032 1.95753 -7.38533e-18)
(24.5575 2.02754 5.17267e-17)
(24.6865 2.1174 -7.81517e-17)
(24.7847 2.22123 7.33169e-16)
(24.8476 2.33138 -1.57384e-16)
(24.8711 2.43767 6.24518e-16)
(22.5125 3.36432 -2.24679e-16)
(22.5597 3.20445 -4.18777e-16)
(22.6157 3.05549 4.59523e-16)
(22.681 2.91512 3.10649e-16)
(22.7566 2.78127 -4.05362e-17)
(22.8438 2.65267 3.9638e-17)
(22.9445 2.52903 1.74098e-16)
(23.0605 2.41093 9.51275e-17)
(23.1939 2.29979 2.12916e-16)
(23.3455 2.19883 -7.15977e-17)
(23.5116 2.11344 6.13963e-17)
(23.6865 2.0486 1.76273e-16)
(23.8654 2.00705 1.03205e-16)
(24.0442 1.99024 -3.39468e-17)
(24.2179 1.99868 9.43607e-18)
(24.3809 2.03177 7.63412e-17)
(24.5275 2.08752 -8.87076e-17)
(24.652 2.16243 1.42584e-16)
(24.7491 2.25124 -9.55206e-16)
(24.8141 2.34689 1.61093e-16)
(24.8432 2.43989 -6.71453e-16)
(22.7215 3.25643 1.40133e-16)
(22.7704 3.11785 2.84182e-16)
(22.8275 2.9873 -1.96939e-16)
(22.8936 2.86263 4.54446e-16)
(22.9702 2.74246 -3.50698e-16)
(23.0588 2.62627 7.66056e-17)
(23.1613 2.51433 -3.52125e-16)
(23.2799 2.40764 -6.13807e-17)
(23.4155 2.30903 -6.48126e-17)
(23.5651 2.22355 -2.5517e-16)
(23.7234 2.15611 -1.70952e-16)
(23.8866 2.1094 -1.19526e-16)
(24.0508 2.08495 -2.98591e-17)
(24.2116 2.08352 1.37259e-17)
(24.3639 2.10484 -1.30947e-16)
(24.5026 2.14741 1.46436e-16)
(24.6221 2.20824 -1.09499e-16)
(24.7173 2.28272 7.33594e-16)
(24.7838 2.3644 1.07408e-16)
(24.818 2.44453 7.33506e-16)
(22.8752 3.30244 1.26978e-16)
(22.9178 3.1735 -1.53683e-16)
(22.9675 3.05209 -3.973e-16)
(23.0254 2.93605 -3.59572e-16)
(23.0925 2.82388 4.60952e-16)
(23.1703 2.7149 -8.49995e-17)
(23.2607 2.60906 3.86025e-16)
(23.3659 2.50703 9.91928e-17)
(23.4868 2.41123 -1.47446e-17)
(23.621 2.32642 1.02867e-18)
(23.764 2.25731 9.17862e-17)
(23.9121 2.20654 1.2442e-16)
(24.0623 2.17568 2.03983e-17)
(24.2105 2.16562 -1.5922e-17)
(24.3523 2.17638 7.57682e-17)
(24.4827 2.20685 -7.12837e-17)
(24.5968 2.25458 1.19556e-17)
(24.6896 2.31552 -1.42191e-16)
(24.757 2.38384 -6.4505e-16)
(24.7955 2.45162 8.45378e-17)
(23.0581 3.22302 -2.31602e-16)
(23.1014 3.11011 -1.56277e-17)
(23.1519 3.00214 4.81318e-16)
(23.2105 2.89752 -7.77694e-17)
(23.2788 2.79543 -7.36871e-17)
(23.3583 2.69558 -6.8287e-17)
(23.4513 2.59833 -2.26802e-17)
(23.5589 2.5057 9.69256e-17)
(23.679 2.42215 5.61841e-17)
(23.8076 2.35219 5.55792e-17)
(23.9417 2.29836 -4.48509e-17)
(24.0784 2.2622 4.89266e-17)
(24.2144 2.24468 1.887e-19)
(24.3457 2.24605 -2.59175e-17)
(24.4679 2.26555 6.71738e-17)
(24.5762 2.30117 -8.38072e-17)
(24.6662 2.34943 9.48963e-18)
(24.7338 2.40511 3.94196e-16)
(24.776 2.4611 -4.12974e-16)
(23.1917 3.26693 3.54596e-16)
(23.2293 3.1619 1.28471e-16)
(23.2732 3.06144 -1.1752e-16)
(23.3244 2.96393 -1.58085e-16)
(23.3841 2.8684 -2.22175e-16)
(23.4539 2.77439 1.99276e-16)
(23.536 2.68193 -1.35968e-16)
(23.6314 2.59273 1.98939e-16)
(23.7385 2.51091 -9.41386e-17)
(23.8539 2.44077 -1.78765e-17)
(23.9747 2.38474 1.86552e-17)
(24.0988 2.34428 -4.2858e-17)
(24.2231 2.32042 -1.24839e-17)
(24.3442 2.31357 -4.17397e-17)
(24.458 2.32321 4.58811e-17)
(24.5604 2.34776 2.49928e-16)
(24.6471 2.38424 3.10271e-17)
(24.7145 2.42808 1.60788e-16)
(24.7596 2.47293 -6.59823e-17)
(23.3188 3.30568 1.05216e-16)
(23.3514 3.20798 -1.31311e-16)
(23.3895 3.11451 -1.92023e-17)
(23.4341 3.02365 -1.89986e-16)
(23.4862 2.93433 -1.95919e-16)
(23.5473 2.84591 -1.97525e-16)
(23.6195 2.75821 2.65397e-16)
(23.704 2.67259 -3.94166e-18)
(23.7993 2.59288 5.93913e-17)
(23.9024 2.52315 3.42701e-17)
(24.011 2.46568 -8.56971e-17)
(24.1231 2.42185 4.74718e-17)
(24.2363 2.39268 -2.152e-18)
(24.3475 2.37866 5.10617e-17)
(24.4531 2.37955 -1.14988e-16)
(24.5493 2.39407 8.13006e-17)
(24.6324 2.41975 -6.81563e-16)
(24.699 2.45258 3.29606e-16)
(24.7464 2.48699 4.73176e-16)
(23.4679 3.24881 3.51722e-16)
(23.5009 3.16182 -8.04106e-17)
(23.5396 3.07717 -1.23637e-16)
(23.5849 2.99369 -1.00374e-17)
(23.6384 2.91064 1.55797e-16)
(23.7017 2.8276 -1.00856e-16)
(23.7763 2.74565 -5.55463e-17)
(23.8608 2.66832 -1.89522e-17)
(23.9527 2.59946 -7.37347e-17)
(24.05 2.54121 5.73887e-17)
(24.151 2.49482 3.29594e-17)
(24.2536 2.46127 4.88755e-19)
(24.3553 2.44114 4.53948e-17)
(24.4528 2.43433 1.48642e-17)
(24.5429 2.43988 -3.79504e-16)
(24.6222 2.45573 3.2961e-16)
(24.6875 2.47845 -4.46243e-16)
(24.7365 2.50318 -5.55141e-16)
(23.579 3.28481 1.41263e-17)
(23.6075 3.20384 3.30818e-16)
(23.641 3.12496 -2.32255e-16)
(23.6804 3.04697 5.77612e-18)
(23.7269 2.96901 6.52977e-17)
(23.7824 2.8905 1.34627e-16)
(23.848 2.81224 5.68044e-17)
(23.9228 2.7375 -2.04358e-16)
(24.0045 2.6699 9.30255e-17)
(24.0913 2.61141 -1.13768e-17)
(24.182 2.56317 2.70043e-17)
(24.2748 2.52611 1.03588e-17)
(24.3674 2.50082 -4.08656e-17)
(24.4571 2.48734 -6.88767e-17)
(24.5411 2.48495 3.79016e-16)
(24.6163 2.49197 1.66349e-16)
(24.6799 2.5055 2.08928e-16)
(24.7299 2.52134 3.31042e-16)
(23.6851 3.31641 -4.12912e-16)
(23.7095 3.24101 1.19732e-16)
(23.7384 3.16748 -1.04064e-16)
(23.7725 3.09463 3.31933e-16)
(23.813 3.02149 -4.74734e-17)
(23.8614 2.94734 -1.24769e-16)
(23.919 2.87276 7.83671e-17)
(23.985 2.80073 7.70831e-17)
(24.0574 2.73467 1.51254e-16)
(24.1347 2.67641 -8.74519e-17)
(24.2159 2.62694 -2.33229e-17)
(24.2994 2.58715 -7.214e-18)
(24.3834 2.55759 -2.12604e-17)
(24.4657 2.53841 5.3647e-17)
(24.5436 2.52908 -2.76143e-16)
(24.6146 2.52826 1.03649e-17)
(24.6762 2.53352 -1.83961e-17)
(24.7266 2.54128 1.78981e-16)
(23.8071 3.27371 -8.06359e-17)
(23.832 3.20516 1.54647e-16)
(23.8614 3.1371 -1.63615e-16)
(23.8965 3.0685 -5.71673e-17)
(23.9387 2.99852 1.10788e-16)
(23.9891 2.92754 -2.12865e-16)
(24.0472 2.8583 4.78556e-18)
(24.1111 2.79403 -2.99199e-18)
(24.1798 2.73638 -7.21127e-18)
(24.2522 2.68623 2.78791e-17)
(24.3272 2.64438 -1.0308e-17)
(24.4032 2.61137 -4.00297e-17)
(24.4783 2.58739 1.69101e-16)
(24.5503 2.57209 2.44323e-16)
(24.6171 2.5644 2.2842e-16)
(24.6764 2.56231 4.52978e-19)
(24.7266 2.56282 -2.65744e-17)
(23.9005 3.30234 1.08627e-16)
(23.9218 3.23839 -4.69617e-17)
(23.9471 3.17478 -1.25284e-16)
(23.9774 3.11045 7.13392e-17)
(24.0141 3.04445 -9.66496e-17)
(24.0581 2.97698 -8.72437e-17)
(24.1091 2.91057 8.81269e-17)
(24.1655 2.84824 -6.37116e-17)
(24.2262 2.79151 -1.96803e-18)
(24.2907 2.74115 8.13215e-18)
(24.3578 2.69784 9.73438e-18)
(24.4263 2.66211 2.23872e-17)
(24.4947 2.63418 -3.14691e-16)
(24.561 2.61382 -1.39788e-16)
(24.6235 2.60018 1.86474e-16)
(24.6802 2.59166 -2.86399e-16)
(23.9899 3.32725 2.32558e-17)
(24.008 3.26755 -7.35965e-17)
(24.0297 3.20809 4.81065e-17)
(24.0558 3.14775 1.48968e-16)
(24.0875 3.08552 7.83624e-17)
(24.1259 3.02144 -5.0442e-17)
(24.1705 2.95785 -2.35687e-17)
(24.2201 2.89758 -1.45665e-17)
(24.2737 2.84202 -5.05865e-17)
(24.3309 2.79183 -5.01406e-18)
(24.3909 2.74761 -1.32636e-17)
(24.4525 2.70982 9.19362e-18)
(24.5145 2.6787 2.37784e-16)
(24.5754 2.65413 1.8766e-16)
(24.6336 2.63544 -5.07299e-16)
(24.6876 2.62136 1.33423e-16)
(24.0907 3.293 1.11688e-16)
(24.1092 3.23737 -2.58023e-16)
(24.1316 3.18077 -7.27003e-17)
(24.159 3.1221 1.15735e-16)
(24.1923 3.0613 -7.71935e-18)
(24.2313 3.00049 1.11106e-16)
(24.2748 2.94236 -5.66686e-17)
(24.3221 2.88817 1.27046e-17)
(24.3727 2.83848 1.69707e-17)
(24.4261 2.79378 -4.10945e-18)
(24.4813 2.75452 -8.83236e-18)
(24.5374 2.72092 -2.3368e-16)
(24.5931 2.69291 -4.54431e-16)
(24.6472 2.67002 3.18934e-16)
(24.6983 2.65122 1.50118e-17)
(24.1701 3.31506 2.7834e-16)
(24.1858 3.26299 -1.57171e-16)
(24.205 3.20988 9.58821e-17)
(24.2285 3.15457 -4.35667e-17)
(24.2574 3.09689 1.73898e-16)
(24.2914 3.03882 1.54454e-17)
(24.3294 2.98287 -8.85768e-17)
(24.371 2.93019 3.12089e-17)
(24.4157 2.88126 7.43812e-18)
(24.4631 2.8365 -3.20529e-18)
(24.5125 2.79628 -9.42981e-18)
(24.5632 2.76081 2.36839e-16)
(24.614 2.7301 2.59827e-16)
(24.664 2.70377 1.63982e-16)
(24.7122 2.68103 9.99989e-17)
(24.2464 3.33405 1.97817e-16)
(24.2596 3.28528 -2.44327e-16)
(24.2759 3.23541 -1.18073e-16)
(24.2961 3.18326 6.35351e-17)
(24.321 3.12857 -1.13054e-16)
(24.3505 3.07316 5.47727e-17)
(24.3838 3.0194 3.42833e-17)
(24.4202 2.96836 -8.32252e-17)
(24.4596 2.92041 4.2447e-17)
(24.5017 2.87591 2.72282e-18)
(24.5458 2.83517 1.72243e-17)
(24.5914 2.7984 -1.53886e-16)
(24.6377 2.76562 3.91133e-17)
(24.6838 2.73657 -3.96135e-16)
(24.729 2.71064 1.53277e-16)
(24.3306 3.30454 9.0968e-17)
(24.3444 3.2577 2.24133e-16)
(24.3617 3.20852 -1.01833e-16)
(24.3831 3.15667 2.76127e-17)
(24.4087 3.10383 1.39179e-16)
(24.4377 3.05226 -1.27429e-16)
(24.4696 3.00293 2.28475e-17)
(24.5043 2.95613 -1.77661e-17)
(24.5415 2.91217 3.04877e-18)
(24.5808 2.8713 -4.62433e-19)
(24.6218 2.83372 8.14011e-17)
(24.6638 2.79945 3.12024e-16)
(24.7062 2.76832 -6.61952e-17)
(24.7485 2.73986 7.43632e-17)
(24.399 3.32108 2.88703e-16)
(24.4106 3.27704 -1.73319e-16)
(24.4253 3.23065 1.12649e-16)
(24.4437 3.18149 2.51156e-17)
(24.4658 3.13114 -1.69057e-17)
(24.491 3.08174 1.65187e-17)
(24.5189 3.03416 -4.18378e-17)
(24.5494 2.98866 4.3911e-17)
(24.5823 2.94546 -3.13986e-18)
(24.6173 2.90479 -9.15471e-18)
(24.6541 2.86681 -1.24099e-16)
(24.6921 2.83157 -2.80194e-16)
(24.731 2.79893 -1.18193e-16)
(24.7704 2.76855 2.95078e-16)
(24.4649 3.33514 8.98407e-17)
(24.4746 3.29372 -4.09881e-17)
(24.487 3.24994 -2.3423e-16)
(24.5028 3.20335 2.35096e-17)
(24.5218 3.15539 1.46714e-16)
(24.5437 3.10811 -1.09193e-16)
(24.568 3.06232 4.83462e-17)
(24.5948 3.01821 -3.40748e-17)
(24.6238 2.97597 -1.418e-18)
(24.6549 2.93577 -1.93073e-17)
(24.6879 2.89776 -2.94703e-17)
(24.7223 2.86197 1.1514e-16)
(24.7579 2.82834 1.09982e-16)
(24.7944 2.7966 -1.1422e-16)
(24.5363 3.30802 2.03278e-16)
(24.5468 3.26668 -1.51516e-16)
(24.5602 3.22251 -1.3211e-16)
(24.5766 3.17685 5.40488e-17)
(24.5956 3.13165 -3.19113e-17)
(24.6168 3.08765 3.16676e-17)
(24.6402 3.04502 -4.64064e-17)
(24.6659 3.00388 5.26938e-18)
(24.6935 2.96438 -4.28861e-17)
(24.723 2.92664 -1.26192e-17)
(24.7541 2.8907 4.87863e-17)
(24.7866 2.85651 -1.44044e-17)
(24.8203 2.82387 -6.57599e-17)
(24.596 3.32017 2.22209e-16)
(24.6048 3.28113 -3.42488e-17)
(24.6162 3.23925 -2.02708e-17)
(24.6302 3.19579 -1.47302e-16)
(24.6466 3.15261 2.72197e-18)
(24.6651 3.11041 -2.07489e-17)
(24.6856 3.0693 1.69481e-17)
(24.7082 3.02938 -2.40785e-17)
(24.7327 2.99076 7.94743e-17)
(24.7591 2.95354 -1.63451e-17)
(24.7872 2.91777 3.72916e-17)
(24.8168 2.8834 -5.96864e-17)
(24.8479 2.8503 -6.54158e-17)
(24.6536 3.33041 1.82883e-16)
(24.6609 3.29353 -2.44986e-16)
(24.6705 3.25381 1.48128e-17)
(24.6826 3.21246 1.82973e-16)
(24.6967 3.17124 -1.83028e-16)
(24.7128 3.13081 9.47841e-17)
(24.7308 3.09125 3.50142e-18)
(24.7507 3.05264 -1.20759e-17)
(24.7724 3.01505 -3.75222e-17)
(24.796 2.97857 1.64866e-16)
(24.8213 2.94323 -1.4466e-16)
(24.8482 2.90901 1.27518e-16)
(24.8768 2.8758 6.66904e-17)
(24.7092 3.33896 1.34237e-17)
(24.7152 3.30409 -5.63293e-17)
(24.7234 3.26643 8.19886e-17)
(24.7337 3.22709 -1.23318e-16)
(24.7459 3.18776 1.3736e-17)
(24.7598 3.14908 2.2682e-17)
(24.7756 3.11109 7.20075e-18)
(24.7931 3.07384 -9.87989e-18)
(24.8124 3.0374 1.91023e-17)
(24.8335 3.00182 -1.36419e-16)
(24.8563 2.96714 2.97405e-16)
(24.8807 2.93333 -1.56697e-16)
(24.9069 2.90032 -1.27491e-16)
(24.7679 3.31304 -9.42245e-17)
(24.7747 3.27732 -9.7229e-17)
(24.7835 3.23989 1.37738e-16)
(24.794 3.2024 -3.03538e-17)
(24.8061 3.16543 -2.09115e-17)
(24.8199 3.12901 1.12605e-17)
(24.8354 3.09316 2.01169e-17)
(24.8525 3.05795 -3.27966e-17)
(24.8713 3.0234 3.35216e-17)
(24.8918 2.98956 -1.38294e-16)
(24.914 2.95638 9.49434e-17)
(24.938 2.92382 -8.78834e-17)
(24.8189 3.32056 1.44193e-16)
(24.8246 3.28667 3.35841e-17)
(24.832 3.25108 -4.50171e-17)
(24.8411 3.21534 -5.17503e-17)
(24.8516 3.18004 2.23863e-17)
(24.8637 3.14517 2.06616e-17)
(24.8773 3.11076 -7.97239e-18)
(24.8925 3.07683 1.04821e-17)
(24.9093 3.04342 -1.64314e-17)
(24.9278 3.01054 -5.02327e-17)
(24.9479 2.97818 2.1626e-17)
(24.9698 2.94628 7.68593e-17)
(24.8682 3.32682 -3.84183e-16)
(24.873 3.29466 -4.07607e-17)
(24.8793 3.26081 7.98141e-17)
(24.8871 3.22678 1.65664e-18)
(24.8962 3.19309 3.69829e-17)
(24.9068 3.15976 -1.38724e-17)
(24.9188 3.12678 6.41231e-18)
(24.9323 3.09417 3.67458e-18)
(24.9473 3.06197 2.0269e-17)
(24.9639 3.03017 -8.52279e-17)
(24.9822 2.99876 1.53966e-16)
(24.9159 3.33198 -3.18555e-17)
(24.9199 3.30145 -7.43444e-18)
(24.9252 3.26927 7.76044e-17)
(24.9319 3.23686 -7.51592e-17)
(24.9398 3.20474 -4.98542e-17)
(24.9491 3.17291 -2.23557e-17)
(24.9597 3.14136 -3.72856e-18)
(24.9717 3.11009 1.95961e-17)
(24.9851 3.07914 -2.73987e-17)
(25 3.0485 1.03731e-16)
(25.0165 3.01814 -1.25246e-16)
(24.9652 3.30719 8.1761e-17)
(24.9697 3.27658 4.46027e-17)
(24.9754 3.24573 5.33582e-17)
(24.9823 3.21512 1.43554e-17)
(24.9904 3.18476 4.80312e-17)
(24.9998 3.15462 1.11121e-17)
(25.0104 3.1247 -5.61178e-17)
(25.0224 3.09503 9.83583e-17)
(25.0358 3.06559 1.26084e-17)
(25.0507 3.03635 9.34078e-17)
(25.009 3.31199 2.24326e-16)
(25.0127 3.28288 -9.13726e-17)
(25.0176 3.25351 -4.18426e-17)
(25.0236 3.22437 -5.29297e-17)
(25.0306 3.19542 -2.4218e-17)
(25.0389 3.16666 -2.1343e-17)
(25.0483 3.13809 -2.56019e-17)
(25.0591 3.1097 -4.45751e-17)
(25.0711 3.0815 -3.45835e-17)
(25.0846 3.05344 -1.02725e-16)
(25.0511 3.31595 6.16932e-17)
(25.0542 3.28826 2.66442e-17)
(25.0583 3.26032 -5.35661e-18)
(25.0635 3.23257 -2.93668e-17)
(25.0697 3.20501 2.72236e-17)
(25.0769 3.1776 -1.73028e-17)
(25.0853 3.15035 7.03112e-17)
(25.0949 3.12325 1.00717e-16)
(25.1057 3.09629 -1.87223e-16)
(25.1179 3.06944 -2.45305e-17)
(25.0916 3.31917 -2.78034e-18)
(25.0941 3.29284 1.78487e-16)
(25.0975 3.26625 -3.09264e-17)
(25.102 3.23985 8.70403e-18)
(25.1073 3.21362 -1.67182e-17)
(25.1138 3.18752 -1.42241e-17)
(25.1212 3.16156 3.15998e-18)
(25.1298 3.13574 -1.31633e-16)
(25.1395 3.11003 2.09811e-17)
(25.1505 3.0844 1.36657e-16)
(25.1303 3.32174 -8.17494e-17)
(25.1323 3.2967 2.18724e-16)
(25.1352 3.27141 -7.62515e-17)
(25.139 3.24629 -3.81836e-17)
(25.1437 3.22134 2.58219e-17)
(25.1493 3.19652 1.29813e-17)
(25.156 3.17182 -8.1586e-17)
(25.1636 3.14725 1.73876e-16)
(25.1724 3.12278 -4.05577e-18)
(25.1823 3.09837 2.24037e-17)
(25.1689 3.29993 -2.3599e-16)
(25.1713 3.27587 -1.253e-17)
(25.1746 3.252 -1.3954e-17)
(25.1787 3.22828 -1.05851e-17)
(25.1837 3.20469 1.04493e-17)
(25.1896 3.18122 4.87823e-17)
(25.1964 3.15787 -3.7801e-17)
(25.2043 3.13461 -1.35595e-16)
(25.2133 3.11141 -9.54636e-18)
(25.204 3.30262 -1.33687e-17)
(25.206 3.27974 1.81099e-16)
(25.2088 3.25705 -1.6449e-16)
(25.2124 3.23451 6.1643e-17)
(25.2168 3.21211 4.77439e-19)
(25.2221 3.18982 -1.03987e-17)
(25.2282 3.16766 5.14977e-17)
(25.2353 3.14559 -1.03716e-16)
(25.2434 3.12357 8.69985e-18)
(25.2376 3.30484 -6.21022e-17)
(25.2392 3.28309 -1.52617e-17)
(25.2416 3.26152 -5.71051e-17)
(25.2447 3.24011 6.88646e-17)
(25.2486 3.21884 2.1472e-18)
(25.2533 3.1977 -3.57603e-17)
(25.2588 3.17668 5.89905e-18)
(25.2652 3.15576 4.75866e-17)
(25.2696 3.30663 -6.45447e-17)
(25.271 3.28594 8.23941e-19)
(25.273 3.26544 -5.07448e-18)
(25.2757 3.24511 2.97572e-17)
(25.2791 3.22493 -1.30412e-17)
(25.2832 3.20488 2.65966e-17)
(25.2882 3.18496 -7.07212e-17)
(25.2939 3.16515 -5.32171e-18)
(25.3 3.30801 -2.27168e-17)
(25.301 3.28833 8.67796e-17)
(25.3026 3.26884 -5.55739e-17)
(25.3049 3.24953 1.53185e-17)
(25.3079 3.23038 -1.00023e-17)
(25.3115 3.21138 -1.97959e-17)
(25.3159 3.19252 7.72782e-17)
(25.3211 3.17379 6.36146e-17)
(25.3285 3.30898 -5.95412e-17)
(25.3291 3.29025 -3.87713e-17)
(25.3304 3.27173 1.91657e-17)
(25.3323 3.25339 5.6113e-18)
(25.3348 3.23523 -1.27389e-17)
(25.338 3.21723 2.70711e-17)
(25.3419 3.19938 -8.38672e-18)
(25.3465 3.18168 -1.06502e-16)
(25.3552 3.29173 6.80655e-17)
(25.3561 3.27412 -7.57098e-17)
(25.3577 3.25671 2.97041e-17)
(25.3598 3.23949 -3.56842e-19)
(25.3626 3.22244 -7.57724e-17)
(25.366 3.20557 9.89861e-17)
(25.37 3.18885 -2.04364e-16)
(25.3792 3.2927 -1.54405e-16)
(25.3798 3.27596 9.91408e-17)
(25.381 3.25944 -7.36091e-17)
(25.3828 3.24312 2.49307e-17)
(25.3851 3.22699 5.24701e-17)
(25.3881 3.21105 -6.75812e-17)
(25.3917 3.19528 -1.69913e-17)
(25.3978 3.29323 -5.30941e-17)
(25.3982 3.27719 -4.08103e-17)
(25.399 3.26137 4.40225e-17)
(25.4005 3.24577 -1.13328e-17)
(25.4026 3.23038 2.79953e-17)
(25.4052 3.21519 9.51488e-17)
(25.4085 3.2002 -1.00069e-16)
(25.4123 3.29345 -6.16191e-17)
(25.4124 3.27797 8.35407e-18)
(25.413 3.26273 1.82496e-17)
(25.4142 3.24772 5.91478e-18)
(25.4161 3.23293 -2.16632e-17)
(25.4185 3.21837 -5.38737e-17)
(25.4215 3.20401 -2.4116e-18)
(25.4267 3.29345 1.06902e-16)
(25.4265 3.27855 5.74647e-18)
(25.4269 3.2639 7.59028e-18)
(25.4278 3.24949 -1.15936e-17)
(25.4294 3.23532 3.46819e-17)
(25.4315 3.22139 7.39288e-17)
(25.4343 3.20769 -9.29428e-17)
(25.4407 3.2932 -9.30964e-17)
(25.4403 3.27889 -4.17913e-17)
(25.4404 3.26484 1.56094e-17)
(25.4411 3.25105 -1.10333e-17)
(25.4425 3.23751 1.86498e-17)
(25.4444 3.22424 -1.00384e-16)
(25.4468 3.2112 -6.83706e-17)
(25.4544 3.29265 -6.76526e-18)
(25.4537 3.27894 1.00315e-17)
(25.4537 3.2655 -3.85673e-17)
(25.4542 3.25233 -9.24784e-18)
(25.4552 3.23944 1.4499e-17)
(25.4569 3.22683 1.47726e-16)
(25.4678 3.29189 -2.17385e-16)
(25.4669 3.27875 7.7713e-17)
(25.4665 3.2659 2.25308e-17)
(25.4668 3.25333 -1.16734e-17)
(25.4676 3.24105 -8.87916e-18)
(25.4689 3.22907 1.52371e-17)
(25.4805 3.29073 -3.84677e-17)
(25.4793 3.27822 3.85673e-17)
(25.4786 3.26602 2.41477e-17)
(25.4785 3.25413 -1.78583e-17)
(25.4789 3.24254 1.56461e-17)
(25.4799 3.23126 2.08354e-18)
(25.4894 3.27618 -7.01723e-17)
(25.4882 3.26446 4.21688e-17)
(25.4875 3.25311 6.26941e-18)
(25.4874 3.24213 1.78235e-18)
(25.4879 3.23154 -4.58931e-17)
(25.4955 3.27566 3.53719e-17)
(25.4934 3.26428 -2.87832e-17)
(25.4918 3.25315 -2.36024e-17)
(25.4907 3.2423 -1.1093e-17)
(25.49 3.23171 -4.53765e-18)
(25.4952 3.27091 2.42074e-17)
(25.4926 3.26118 8.57245e-18)
(25.4906 3.25204 -4.7164e-18)
(25.4891 3.24351 -1.4165e-17)
(25.4881 3.23554 4.91352e-17)
(25.487 3.24588 1.90564e-17)
(25.4829 3.23287 -1.58792e-17)
(25.4796 3.22011 -6.26841e-18)
(25.477 3.20766 1.00784e-16)
(25.4751 3.19558 -1.40648e-16)
(25.5132 3.3356 -5.51038e-17)
(25.5127 3.33195 -1.86296e-17)
(25.5125 3.32897 1.45092e-17)
(25.5126 3.32648 4.82047e-18)
(25.513 3.32442 5.55786e-17)
(25.5504 3.03585 -2.11038e-17)
(25.5506 3.0185 -2.44297e-17)
(25.5518 3.00225 2.21253e-17)
(25.5538 2.98703 7.38751e-17)
(25.5569 2.97286 8.35397e-17)
)
;

boundaryField
{
    inlet
    {
        type            freestreamVelocity;
        freestreamValue uniform (25.75 3.62 0);
        value           nonuniform List<vector> 5((25.6632 3.36591 -9.17971e-18) (25.6632 3.35827 -1.06299e-17) (25.6637 3.35112 9.63027e-18) (25.6646 3.34441 3.21645e-17) (25.6659 3.33816 3.63825e-17));
    }
    outlet
    {
        type            freestreamVelocity;
        freestreamValue nonuniform List<vector> 0();
        value           nonuniform List<vector> 0();
    }
    walls
    {
        type            noSlip;
    }
    frontAndBack
    {
        type            empty;
    }
    procBoundary1to0
    {
        type            processor;
        value           nonuniform List<vector> 
94
(
(15.7277 10.7712 -7.7832e-16)
(15.7277 10.7712 -7.7832e-16)
(16.1583 9.42023 -8.76415e-16)
(16.1583 9.42023 -8.76415e-16)
(16.5984 8.18499 9.23382e-16)
(16.5984 8.18499 9.23382e-16)
(17.0572 7.06056 6.31939e-16)
(17.0572 7.06056 6.31939e-16)
(17.539 6.08382 -7.59888e-16)
(17.539 6.08382 -7.59888e-16)
(18.0362 5.26453 5.66892e-16)
(18.0362 5.26453 5.66892e-16)
(18.5275 5.25266 -1.58439e-16)
(18.9784 4.60635 3.44526e-16)
(18.9784 4.60635 3.44526e-16)
(19.3884 4.62003 2.83634e-16)
(19.7965 4.11845 1.25003e-15)
(19.7965 4.11845 1.25003e-15)
(20.1426 4.14944 -6.8909e-16)
(20.4667 4.17255 -2.19403e-16)
(20.8041 3.81297 2.19109e-16)
(20.8041 3.81297 2.19109e-16)
(21.0812 3.84767 9.16616e-16)
(21.3842 3.57804 1.86283e-16)
(21.3842 3.57804 1.86283e-16)
(21.6222 3.61984 1.017e-16)
(21.8468 3.65544 4.58164e-17)
(22.0972 3.46468 -3.17403e-16)
(22.0972 3.46468 -3.17403e-16)
(22.2912 3.50431 -2.24951e-16)
(22.4746 3.53857 2.10294e-17)
(22.6806 3.40537 -3.97226e-16)
(22.6806 3.40537 -3.97226e-16)
(22.8399 3.44124 2.30054e-16)
(23.0212 3.34303 -5.76111e-16)
(23.0212 3.34303 -5.76111e-16)
(23.1598 3.37867 4.32415e-16)
(23.2914 3.40978 -1.21434e-16)
(23.4398 3.33975 6.41495e-17)
(23.4398 3.33975 6.41495e-17)
(23.5549 3.36952 5.97492e-17)
(23.6645 3.39535 -7.298e-17)
(23.7862 3.34399 -3.88409e-16)
(23.7862 3.34399 -3.88409e-16)
(23.8827 3.36788 -1.25815e-17)
(23.9748 3.38842 -4.08198e-16)
(24.0754 3.34877 8.20311e-17)
(24.0754 3.34877 8.20311e-17)
(24.1572 3.3672 -7.37235e-18)
(24.2356 3.38285 1.67912e-16)
(24.3195 3.35026 5.61217e-17)
(24.3195 3.35026 5.61217e-17)
(24.3898 3.36396 3.1441e-16)
(24.4573 3.37541 -3.99148e-16)
(24.5283 3.347 6.59705e-17)
(24.5283 3.347 6.59705e-17)
(24.5893 3.35689 -7.98027e-17)
(24.6481 3.36502 3.15821e-16)
(24.7048 3.3716 8.93654e-17)
(24.7629 3.34602 -2.26515e-16)
(24.7629 3.34602 -2.26515e-16)
(24.8148 3.35176 2.76191e-16)
(24.8649 3.35635 -7.63724e-17)
(24.9133 3.35995 7.53321e-17)
(24.962 3.33617 8.74337e-17)
(24.962 3.33617 8.74337e-17)
(25.0064 3.33951 4.23342e-18)
(25.0491 3.34209 2.24486e-16)
(25.09 3.34401 -1.75036e-16)
(25.1292 3.34534 1.14786e-16)
(25.1673 3.32375 -1.51432e-16)
(25.1673 3.32375 -1.51432e-16)
(25.2027 3.32527 -5.78761e-17)
(25.2367 3.32639 -9.55094e-17)
(25.269 3.32713 3.45981e-17)
(25.2997 3.32752 4.62204e-17)
(25.3284 3.32757 -1.2002e-16)
(25.3549 3.30955 1.66204e-18)
(25.3549 3.30955 1.66204e-18)
(25.3792 3.30967 -1.95197e-16)
(25.3981 3.30951 -2.71385e-16)
(25.4129 3.30918 -7.08396e-17)
(25.4275 3.30861 1.75562e-16)
(25.4417 3.30778 -2.12634e-17)
(25.4557 3.30665 9.04646e-17)
(25.4693 3.30531 1.85368e-18)
(25.4823 3.30354 6.20457e-17)
(25.4911 3.28825 -6.70771e-17)
(25.4911 3.28825 -6.70771e-17)
(25.4981 3.28731 -7.70142e-17)
(25.4985 3.28127 1.12988e-16)
(25.4917 3.25907 -7.84387e-17)
(25.5142 3.34001 -1.55766e-17)
(25.5517 3.05428 -2.71254e-17)
)
;
    }
    procBoundary1to2
    {
        type            processor;
        value           nonuniform List<vector> 
84
(
(23.0077 2.62726 2.3069e-16)
(24.6045 3.18328 -1.08864e-16)
(25.2954 3.0392 1.03719e-16)
(25.5776 3.25126 -5.66012e-16)
(25.5242 3.00274 -1.74909e-16)
(25.4952 3.16967 6.63913e-16)
(25.4658 3.01 -6.03761e-16)
(25.4316 3.05764 6.69019e-16)
(25.4025 2.99155 -2.03483e-17)
(25.3701 2.98013 2.61485e-16)
(25.339 2.9429 2.71229e-17)
(25.3071 2.91656 -5.99602e-16)
(25.2754 2.88509 7.52163e-16)
(25.2435 2.85556 -5.71817e-16)
(25.2117 2.82523 1.41834e-16)
(25.18 2.79544 8.34277e-17)
(25.1485 2.76591 -1.98539e-17)
(25.1174 2.737 3.64273e-16)
(25.0868 2.70887 -1.0734e-15)
(25.0568 2.68173 5.70519e-16)
(25.0274 2.65582 -1.69664e-16)
(24.999 2.63133 5.03035e-17)
(24.9715 2.60851 3.66036e-16)
(24.9451 2.58755 -2.99184e-16)
(24.92 2.56867 2.3215e-16)
(24.8963 2.55204 -5.9683e-16)
(24.8742 2.53786 5.41466e-16)
(24.8537 2.52624 1.69999e-17)
(24.8351 2.51732 -3.33312e-17)
(24.8184 2.51119 -1.4427e-16)
(24.8037 2.50791 -1.33061e-16)
(24.7913 2.50749 -1.71093e-16)
(24.7811 2.50991 -5.67025e-17)
(24.7733 2.51513 3.39609e-16)
(24.768 2.52305 -7.65821e-17)
(24.7651 2.53355 1.22656e-16)
(24.7648 2.54648 -1.20285e-16)
(24.7669 2.56166 2.05897e-16)
(24.7298 2.58574 -1.27673e-16)
(24.7298 2.58574 -1.27673e-16)
(24.7362 2.60982 3.5968e-16)
(24.7456 2.63484 -1.06527e-16)
(24.7578 2.66056 -1.40522e-16)
(24.7727 2.68677 2.41833e-16)
(24.7901 2.71325 3.34049e-17)
(24.8098 2.73981 -2.47979e-17)
(24.8315 2.76626 7.97342e-17)
(24.8551 2.79243 -6.19789e-17)
(24.8804 2.81818 1.05128e-16)
(24.9071 2.84338 2.01475e-16)
(24.935 2.86792 -1.1417e-16)
(24.9639 2.89172 1.1472e-16)
(24.9937 2.9147 -4.95878e-17)
(25.0021 2.96767 2.06392e-17)
(25.0021 2.96767 2.06392e-17)
(25.0347 2.988 -6.32606e-17)
(25.0673 3.00727 1.60819e-16)
(25.0997 3.02548 4.45286e-17)
(25.1316 3.04264 -1.64293e-16)
(25.1629 3.05879 7.71829e-17)
(25.1936 3.07396 -3.37699e-17)
(25.2235 3.08819 -2.9511e-16)
(25.2527 3.10154 8.99178e-17)
(25.2726 3.1349 3.30932e-18)
(25.2726 3.1349 3.30932e-18)
(25.3005 3.14541 -2.60019e-16)
(25.327 3.15513 -3.62641e-18)
(25.3518 3.16406 6.46141e-17)
(25.3748 3.17225 -1.2303e-16)
(25.396 3.17964 5.13938e-17)
(25.4124 3.18535 -1.3468e-16)
(25.4251 3.18982 -1.90799e-16)
(25.4376 3.19417 3.01296e-17)
(25.4499 3.19837 7.58716e-17)
(25.4591 3.21448 1.00711e-16)
(25.4591 3.21448 1.00711e-16)
(25.4708 3.21737 -4.92423e-17)
(25.4813 3.22026 1.57848e-16)
(25.4888 3.22134 2.25757e-17)
(25.4899 3.2214 -8.08959e-17)
(25.4875 3.22809 1.02737e-16)
(25.474 3.18395 -1.37194e-16)
(25.5135 3.32263 1.55022e-16)
(25.561 2.95964 1.19463e-16)
)
;
    }
    procBoundary1to5
    {
        type            processor;
        value           nonuniform List<vector> 
13
(
(-0.486683 4.95178 1.88662e-15)
(-0.486683 4.95178 1.88662e-15)
(1.70557 8.98112 -2.53139e-17)
(4.5138 9.29942 -6.21896e-16)
(4.5138 9.29942 -6.21896e-16)
(6.96046 11.5991 9.40727e-16)
(8.96069 11.2879 -1.34035e-15)
(8.96069 11.2879 -1.34035e-15)
(11.0782 12.5764 -2.31484e-16)
(12.5035 12.0724 5.51497e-16)
(13.7295 11.6058 -4.32548e-16)
(13.7295 11.6058 -4.32548e-16)
(15.3195 12.2692 -4.23379e-17)
)
;
    }
}


// ************************************************************************* //
