/*--------------------------------*- C++ -*----------------------------------*\
| =========                 |                                                 |
| \\      /  F ield         | OpenFOAM: The Open Source CFD Toolbox           |
|  \\    /   O peration     | Version:  2306                                  |
|   \\  /    A nd           | Website:  www.openfoam.com                      |
|    \\/     M anipulation  |                                                 |
\*---------------------------------------------------------------------------*/
FoamFile
{
    version     2.0;
    format      ascii;
    arch        "LSB;label=32;scalar=64";
    class       volVectorField;
    location    "325";
    object      U;
}
// * * * * * * * * * * * * * * * * * * * * * * * * * * * * * * * * * * * * * //

dimensions      [0 1 -1 0 0 0 0];

internalField   nonuniform List<vector> 
1340
(
(23.0072 2.6272 2.30887e-16)
(22.3169 2.92659 8.27452e-16)
(21.3668 3.13415 2.18497e-15)
(18.7643 3.31179 2.34044e-15)
(24.6039 3.18322 -1.08958e-16)
(24.0353 3.42885 -6.36609e-16)
(23.4726 3.64803 -2.27539e-15)
(21.4971 3.71651 -2.4235e-15)
(25.2949 3.03913 1.03787e-16)
(24.7693 3.37345 -9.25478e-16)
(24.1687 3.62603 4.34803e-15)
(22.3692 3.72731 1.07076e-14)
(25.5771 3.25137 -5.66595e-16)
(25.1457 3.52026 2.55252e-15)
(24.6136 3.69596 -1.98944e-15)
(22.9844 3.75925 -2.10574e-15)
(25.5236 3.00239 -1.75151e-16)
(25.1351 3.32875 -8.61163e-16)
(24.6765 3.54889 2.85164e-15)
(23.3009 3.66092 -3.12235e-15)
(25.4946 3.16968 6.64686e-16)
(25.1121 3.44505 -2.53085e-15)
(24.6507 3.59194 -3.30237e-15)
(23.4317 3.62875 1.09399e-15)
(25.4652 3.00993 -6.0413e-16)
(25.0927 3.29794 1.83181e-15)
(24.633 3.46055 1.91118e-16)
(23.5065 3.50374 5.68804e-15)
(25.431 3.05757 6.69354e-16)
(25.0683 3.32348 -6.18786e-16)
(24.6193 3.44645 2.69439e-16)
(23.5727 3.43468 -3.06755e-16)
(25.4019 2.99148 -2.03617e-17)
(25.0503 3.25228 3.23153e-16)
(24.6135 3.37057 3.29577e-16)
(23.6441 3.34517 -4.17649e-16)
(25.3695 2.98006 2.61588e-16)
(25.0298 3.22625 2.11345e-15)
(24.6069 3.32277 -2.56834e-15)
(23.7153 3.26751 2.00401e-15)
(25.3385 2.94284 2.71252e-17)
(25.0115 3.17909 -2.46735e-15)
(24.6029 3.26437 4.19456e-15)
(23.7852 3.1912 2.17711e-15)
(25.3065 2.9165 -5.99831e-16)
(24.9931 3.14011 1.6033e-15)
(24.6002 3.21106 -2.35943e-15)
(23.8535 3.11925 -4.08656e-15)
(25.2748 2.88504 7.52427e-16)
(24.9757 3.09705 -2.32393e-15)
(24.5994 3.1569 -2.1012e-16)
(23.9198 3.05072 -5.57497e-15)
(25.2429 2.85551 -5.72015e-16)
(24.9587 3.05536 1.5862e-15)
(24.6001 3.10454 4.17961e-16)
(23.9841 2.9861 3.55268e-15)
(25.2111 2.82518 1.41879e-16)
(24.9425 3.0131 6.8669e-16)
(24.6023 3.05315 1.76152e-15)
(24.0461 2.92545 -1.78976e-15)
(25.1795 2.79539 8.3452e-17)
(24.9269 2.97133 -1.05985e-15)
(24.6059 3.00327 -2.50342e-15)
(24.1058 2.86867 -1.56125e-15)
(25.148 2.76587 -1.98623e-17)
(24.9119 2.93 5.54566e-16)
(24.6108 2.95495 -8.81018e-16)
(24.1631 2.81594 4.3006e-15)
(25.1169 2.73696 3.64369e-16)
(24.8976 2.88947 -1.70886e-15)
(24.6169 2.90836 1.51749e-15)
(24.2178 2.7671 -3.23374e-15)
(25.0863 2.70883 -1.07368e-15)
(24.884 2.84994 4.58575e-16)
(24.624 2.86369 1.14409e-15)
(24.27 2.72224 5.15618e-15)
(25.0563 2.6817 5.70664e-16)
(24.8711 2.81168 1.34474e-15)
(24.6319 2.82109 -1.18262e-15)
(24.3197 2.68129 -3.16053e-15)
(25.027 2.65579 -1.69704e-16)
(24.8589 2.77496 -1.09932e-15)
(24.6407 2.78069 -5.83539e-16)
(24.3667 2.64411 6.49179e-16)
(24.9985 2.6313 5.03152e-17)
(24.8475 2.74001 1.82167e-16)
(24.6501 2.74269 7.80032e-16)
(24.4113 2.61071 -9.91809e-18)
(24.971 2.60849 3.66115e-16)
(24.8368 2.70707 3.76093e-17)
(24.66 2.70719 9.80043e-16)
(24.4533 2.58088 -8.33004e-16)
(24.9447 2.58753 -2.99248e-16)
(24.827 2.67637 -3.32206e-16)
(24.6702 2.67436 -2.02893e-15)
(24.4929 2.55459 5.17465e-16)
(24.9196 2.56865 2.32196e-16)
(24.8179 2.64813 7.1077e-16)
(24.6808 2.6443 8.02796e-16)
(24.5302 2.53168 4.58767e-16)
(24.8959 2.55203 -5.96945e-16)
(24.8097 2.62253 -4.34243e-18)
(24.6915 2.61714 1.3677e-15)
(24.5652 2.51202 6.96559e-16)
(24.8738 2.53784 5.41567e-16)
(24.8024 2.59974 4.47652e-16)
(24.7023 2.59297 -1.09302e-15)
(24.598 2.49551 -1.77105e-15)
(24.8533 2.52623 1.70022e-17)
(24.7961 2.5799 -1.48653e-16)
(24.7131 2.57187 7.8713e-16)
(24.6288 2.48202 1.15178e-15)
(24.8347 2.51732 -3.33378e-17)
(24.7907 2.56315 -4.81154e-16)
(24.7239 2.55391 -1.1575e-15)
(24.6576 2.47145 -1.41243e-15)
(24.818 2.51119 -1.44294e-16)
(24.7864 2.54953 -3.19362e-16)
(24.7347 2.53912 5.69815e-16)
(24.6846 2.46368 -9.27974e-17)
(24.8034 2.50791 -1.33082e-16)
(24.7832 2.53913 -8.0165e-17)
(24.7454 2.52752 6.44777e-17)
(24.7098 2.45863 1.37255e-15)
(24.7909 2.50749 -1.71119e-16)
(24.7812 2.53194 4.63692e-16)
(24.7562 2.5191 1.98464e-16)
(24.7335 2.45619 1.3028e-15)
(24.7808 2.50992 -5.67092e-17)
(24.7805 2.52797 -1.58798e-16)
(24.767 2.51383 -4.90492e-16)
(24.7559 2.45628 -1.19545e-15)
(24.773 2.51513 3.3966e-16)
(24.7811 2.52714 2.02149e-16)
(24.7779 2.51166 -2.67163e-18)
(24.7769 2.45883 -8.23203e-16)
(24.7676 2.52306 -7.65923e-17)
(24.783 2.5294 -7.1526e-16)
(24.789 2.51249 5.89746e-16)
(24.7969 2.46373 3.9868e-16)
(24.7648 2.53356 1.22674e-16)
(24.7865 2.5346 4.59205e-16)
(24.8004 2.51622 -7.37136e-16)
(24.8159 2.4709 -7.31205e-16)
(24.7645 2.5465 -1.203e-16)
(24.7914 2.54262 -2.18428e-16)
(24.8122 2.52272 3.68721e-16)
(24.8342 2.48025 2.45217e-16)
(24.7667 2.56167 2.05924e-16)
(24.7979 2.55327 4.86745e-17)
(24.8244 2.53184 -4.43949e-16)
(24.8519 2.49166 1.03444e-15)
(24.7296 2.58576 -1.27688e-16)
(24.7714 2.57888 5.47233e-17)
(24.806 2.56636 -2.45252e-16)
(24.8372 2.5434 7.91355e-16)
(24.8692 2.50503 -1.69578e-16)
(24.7359 2.60984 3.59724e-16)
(24.7786 2.59791 -6.02568e-16)
(24.8158 2.58167 9.64683e-16)
(24.8506 2.55721 3.81323e-17)
(24.8863 2.52023 4.28005e-17)
(24.7453 2.63486 -1.0654e-16)
(24.7882 2.61851 1.20048e-16)
(24.8272 2.59897 -5.52879e-16)
(24.8648 2.57307 -8.89669e-16)
(24.9033 2.53712 -2.32412e-17)
(24.7576 2.66058 -1.40538e-16)
(24.8002 2.64044 3.65118e-16)
(24.8402 2.61801 -1.01475e-16)
(24.8799 2.59076 3.34996e-16)
(24.9203 2.55556 -5.36433e-16)
(24.7725 2.68679 2.41859e-16)
(24.8144 2.66346 2.92524e-16)
(24.8548 2.63853 2.87021e-16)
(24.8958 2.61006 9.69646e-17)
(24.9375 2.57538 5.27197e-16)
(24.7899 2.71327 3.34084e-17)
(24.8307 2.68732 -9.77146e-17)
(24.8711 2.6603 -3.35536e-16)
(24.9126 2.63074 4.06622e-16)
(24.955 2.59643 2.44225e-16)
(24.8095 2.73983 -2.48006e-17)
(24.849 2.71178 -3.5646e-16)
(24.8888 2.68306 2.35492e-16)
(24.9304 2.65257 -3.03945e-16)
(24.973 2.61853 -1.03678e-16)
(24.8313 2.76628 7.9742e-17)
(24.8692 2.73662 7.5288e-17)
(24.908 2.70657 -1.44958e-16)
(24.9491 2.67533 -3.24149e-16)
(24.9914 2.64149 -5.63546e-16)
(24.8549 2.79245 -6.19848e-17)
(24.891 2.76164 3.39355e-16)
(24.9285 2.7306 -2.8712e-17)
(24.9688 2.69879 3.76899e-16)
(25.0104 2.66516 3.48287e-16)
(24.8802 2.8182 1.05138e-16)
(24.9143 2.78663 -2.71813e-16)
(24.9504 2.75493 -3.327e-17)
(24.9895 2.72275 1.31498e-16)
(25.03 2.68935 -5.45583e-16)
(24.9069 2.8434 2.01493e-16)
(24.939 2.81143 -3.39975e-16)
(24.9734 2.77937 1.06752e-16)
(25.0111 2.74701 3.83744e-16)
(25.0502 2.71389 5.75815e-17)
(24.9348 2.86794 -1.1418e-16)
(24.965 2.83589 2.0505e-17)
(24.9975 2.80374 -1.99557e-16)
(25.0335 2.77138 1.35181e-16)
(25.0711 2.73861 -1.34361e-16)
(24.9638 2.89173 1.1473e-16)
(24.9919 2.85987 1.75503e-16)
(25.0226 2.82787 -1.14852e-17)
(25.0568 2.79569 -4.13885e-16)
(25.0926 2.76336 -1.95814e-16)
(24.9936 2.91471 -4.95921e-17)
(25.0197 2.88327 -3.11415e-16)
(25.0484 2.85163 4.37866e-16)
(25.0808 2.81979 -3.39062e-16)
(25.1147 2.788 8.81105e-17)
(25.002 2.96769 2.0641e-17)
(25.0239 2.93681 -6.30128e-17)
(25.0481 2.90598 -5.80958e-17)
(25.075 2.87489 1.85781e-16)
(25.1054 2.84355 4.49054e-16)
(25.1374 2.81238 -5.6578e-17)
(25.0346 2.98802 -6.32654e-17)
(25.0547 2.958 -3.11553e-16)
(25.077 2.92793 4.72521e-16)
(25.102 2.89755 -2.53575e-16)
(25.1305 2.86683 3.34839e-16)
(25.1606 2.83638 -1.24349e-16)
(25.0672 3.00728 1.60831e-16)
(25.0856 2.97823 7.19834e-17)
(25.1062 2.94906 -2.36349e-16)
(25.1293 2.91951 1.60237e-16)
(25.1559 2.88953 -4.68503e-17)
(25.184 2.85989 9.10352e-17)
(25.0995 3.02548 4.45321e-17)
(25.1164 2.99749 -5.11568e-17)
(25.1353 2.96932 5.5066e-17)
(25.1566 2.94069 -1.4878e-16)
(25.1814 2.91156 -1.0766e-16)
(25.2076 2.88281 -6.51323e-18)
(25.1315 3.04265 -1.64305e-16)
(25.1468 3.01577 2.02668e-16)
(25.1641 2.98866 8.62934e-17)
(25.1838 2.96105 2.17493e-16)
(25.2068 2.93284 -6.01504e-17)
(25.2312 2.90504 1.16732e-16)
(25.1628 3.05879 7.71886e-17)
(25.1768 3.03308 2.05926e-16)
(25.1927 3.00708 -2.00215e-16)
(25.2108 2.98054 -1.81508e-16)
(25.232 2.95333 8.05526e-17)
(25.2546 2.92653 -2.36393e-16)
(25.1935 3.07396 -3.37725e-17)
(25.2062 3.04942 -9.58193e-17)
(25.2207 3.02457 2.04967e-16)
(25.2373 2.99914 -3.1797e-16)
(25.2569 2.97298 -6.37447e-17)
(25.2778 2.94723 3.03084e-16)
(25.2234 3.0882 -2.95132e-16)
(25.235 3.06484 2.57514e-16)
(25.2482 3.04115 -5.95838e-17)
(25.2635 3.01686 5.97622e-17)
(25.2815 2.99177 2.83757e-17)
(25.3007 2.96711 -2.29199e-16)
(25.2526 3.10154 8.99245e-17)
(25.2631 3.07935 -2.64722e-16)
(25.2752 3.05683 1.83727e-16)
(25.2891 3.03369 6.16969e-17)
(25.3057 3.00971 -3.56188e-16)
(25.3234 2.98615 1.52573e-16)
(25.2725 3.1349 3.30954e-18)
(25.2809 3.11402 -5.7973e-17)
(25.2904 3.09299 5.0658e-17)
(25.3014 3.07163 5.48228e-17)
(25.3142 3.04964 -1.43419e-16)
(25.3294 3.02677 -6.31566e-17)
(25.3456 3.00433 7.81221e-17)
(25.3004 3.14541 -2.60038e-16)
(25.308 3.12566 1.03307e-16)
(25.3167 3.10577 8.81967e-17)
(25.3267 3.08554 -3.20883e-17)
(25.3383 3.06469 1.98768e-16)
(25.3523 3.04294 -2.14654e-16)
(25.3672 3.02163 -9.94617e-17)
(25.327 3.15513 -3.62675e-18)
(25.3338 3.13647 1.85982e-16)
(25.3417 3.11769 -1.55306e-16)
(25.3508 3.09858 -1.83931e-16)
(25.3614 3.07886 1.61471e-16)
(25.3742 3.05822 4.39277e-16)
(25.3879 3.03803 -1.3799e-16)
(25.3518 3.16405 6.46186e-17)
(25.358 3.14646 -7.89721e-18)
(25.3651 3.12875 -1.28178e-17)
(25.3734 3.11072 -7.34321e-18)
(25.3831 3.09211 2.64525e-16)
(25.3947 3.07258 -6.0212e-17)
(25.4074 3.0535 -3.53034e-16)
(25.3748 3.17224 -1.23038e-16)
(25.3803 3.15566 1.56133e-16)
(25.3868 3.13899 3.90193e-17)
(25.3943 3.12203 -9.65177e-17)
(25.4031 3.1045 -1.2502e-16)
(25.4138 3.08606 5.00729e-17)
(25.4254 3.06808 3.31744e-17)
(25.3959 3.17963 5.13975e-17)
(25.4009 3.16403 -8.80248e-17)
(25.4068 3.14837 2.31786e-16)
(25.4136 3.13244 -1.97311e-16)
(25.4216 3.11596 2.86212e-16)
(25.4314 3.09858 -1.74359e-16)
(25.442 3.08169 3.01481e-16)
(25.4123 3.18533 -1.3469e-16)
(25.4169 3.17056 -4.88997e-18)
(25.4223 3.15573 -9.93031e-17)
(25.4286 3.14067 -6.38142e-18)
(25.4361 3.12509 -5.29925e-17)
(25.4452 3.10864 -8.81506e-17)
(25.4552 3.09272 9.98247e-17)
(25.425 3.1898 -1.90813e-16)
(25.4293 3.17571 -2.79874e-17)
(25.4344 3.16159 1.19547e-16)
(25.4403 3.14726 -1.62902e-18)
(25.4474 3.13245 -1.14758e-16)
(25.456 3.11682 1.34784e-17)
(25.4655 3.10174 -1.61983e-16)
(25.4376 3.19416 3.01317e-17)
(25.4415 3.18076 8.37232e-17)
(25.4462 3.16737 -7.07501e-17)
(25.4518 3.1538 -1.02284e-16)
(25.4584 3.13981 -1.9984e-16)
(25.4665 3.12503 4.81763e-16)
(25.4755 3.11083 -2.77407e-16)
(25.4498 3.19835 7.5877e-17)
(25.4535 3.18566 -2.87962e-17)
(25.4578 3.17301 2.39231e-17)
(25.463 3.16021 -1.52187e-16)
(25.4691 3.14702 2.49889e-16)
(25.4767 3.13311 -2.73441e-16)
(25.4851 3.11981 3.1904e-16)
(25.459 3.21447 1.00718e-16)
(25.4618 3.20235 4.99632e-17)
(25.4651 3.1904 -4.68862e-17)
(25.4691 3.17852 -4.39742e-17)
(25.4738 3.16652 -9.69848e-17)
(25.4795 3.15418 -1.0392e-16)
(25.4865 3.14117 3.03451e-16)
(25.4943 3.12877 -1.48507e-16)
(25.4707 3.21735 -4.92458e-17)
(25.4731 3.20591 8.4017e-17)
(25.4761 3.19468 -8.88149e-17)
(25.4797 3.18355 -8.00712e-17)
(25.484 3.17237 8.10997e-17)
(25.4892 3.16091 1.65137e-16)
(25.4957 3.14888 -3.55381e-17)
(25.503 3.13762 7.06856e-17)
(25.4813 3.22025 1.5786e-16)
(25.4833 3.20951 -1.86987e-16)
(25.4858 3.19897 2.19113e-16)
(25.4888 3.18854 -1.79531e-16)
(25.4926 3.17806 -2.10042e-16)
(25.4972 3.16732 3.23639e-16)
(25.5029 3.15601 -2.28362e-16)
(25.5093 3.14516 1.50365e-16)
(25.4888 3.22132 2.25774e-17)
(25.4903 3.21148 -1.62943e-16)
(25.4922 3.20195 1.07707e-16)
(25.4947 3.19263 -3.0002e-17)
(25.4979 3.18338 -1.23578e-16)
(25.5019 3.17406 3.55794e-16)
(25.5071 3.16443 -2.12318e-16)
(25.5136 3.15626 3.6339e-17)
(25.4899 3.22138 -8.09017e-17)
(25.4903 3.21133 -8.18926e-17)
(25.4912 3.20153 -1.31291e-16)
(25.4927 3.1919 2.34227e-16)
(25.4949 3.18232 4.0131e-17)
(25.4976 3.17252 -8.34336e-17)
(25.5008 3.16207 2.45071e-16)
(25.5038 3.15097 -3.14507e-16)
(25.4875 3.22807 1.02744e-16)
(25.4874 3.22106 3.33914e-17)
(25.4876 3.2144 -1.52692e-16)
(25.4882 3.208 -1.04713e-16)
(25.4894 3.20176 4.46227e-17)
(25.4917 3.19581 5.45226e-17)
(25.4963 3.19041 -1.35494e-16)
(25.5041 3.18884 1.26037e-17)
(25.474 3.18392 -1.37204e-16)
(25.4738 3.17277 1.08599e-16)
(25.4743 3.16213 9.62812e-17)
(25.4756 3.15194 -7.45103e-17)
(25.4772 3.14203 3.1801e-16)
(25.4784 3.13177 -4.42535e-16)
(25.4767 3.12012 1.76993e-16)
(25.4712 3.10463 -2.71155e-16)
(25.5135 3.32261 1.55033e-16)
(25.514 3.32099 -1.21057e-16)
(25.5146 3.31942 1.02553e-17)
(25.5154 3.31795 6.46778e-17)
(25.5174 3.31679 -8.57911e-17)
(25.5222 3.31665 -1.50908e-16)
(25.5353 3.31899 1.71779e-16)
(25.5559 3.32803 -4.0848e-17)
(25.561 2.95959 1.19471e-16)
(25.5661 2.94719 1.45717e-16)
(25.572 2.93541 -1.16678e-16)
(25.5781 2.92399 -3.10929e-16)
(25.5829 2.91246 4.16244e-16)
(25.5844 2.90066 -3.53801e-16)
(25.5743 2.8874 8.59192e-16)
(25.5555 2.87884 -5.4037e-16)
(18.5681 1.40533 7.98867e-19)
(21.206 1.31003 1.57486e-17)
(22.1296 1.3783 7.78516e-19)
(22.6365 1.47268 -3.54093e-19)
(22.905 1.53867 1.38371e-18)
(23.0332 1.62199 9.56198e-19)
(23.1257 1.67904 -2.07665e-20)
(23.2174 1.75221 1.89229e-19)
(23.3122 1.81073 2.35723e-19)
(23.4064 1.86922 0)
(23.4989 1.92235 -2.11372e-17)
(23.5893 1.97115 3.29716e-19)
(23.6774 2.01581 -1.12101e-19)
(23.763 2.0563 -1.14506e-19)
(23.8458 2.09283 6.80689e-20)
(23.9255 2.12551 2.87959e-17)
(24.002 2.15471 4.7317e-17)
(24.0752 2.18044 -6.66424e-21)
(24.1449 2.20321 2.21716e-21)
(24.2111 2.22321 1.51697e-20)
(24.2737 2.24081 -5.12016e-20)
(24.3328 2.25635 9.58974e-21)
(24.3883 2.27014 1.02093e-19)
(24.4404 2.28255 5.43963e-20)
(24.4891 2.29389 2.99029e-19)
(24.5346 2.30448 -4.11803e-20)
(24.577 2.31458 5.34448e-19)
(24.6164 2.32447 3.78648e-19)
(24.6531 2.33439 3.92469e-20)
(24.6871 2.34453 2.71767e-19)
(24.7187 2.35509 -6.95816e-19)
(24.748 2.36621 -8.42214e-17)
(24.7754 2.37803 -3.27932e-17)
(24.8008 2.39065 2.12436e-18)
(24.8246 2.40417 -2.10579e-18)
(24.847 2.41865 -1.6e-18)
(24.8681 2.43414 3.04358e-18)
(24.8882 2.45067 6.19703e-19)
(24.9073 2.46826 5.25538e-19)
(24.9258 2.48688 -2.25046e-18)
(24.9438 2.50652 -1.17498e-16)
(24.9614 2.52714 2.5496e-18)
(24.9788 2.54865 -3.15091e-17)
(24.9962 2.57101 -9.02097e-17)
(25.0136 2.59409 2.43423e-18)
(25.0313 2.61782 -7.71722e-17)
(25.0493 2.64206 1.60157e-18)
(25.0676 2.6667 1.44544e-18)
(25.0864 2.69161 1.36162e-16)
(25.1057 2.71668 3.07139e-19)
(25.1256 2.74176 1.87801e-18)
(25.146 2.76675 -2.18903e-16)
(25.1669 2.79151 -5.6217e-19)
(25.1882 2.81594 1.36348e-17)
(25.2098 2.83992 -7.70583e-20)
(25.2316 2.86337 -3.37897e-19)
(25.2534 2.88618 -1.4619e-18)
(25.2751 2.90829 5.52391e-17)
(25.2967 2.92965 1.26026e-17)
(25.3181 2.95023 1.28906e-16)
(25.3393 2.97 2.35542e-16)
(25.3602 2.98894 1.49196e-16)
(25.3805 3.007 5.51892e-17)
(25.4 3.02418 2.15692e-19)
(25.4183 3.04042 2.53262e-18)
(25.4353 3.05579 5.83801e-17)
(25.451 3.07015 -4.92879e-17)
(25.4635 3.08187 -1.14178e-18)
(25.4732 3.09147 2.2235e-18)
(25.4826 3.10118 -1.40919e-16)
(25.4918 3.1108 -1.42482e-16)
(25.5005 3.12039 8.87246e-19)
(25.5087 3.13004 1.00521e-16)
(25.5142 3.13797 -1.28076e-16)
(25.5181 3.15067 0)
(25.5065 3.14401 -2.04686e-17)
(25.5084 3.18728 -1.25293e-17)
(25.4707 3.09592 2.55895e-16)
(25.5652 3.3331 -5.89268e-18)
(25.5533 2.8774 -2.84397e-16)
(21.0234 1.29208 -5.19821e-18)
(22.8573 1.28531 -4.90104e-18)
(23.5986 1.35063 8.57736e-18)
(23.8821 1.38794 -3.86929e-18)
(23.9862 1.417 2.81428e-17)
(24.0139 1.44662 1.2912e-17)
(24.0328 1.47388 -3.21773e-19)
(24.0567 1.50763 3.39351e-18)
(24.0841 1.53939 5.14014e-18)
(24.113 1.57505 0)
(24.143 1.61132 2.40143e-17)
(24.1741 1.64889 1.37617e-17)
(24.2061 1.68742 -6.47758e-18)
(24.2391 1.72654 -1.00563e-17)
(24.2729 1.76595 3.75682e-17)
(24.3072 1.80539 -3.73562e-17)
(24.342 1.84456 -4.71688e-17)
(24.3772 1.88317 4.58731e-18)
(24.4125 1.92095 3.22419e-17)
(24.4477 1.95771 6.32479e-18)
(24.4827 1.99323 -5.65266e-18)
(24.5174 2.0274 1.93098e-17)
(24.5515 2.06006 -9.7881e-18)
(24.5849 2.0912 1.19516e-18)
(24.6175 2.1208 4.51855e-18)
(24.6491 2.1489 -1.21294e-17)
(24.6797 2.17555 4.38322e-18)
(24.7091 2.20089 2.40708e-18)
(24.7374 2.22505 1.98635e-19)
(24.7643 2.24819 1.12123e-18)
(24.7901 2.27048 -2.39073e-18)
(24.8146 2.2921 8.33561e-17)
(24.8379 2.31324 9.92271e-17)
(24.8601 2.33406 4.71697e-18)
(24.8812 2.35473 -5.02907e-17)
(24.9013 2.3754 -2.77396e-17)
(24.9205 2.39621 3.19518e-17)
(24.9389 2.41725 9.54986e-19)
(24.9566 2.43863 9.79244e-18)
(24.9738 2.46041 -5.27008e-17)
(24.9905 2.48264 3.35402e-17)
(25.0069 2.50536 1.04831e-16)
(25.0231 2.52856 3.09587e-17)
(25.0392 2.55224 9.478e-17)
(25.0553 2.57635 1.27799e-16)
(25.0716 2.60086 6.76008e-17)
(25.0881 2.62571 7.56087e-17)
(25.1049 2.65081 -9.20255e-17)
(25.1221 2.67608 -1.31106e-16)
(25.1398 2.70144 -8.9473e-17)
(25.1579 2.72677 2.18722e-18)
(25.1766 2.752 1.52873e-16)
(25.1957 2.77701 1.18438e-17)
(25.2152 2.8017 -2.95596e-17)
(25.2351 2.82597 -9.10743e-20)
(25.2551 2.84974 -9.9548e-17)
(25.2752 2.87292 7.761e-18)
(25.2953 2.89543 -1.08333e-16)
(25.3153 2.91724 -2.44112e-16)
(25.3352 2.93829 -2.69107e-17)
(25.355 2.95856 -2.31469e-16)
(25.3745 2.97802 1.24611e-17)
(25.3935 2.99663 -8.06268e-19)
(25.4118 3.01436 3.06661e-16)
(25.429 3.03116 3.7315e-17)
(25.445 3.04709 -6.38162e-17)
(25.4597 3.06202 4.72772e-17)
(25.4714 3.07422 -5.88904e-17)
(25.4805 3.08424 6.57657e-17)
(25.4893 3.09441 1.40124e-16)
(25.4978 3.10451 1.39297e-16)
(25.506 3.11458 1.08319e-18)
(25.5135 3.12479 -1.0225e-16)
(25.5186 3.1331 1.24815e-16)
(25.5214 3.14673 0)
(25.5097 3.13974 2.1343e-17)
(25.5093 3.18536 1.46817e-18)
(25.4764 3.09227 -3.46299e-16)
(25.5628 3.33346 5.72651e-18)
(25.5668 2.88108 2.82583e-16)
(22.7079 1.38039 4.46749e-18)
(23.9188 1.4242 9.27152e-18)
(24.4575 1.47443 1.12333e-18)
(24.5983 1.50442 -1.1313e-18)
(24.6267 1.5344 -5.61756e-18)
(24.6283 1.56137 4.27923e-18)
(24.6324 1.58924 -1.14689e-19)
(24.6394 1.6168 3.08498e-18)
(24.6469 1.64352 1.84736e-17)
(24.6543 1.67058 0)
(24.6616 1.69682 -9.48656e-18)
(24.6689 1.72313 7.04231e-18)
(24.6765 1.74918 -3.55315e-18)
(24.6842 1.77515 -1.53022e-17)
(24.6923 1.80107 -1.91817e-17)
(24.7008 1.82708 7.91481e-18)
(24.7097 1.85313 3.41268e-17)
(24.7192 1.87941 2.55877e-17)
(24.7293 1.90576 -3.76505e-17)
(24.74 1.93232 5.38583e-18)
(24.7514 1.95902 -6.43373e-17)
(24.7634 1.98586 -2.75911e-17)
(24.7761 2.01275 5.53706e-18)
(24.7894 2.03964 -1.64932e-17)
(24.8032 2.06648 4.84903e-18)
(24.8176 2.09318 1.59282e-17)
(24.8325 2.11967 5.05229e-17)
(24.8477 2.14589 2.81536e-18)
(24.8632 2.17181 2.36614e-19)
(24.8788 2.19737 -8.19124e-18)
(24.8945 2.22257 -3.75819e-17)
(24.9103 2.24742 1.42332e-17)
(24.9259 2.27194 -1.88716e-18)
(24.9415 2.29617 5.82913e-17)
(24.9568 2.32018 4.06785e-17)
(24.972 2.34401 -4.71798e-17)
(24.9869 2.36775 -2.0777e-17)
(25.0015 2.39146 1.10129e-18)
(25.016 2.41521 -7.42147e-17)
(25.0303 2.43907 2.97827e-18)
(25.0445 2.46308 -4.71646e-17)
(25.0585 2.48729 -9.71764e-17)
(25.0725 2.51171 -3.15047e-17)
(25.0866 2.53638 -5.57495e-17)
(25.1008 2.56127 -2.89912e-18)
(25.1152 2.58638 -5.15319e-18)
(25.1298 2.61167 -8.18342e-17)
(25.1448 2.63711 5.87303e-18)
(25.1601 2.66262 2.34329e-18)
(25.176 2.68816 1.5682e-16)
(25.1922 2.71364 -3.27383e-17)
(25.209 2.73899 -1.14044e-16)
(25.2263 2.76413 1.71495e-16)
(25.244 2.78896 2.62228e-17)
(25.262 2.81341 7.61712e-17)
(25.2802 2.83738 1.6951e-16)
(25.2985 2.86079 -2.09882e-18)
(25.3169 2.88359 1.04777e-16)
(25.3353 2.90572 4.43292e-18)
(25.3536 2.92713 -4.35653e-19)
(25.3719 2.9478 1.82516e-18)
(25.39 2.96769 -7.74643e-19)
(25.4077 2.98675 -8.38285e-19)
(25.4247 3.00496 -2.89226e-16)
(25.4407 3.02225 -3.0729e-17)
(25.4555 3.03868 -3.26716e-18)
(25.4692 3.05413 -4.77052e-17)
(25.48 3.06679 -4.94082e-19)
(25.4884 3.07719 -5.98574e-17)
(25.4966 3.08779 -1.71904e-16)
(25.5044 3.09833 -1.37976e-16)
(25.512 3.10885 -8.20302e-17)
(25.5188 3.11961 -6.23156e-17)
(25.5233 3.12832 -1.77041e-18)
(25.5249 3.14273 0)
(25.5135 3.13579 -5.34769e-17)
(25.5098 3.18288 4.29044e-16)
(25.4837 3.08978 3.43136e-16)
(25.5589 3.33257 -5.28202e-18)
(25.583 2.88499 -9.10036e-19)
(23.7056 1.48726 -5.07398e-19)
(24.489 1.52419 -6.30967e-18)
(24.8106 1.55095 1.48976e-18)
(24.8514 1.56949 -2.95472e-19)
(24.8506 1.5894 8.22271e-18)
(24.8498 1.6087 1.08359e-18)
(24.8536 1.63008 -2.92747e-20)
(24.8585 1.65144 1.72338e-19)
(24.8635 1.67374 -9.3022e-19)
(24.8683 1.69655 0)
(24.8732 1.71966 1.28201e-18)
(24.878 1.7433 2.11985e-18)
(24.8829 1.76714 -1.12635e-18)
(24.8878 1.79123 -9.89797e-19)
(24.8927 1.81547 2.27923e-17)
(24.8977 1.8398 9.64492e-18)
(24.9027 1.86414 -3.58873e-18)
(24.9079 1.88853 -9.88342e-19)
(24.9131 1.91284 2.29433e-17)
(24.9186 1.93713 2.64551e-18)
(24.9242 1.96136 4.09936e-18)
(24.93 1.98555 2.30732e-17)
(24.9361 2.00971 4.95868e-17)
(24.9425 2.03386 -1.28573e-17)
(24.9492 2.058 3.2695e-18)
(24.9563 2.08217 -8.74932e-19)
(24.9638 2.10637 -4.10511e-17)
(24.9717 2.13061 2.23278e-18)
(24.98 2.1549 1.96643e-19)
(24.9886 2.17923 2.06929e-18)
(24.9976 2.2036 5.1115e-19)
(25.007 2.228 -1.60787e-18)
(25.0167 2.25243 -2.33708e-17)
(25.0266 2.27687 -1.60159e-17)
(25.0368 2.30133 -7.12009e-17)
(25.0472 2.32581 1.52132e-18)
(25.0578 2.35031 1.24672e-16)
(25.0685 2.37486 1.1351e-18)
(25.0794 2.39946 6.63804e-17)
(25.0904 2.42413 -1.83136e-17)
(25.1016 2.4489 6.85118e-17)
(25.1129 2.47378 9.2758e-17)
(25.1243 2.49879 -2.46461e-17)
(25.136 2.52392 6.31202e-18)
(25.1479 2.54917 -4.07977e-17)
(25.1601 2.57455 -5.25463e-18)
(25.1727 2.60002 2.50677e-18)
(25.1856 2.62556 5.95385e-18)
(25.199 2.65113 2.37029e-18)
(25.2128 2.67668 -2.57504e-18)
(25.2271 2.70216 3.74858e-18)
(25.242 2.7275 3.43288e-18)
(25.2574 2.75263 -1.63147e-19)
(25.2732 2.77748 -1.6272e-18)
(25.2893 2.80198 -1.11243e-16)
(25.3057 2.82603 -1.62915e-16)
(25.3223 2.84957 -8.13919e-17)
(25.3389 2.87254 -1.5801e-18)
(25.3557 2.89488 2.17237e-16)
(25.3724 2.91657 -4.42196e-19)
(25.3892 2.93754 2.15719e-16)
(25.4059 2.95778 -7.88734e-19)
(25.4222 2.97722 -8.54992e-19)
(25.4379 2.99583 -8.00069e-20)
(25.4527 3.01356 3.38506e-18)
(25.4664 3.03045 -3.35169e-18)
(25.479 3.04636 -2.17363e-19)
(25.489 3.05944 -5.09178e-19)
(25.4967 3.07022 3.01939e-18)
(25.5042 3.08122 2.6797e-18)
(25.5114 3.09219 4.94704e-19)
(25.5183 3.10317 2.47292e-18)
(25.5245 3.11444 -3.1529e-19)
(25.5283 3.1236 -1.88515e-18)
(25.5287 3.13868 0)
(25.5174 3.13202 1.32739e-18)
(25.5109 3.18018 -1.67211e-17)
(25.4904 3.08774 -9.12666e-17)
(25.5576 3.33154 -1.78988e-19)
(25.5967 2.88805 -6.42875e-19)
(24.4629 1.62825 -6.1389e-18)
(24.9195 1.65002 9.68777e-19)
(25.0497 1.66461 1.21531e-18)
(25.039 1.6755 -3.23531e-19)
(25.0344 1.68729 7.16914e-18)
(25.0342 1.69956 1.6604e-17)
(25.0363 1.71293 -9.3316e-18)
(25.0381 1.72657 8.84401e-19)
(25.0396 1.7411 -1.39994e-18)
(25.0409 1.75619 0)
(25.0422 1.77199 1.56072e-17)
(25.0433 1.78851 2.18706e-17)
(25.0445 1.80571 -8.65855e-18)
(25.0456 1.82362 -9.36483e-18)
(25.0468 1.84221 2.99959e-19)
(25.0481 1.86144 -1.13166e-18)
(25.0495 1.88132 -4.5413e-19)
(25.051 1.90177 -9.56818e-19)
(25.0527 1.92275 -3.44908e-17)
(25.0545 1.94423 3.53319e-18)
(25.0566 1.96612 3.1333e-18)
(25.0589 1.98838 -1.2791e-17)
(25.0615 2.01095 -2.30447e-18)
(25.0643 2.0338 4.04569e-18)
(25.0674 2.05683 2.74305e-17)
(25.0708 2.08006 7.00327e-18)
(25.0745 2.10342 3.86031e-17)
(25.0786 2.1269 2.30151e-17)
(25.0829 2.15048 2.88215e-17)
(25.0876 2.17415 1.70399e-17)
(25.0926 2.19791 5.60497e-17)
(25.0979 2.22175 -2.50953e-17)
(25.1036 2.24568 -2.72996e-17)
(25.1096 2.2697 3.43189e-17)
(25.1159 2.29381 -9.77474e-18)
(25.1226 2.31801 2.02036e-17)
(25.1296 2.34232 -2.96445e-18)
(25.1368 2.36673 -4.06086e-17)
(25.1444 2.39124 1.52472e-17)
(25.1523 2.41586 1.30459e-17)
(25.1605 2.4406 -3.70504e-17)
(25.169 2.46545 -8.78828e-17)
(25.1778 2.4904 5.47842e-17)
(25.187 2.51547 6.49706e-18)
(25.1965 2.54064 -6.91697e-17)
(25.2064 2.56589 -5.4089e-18)
(25.2167 2.59121 1.98811e-18)
(25.2275 2.61658 4.85922e-17)
(25.2388 2.64196 5.59082e-17)
(25.2506 2.66731 4.7997e-17)
(25.2629 2.6926 7.24529e-19)
(25.2758 2.71775 2.3402e-16)
(25.2893 2.74273 -1.68376e-19)
(25.3032 2.76745 -2.61579e-17)
(25.3175 2.79185 1.04831e-16)
(25.332 2.81585 4.30415e-17)
(25.3468 2.83939 -1.15619e-16)
(25.3617 2.86241 -1.64738e-18)
(25.3768 2.88486 1.02184e-17)
(25.392 2.9067 2.28577e-17)
(25.4072 2.92789 -4.34445e-18)
(25.4224 2.94838 -1.26061e-17)
(25.4374 2.96811 -2.11224e-16)
(25.4517 2.98706 2.67189e-16)
(25.4653 3.00516 1.42938e-16)
(25.4778 3.02244 -3.56991e-18)
(25.4893 3.03878 -2.32141e-19)
(25.4984 3.05225 -1.00386e-16)
(25.5054 3.06337 3.2372e-18)
(25.5122 3.07475 3.74626e-17)
(25.5188 3.08614 5.3318e-19)
(25.525 3.09755 2.23823e-16)
(25.5305 3.10933 -3.42111e-19)
(25.5337 3.11894 -1.21168e-16)
(25.5328 3.13463 0)
(25.5215 3.12839 -1.8242e-17)
(25.5126 3.17739 1.24775e-17)
(25.4969 3.08596 8.87941e-17)
(25.5582 3.33046 1.4197e-19)
(25.6092 2.89073 -6.14852e-19)
(25.0067 1.75838 -4.23952e-19)
(25.2066 1.76837 8.62113e-19)
(25.2203 1.77767 -8.54446e-19)
(25.2047 1.78548 -5.88045e-19)
(25.2047 1.79453 -3.09267e-19)
(25.2056 1.80401 -1.31031e-17)
(25.2066 1.81397 1.6711e-17)
(25.207 1.82429 -1.35274e-18)
(25.2069 1.8351 -1.03741e-17)
(25.2065 1.84632 0)
(25.2058 1.85803 -5.98608e-18)
(25.2048 1.87022 -7.02412e-19)
(25.2036 1.88291 -8.10859e-20)
(25.2021 1.89613 -2.21176e-18)
(25.2004 1.90987 -2.07325e-19)
(25.1985 1.92417 -7.84717e-18)
(25.1966 1.93906 -2.03317e-18)
(25.1945 1.95452 -1.42443e-17)
(25.1925 1.97058 2.27913e-19)
(25.1906 1.98724 3.7291e-19)
(25.1887 2.00451 3.90032e-17)
(25.187 2.02236 2.68962e-19)
(25.1856 2.0408 -2.22629e-17)
(25.1843 2.05981 2.71506e-17)
(25.1834 2.07933 -1.45124e-18)
(25.1827 2.09938 -1.82343e-17)
(25.1824 2.11988 -8.25731e-19)
(25.1825 2.14082 -4.17771e-19)
(25.183 2.16215 -1.79957e-17)
(25.1838 2.18384 -1.30745e-17)
(25.1851 2.20585 -5.42092e-17)
(25.1868 2.22814 2.17551e-17)
(25.1889 2.25068 2.76167e-18)
(25.1914 2.27347 -5.27691e-17)
(25.1943 2.29647 1.06169e-17)
(25.1976 2.31967 -1.69648e-17)
(25.2014 2.34306 -2.94544e-18)
(25.2055 2.36663 4.2385e-17)
(25.2101 2.39038 -1.32583e-17)
(25.2151 2.41429 -1.24959e-17)
(25.2205 2.43836 -1.05465e-17)
(25.2262 2.46259 8.32448e-17)
(25.2325 2.48696 -2.0236e-19)
(25.2391 2.51147 3.48163e-17)
(25.2462 2.5361 3.31268e-18)
(25.2538 2.56084 -5.52732e-18)
(25.2619 2.58567 -4.52852e-17)
(25.2705 2.61055 -3.58424e-17)
(25.2796 2.63547 -5.05507e-17)
(25.2894 2.66038 -1.8199e-16)
(25.2997 2.68525 6.65681e-17)
(25.3107 2.71003 -8.07721e-17)
(25.3222 2.73466 -1.42394e-16)
(25.3342 2.75908 -6.61093e-19)
(25.3466 2.78323 -6.95184e-17)
(25.3593 2.80704 -3.67099e-17)
(25.3723 2.83044 1.16264e-16)
(25.3855 2.85338 -1.72702e-18)
(25.3988 2.87581 -1.47108e-17)
(25.4124 2.89769 -2.36996e-17)
(25.4262 2.91898 -4.59732e-18)
(25.4399 2.93962 -5.21323e-19)
(25.4534 2.95956 2.08495e-16)
(25.4664 2.97876 -2.80822e-16)
(25.4786 2.99715 -1.34969e-16)
(25.49 3.01477 -3.83577e-18)
(25.5004 3.03147 4.29943e-17)
(25.5086 3.04529 1.51038e-16)
(25.5148 3.05672 3.49826e-18)
(25.5209 3.06846 2.40734e-18)
(25.5267 3.08023 2.07203e-18)
(25.5322 3.09206 -1.39231e-16)
(25.537 3.10431 5.74504e-17)
(25.5395 3.11439 1.16551e-16)
(25.5375 3.13062 0)
(25.5259 3.12491 5.3534e-17)
(25.5149 3.17451 -3.99568e-16)
(25.5038 3.08455 -1.33504e-18)
(25.3142 1.87082 -3.04568e-19)
(25.3513 1.87386 5.86376e-19)
(25.3333 1.88057 5.4013e-19)
(25.3293 1.88657 -2.29711e-19)
(25.3313 1.89373 -1.99351e-19)
(25.332 1.90104 9.46355e-19)
(25.3324 1.90874 -1.15941e-18)
(25.3322 1.91678 2.79174e-19)
(25.3317 1.92523 4.51232e-19)
(25.3308 1.93405 0)
(25.3295 1.94328 2.0679e-19)
(25.3279 1.95293 -4.74964e-19)
(25.326 1.963 -5.55251e-20)
(25.3238 1.97352 5.07488e-19)
(25.3212 1.98448 -1.46254e-19)
(25.3184 1.9959 1.00592e-19)
(25.3154 2.0078 -1.48547e-18)
(25.3122 2.02018 1.09233e-18)
(25.3088 2.03305 1.73123e-19)
(25.3053 2.04642 3.64396e-18)
(25.3018 2.06029 -1.58432e-18)
(25.2982 2.0747 1.64871e-17)
(25.2946 2.08963 -1.12768e-17)
(25.2911 2.1051 5.75062e-19)
(25.2878 2.1211 -2.50224e-20)
(25.2846 2.13767 5.39241e-19)
(25.2816 2.15476 -7.28475e-19)
(25.2789 2.17239 -3.73719e-19)
(25.2765 2.19056 -9.65396e-19)
(25.2745 2.20924 1.68502e-18)
(25.2728 2.22841 4.26083e-19)
(25.2715 2.24806 -1.3729e-18)
(25.2707 2.26816 2.59571e-18)
(25.2702 2.28869 5.50342e-17)
(25.2702 2.30961 4.65366e-19)
(25.2707 2.33092 1.42553e-18)
(25.2716 2.35256 -2.83754e-18)
(25.273 2.37454 1.10542e-18)
(25.2749 2.39682 8.87053e-19)
(25.2772 2.41938 1.98963e-19)
(25.2801 2.4422 1.35377e-18)
(25.2834 2.46527 -1.86017e-18)
(25.2872 2.48855 -2.00489e-19)
(25.2915 2.51205 4.62993e-18)
(25.2963 2.53573 3.30567e-18)
(25.3017 2.55958 -5.53323e-18)
(25.3076 2.58356 5.66227e-18)
(25.3141 2.60766 6.32335e-18)
(25.3212 2.63184 2.52809e-18)
(25.3289 2.65606 4.41788e-18)
(25.3373 2.68029 8.48783e-19)
(25.3463 2.70448 -3.73629e-18)
(25.3559 2.72857 6.87738e-18)
(25.366 2.75252 -6.76253e-19)
(25.3765 2.77625 -3.78901e-17)
(25.3874 2.79971 3.94967e-17)
(25.3986 2.82283 6.73805e-19)
(25.4101 2.84555 -1.78786e-18)
(25.4218 2.86784 -2.42416e-18)
(25.4338 2.88964 2.09783e-17)
(25.446 2.91091 -1.82315e-16)
(25.4582 2.93161 1.03867e-17)
(25.4703 2.95165 -1.01216e-18)
(25.4819 2.97101 3.41515e-19)
(25.4928 2.98961 4.07911e-18)
(25.5029 3.00749 -4.0739e-18)
(25.5121 3.0245 -1.38038e-18)
(25.5194 3.03861 -1.90999e-18)
(25.5248 3.05032 3.74072e-18)
(25.5301 3.06238 -3.02766e-17)
(25.5353 3.07451 -8.66656e-19)
(25.5401 3.08674 -2.09692e-16)
(25.5441 3.09943 1.80173e-16)
(25.5458 3.10997 -1.16791e-16)
(25.5425 3.12667 0)
(25.5307 3.12162 1.23069e-18)
(25.4449 1.97029 2.86172e-18)
(25.4294 1.97093 5.43448e-18)
(25.4215 1.97642 8.98785e-19)
(25.4236 1.98108 -4.0693e-20)
(25.4248 1.98656 -1.4222e-19)
(25.4251 1.99206 1.13975e-18)
(25.425 1.99791 -5.66781e-18)
(25.4245 2.00404 5.08944e-19)
(25.4237 2.01048 6.30983e-18)
(25.4226 2.01724 0)
(25.421 2.02435 3.64456e-18)
(25.4192 2.03181 -3.4395e-19)
(25.417 2.03965 -4.02906e-20)
(25.4145 2.04788 1.23296e-17)
(25.4117 2.05651 -1.06665e-19)
(25.4087 2.06557 2.08618e-19)
(25.4053 2.07507 -1.09153e-18)
(25.4018 2.08501 1.0102e-17)
(25.3981 2.09542 1.13577e-17)
(25.3941 2.1063 1.33284e-18)
(25.3901 2.11767 -2.75936e-17)
(25.386 2.12953 -3.70479e-18)
(25.3818 2.1419 1.85135e-18)
(25.3775 2.15477 5.36334e-19)
(25.3733 2.16815 -1.97567e-20)
(25.3692 2.18207 1.26159e-17)
(25.3651 2.1965 -1.7799e-17)
(25.3612 2.21146 -4.38715e-19)
(25.3574 2.22694 1.05419e-17)
(25.3539 2.24296 1.15518e-17)
(25.3506 2.2595 3.79201e-17)
(25.3476 2.27657 -1.7347e-17)
(25.3449 2.29414 4.82163e-17)
(25.3426 2.31223 -2.5418e-17)
(25.3406 2.33081 4.221e-19)
(25.339 2.34986 1.3071e-18)
(25.3379 2.36937 -2.62788e-18)
(25.3372 2.38933 1.03314e-18)
(25.3369 2.4097 -3.56485e-17)
(25.3371 2.43047 1.22053e-17)
(25.3378 2.45161 3.70643e-17)
(25.339 2.47311 -1.7902e-18)
(25.3407 2.49492 -4.01343e-17)
(25.343 2.51703 -1.9287e-17)
(25.3458 2.53942 3.23296e-18)
(25.3491 2.56205 -5.43615e-18)
(25.353 2.58489 4.67834e-17)
(25.3576 2.60792 6.26335e-18)
(25.3627 2.63111 2.51338e-18)
(25.3686 2.6544 1.17057e-16)
(25.3751 2.67778 1.07051e-16)
(25.3822 2.70117 -1.31242e-16)
(25.39 2.72455 1.33046e-16)
(25.3982 2.74784 2.00258e-17)
(25.407 2.771 8.70242e-18)
(25.4161 2.79395 6.42503e-17)
(25.4256 2.81663 6.63446e-17)
(25.4354 2.839 -1.83158e-18)
(25.4454 2.86101 -1.70784e-16)
(25.4558 2.88262 -1.37365e-18)
(25.4665 2.90376 -1.13413e-17)
(25.4772 2.92439 -9.60945e-19)
(25.4878 2.94445 -1.05478e-18)
(25.498 2.96387 1.38474e-17)
(25.5076 2.98261 4.27993e-18)
(25.5165 3.00067 -4.28873e-18)
(25.5245 3.01791 -1.5877e-18)
(25.5308 3.03227 -1.69709e-17)
(25.5355 3.04421 1.92182e-16)
(25.54 3.05656 3.54747e-17)
(25.5444 3.06901 -7.52707e-19)
(25.5484 3.08161 2.35513e-16)
(25.5516 3.09471 -3.26557e-16)
(25.5525 3.10571 -3.11897e-19)
(25.5048 2.05959 -2.85384e-18)
(25.4961 2.06024 -3.55053e-18)
(25.4973 2.06482 1.31286e-19)
(25.4992 2.06844 -1.43736e-19)
(25.4996 2.07268 -1.12338e-19)
(25.4996 2.07695 6.54049e-18)
(25.4993 2.0815 -4.32095e-18)
(25.4987 2.08626 1.22331e-19)
(25.4977 2.09126 -4.75625e-19)
(25.4965 2.09653 0)
(25.4949 2.10206 -3.07626e-19)
(25.4929 2.10788 -2.79036e-19)
(25.4907 2.11401 -3.28016e-20)
(25.4881 2.12045 -1.11586e-17)
(25.4853 2.12723 -8.73979e-20)
(25.4821 2.13436 -6.926e-20)
(25.4787 2.14187 -8.99171e-19)
(25.4751 2.14976 -4.40691e-19)
(25.4712 2.15806 -1.22174e-18)
(25.4672 2.16678 1.10502e-18)
(25.4629 2.17594 1.61345e-18)
(25.4586 2.18556 -1.14036e-17)
(25.4541 2.19566 2.24901e-17)
(25.4496 2.20624 3.64736e-19)
(25.445 2.21732 -1.65636e-20)
(25.4404 2.22891 -9.87192e-19)
(25.4359 2.24101 1.38444e-18)
(25.4314 2.25365 -2.47204e-19)
(25.427 2.26681 -1.89904e-18)
(25.4227 2.28051 1.64564e-19)
(25.4186 2.29474 -6.81148e-17)
(25.4146 2.30951 7.9602e-18)
(25.4109 2.32481 -2.57318e-18)
(25.4075 2.34065 2.09279e-18)
(25.4043 2.357 3.77028e-19)
(25.4014 2.37388 1.17783e-18)
(25.3989 2.39127 -2.38878e-18)
(25.3968 2.40916 9.47235e-19)
(25.395 2.42752 3.67304e-17)
(25.3936 2.44636 -1.16746e-17)
(25.3927 2.46564 -3.40835e-17)
(25.3922 2.48536 -1.69306e-18)
(25.3923 2.50548 3.92766e-17)
(25.3928 2.52598 6.13241e-18)
(25.3938 2.54684 3.11572e-18)
(25.3954 2.56802 -5.26789e-18)
(25.3976 2.5895 2.58081e-18)
(25.4004 2.61125 6.13032e-18)
(25.4039 2.63322 2.47129e-18)
(25.408 2.65539 -2.71823e-18)
(25.4127 2.67772 -1.55511e-16)
(25.4181 2.70014 1.22744e-16)
(25.4242 2.72262 -1.25813e-16)
(25.4307 2.7451 -1.80982e-18)
(25.4378 2.76752 2.8425e-17)
(25.4452 2.78981 -9.31175e-17)
(25.453 2.81192 -6.45464e-17)
(25.4611 2.83381 -1.8657e-18)
(25.4696 2.85541 1.64782e-16)
(25.4785 2.87669 -2.09548e-17)
(25.4876 2.89759 1.76921e-16)
(25.4969 2.91805 -1.10235e-17)
(25.506 2.93801 -1.39535e-16)
(25.5149 2.95741 -1.76104e-17)
(25.5231 2.97619 1.73488e-17)
(25.5307 2.99436 -5.30551e-17)
(25.5375 3.01177 -4.05277e-17)
(25.5428 3.02631 -2.02417e-17)
(25.5467 3.03846 -1.08839e-18)
(25.5504 3.05104 2.91574e-18)
(25.554 3.06379 7.4357e-19)
(25.557 2.14072 -1.85666e-19)
(25.558 2.14166 -5.41342e-19)
(25.56 2.14529 2.85633e-19)
(25.5607 2.14814 -1.12822e-19)
(25.5607 2.1515 -8.83757e-20)
(25.5606 2.15488 -5.36743e-18)
(25.5602 2.1585 3.98767e-18)
(25.5596 2.16228 -1.15065e-19)
(25.5586 2.16625 -4.4606e-18)
(25.5573 2.17044 0)
(25.5557 2.17485 -2.67608e-18)
(25.5539 2.17949 -2.24225e-19)
(25.5517 2.18438 -2.64627e-20)
(25.5492 2.18953 2.44251e-19)
(25.5465 2.19495 4.35721e-18)
(25.5435 2.20066 -3.37317e-18)
(25.5402 2.20669 -7.38606e-19)
(25.5367 2.21303 -7.01478e-18)
(25.5329 2.21972 -9.08519e-18)
(25.529 2.22677 -6.07932e-20)
(25.5248 2.2342 1.98012e-17)
(25.5205 2.24202 1.15998e-19)
(25.516 2.25025 -1.90009e-17)
(25.5115 2.25892 2.45395e-19)
(25.5068 2.26802 6.58185e-19)
(25.5021 2.2776 -9.91985e-18)
(25.4974 2.28765 1.4076e-17)
(25.4926 2.2982 -1.15762e-19)
(25.4879 2.30926 -1.02437e-17)
(25.4832 2.32083 -7.56133e-18)
(25.4787 2.33293 3.12525e-17)
(25.4742 2.34556 5.7565e-18)
(25.4699 2.35873 -2.31126e-17)
(25.4658 2.37244 -1.31323e-17)
(25.4619 2.38669 -5.38055e-18)
(25.4582 2.40149 1.16616e-17)
(25.4548 2.41682 -4.04492e-17)
(25.4516 2.43268 8.63617e-19)
(25.4488 2.44906 9.27369e-18)
(25.4463 2.46595 7.96546e-18)
(25.4442 2.48334 1.12976e-18)
(25.4425 2.50122 -1.5836e-18)
(25.4412 2.51955 -1.73928e-19)
(25.4404 2.53834 5.27152e-17)
(25.44 2.55754 4.78604e-17)
(25.4402 2.57714 -5.04812e-18)
(25.4409 2.59711 -3.22849e-17)
(25.4422 2.61742 5.9386e-18)
(25.4442 2.63804 2.40626e-18)
(25.4467 2.65893 -9.93873e-17)
(25.4499 2.68005 6.33562e-18)
(25.4538 2.70135 5.25183e-17)
(25.4582 2.72279 7.32493e-18)
(25.4632 2.7443 -1.80327e-18)
(25.4687 2.76584 -1.06565e-19)
(25.4745 2.78735 3.31352e-18)
(25.4807 2.80875 7.045e-19)
(25.4873 2.83002 -1.89042e-18)
(25.4943 2.85109 -2.59215e-18)
(25.5016 2.87193 -5.50765e-19)
(25.5093 2.89247 -1.71311e-16)
(25.5171 2.91266 5.39819e-17)
(25.5249 2.93242 5.61894e-17)
(25.5323 2.9517 -1.18382e-17)
(25.5392 2.97043 -8.15425e-18)
(25.5455 2.98863 -1.13631e-16)
(25.6079 2.21472 -3.71388e-19)
(25.61 2.21564 2.02585e-19)
(25.6107 2.21846 7.19923e-20)
(25.6108 2.22076 -1.57817e-19)
(25.6108 2.22345 -3.14923e-19)
(25.6106 2.22616 4.77431e-18)
(25.6101 2.22906 -2.52431e-18)
(25.6094 2.23209 2.78171e-19)
(25.6084 2.23529 3.63134e-18)
(25.6072 2.23865 0)
(25.6057 2.2422 -3.79523e-19)
(25.6039 2.24593 -1.78193e-19)
(25.6019 2.24987 -1.30159e-18)
(25.5996 2.25403 6.32222e-18)
(25.597 2.25842 -4.45163e-18)
(25.5942 2.26305 4.21665e-19)
(25.5911 2.26794 -1.50509e-18)
(25.5878 2.2731 6.1125e-18)
(25.5843 2.27855 7.17799e-20)
(25.5806 2.28431 8.60979e-19)
(25.5767 2.29039 -1.67274e-17)
(25.5727 2.29682 -1.40485e-18)
(25.5684 2.30359 1.65018e-17)
(25.5641 2.31075 -1.03279e-17)
(25.5596 2.31829 -6.64881e-19)
(25.555 2.32624 1.78952e-18)
(25.5504 2.33462 -3.65126e-19)
(25.5457 2.34344 -1.92999e-19)
(25.541 2.35272 -5.14165e-19)
(25.5363 2.36247 1.78657e-17)
(25.5316 2.37272 2.41817e-19)
(25.527 2.38346 -8.04721e-19)
(25.5224 2.39471 -1.28645e-17)
(25.518 2.40649 3.15145e-17)
(25.5137 2.4188 5.90975e-18)
(25.5095 2.43165 -9.45865e-18)
(25.5056 2.44503 3.56705e-17)
(25.5018 2.45895 7.81682e-19)
(25.4983 2.47341 -7.78272e-18)
(25.4951 2.48841 -5.48575e-19)
(25.4921 2.50393 7.72657e-18)
(25.4895 2.51996 -1.46758e-18)
(25.4873 2.5365 -2.98801e-17)
(25.4854 2.55354 -4.08684e-17)
(25.484 2.57104 -7.79098e-19)
(25.483 2.58899 -4.78831e-18)
(25.4825 2.60738 3.67617e-17)
(25.4826 2.62616 5.69595e-18)
(25.4833 2.64533 3.77342e-17)
(25.4845 2.66483 9.32244e-17)
(25.4864 2.68463 1.30173e-16)
(25.4889 2.7047 -1.61838e-16)
(25.4919 2.72498 1.15986e-16)
(25.4955 2.74542 -1.87009e-17)
(25.4994 2.76596 -5.31405e-17)
(25.5038 2.78655 -2.51979e-17)
(25.5085 2.80714 7.06057e-19)
(25.5137 2.82767 -1.90306e-18)
(25.5192 2.8481 -1.36107e-16)
(25.5251 2.86838 2.82314e-17)
(25.5314 2.88846 1.59748e-16)
(25.6513 2.28211 -9.05603e-20)
(25.6521 2.2829 1.60793e-19)
(25.6523 2.28514 -6.07537e-20)
(25.6523 2.28702 -6.2835e-20)
(25.6522 2.28918 1.78043e-19)
(25.6518 2.29138 -4.24134e-18)
(25.6513 2.29373 1.92265e-18)
(25.6506 2.29618 -8.9338e-20)
(25.6496 2.29877 -3.21877e-18)
(25.6484 2.3015 0)
(25.647 2.30438 4.97761e-19)
(25.6453 2.30741 -1.43962e-19)
(25.6434 2.31061 1.20937e-18)
(25.6413 2.31399 -5.7167e-18)
(25.639 2.31757 9.23562e-20)
(25.6364 2.32134 3.43714e-19)
(25.6336 2.32534 3.88028e-19)
(25.6306 2.32956 -5.1066e-18)
(25.6274 2.33403 5.96706e-18)
(25.624 2.33876 1.43049e-18)
(25.6204 2.34376 1.45073e-17)
(25.6167 2.34906 2.38518e-19)
(25.6128 2.35467 -5.43993e-18)
(25.6087 2.3606 1.04948e-17)
(25.6046 2.36687 4.92348e-19)
(25.6003 2.3735 4.21556e-18)
(25.5959 2.38051 -1.00052e-17)
(25.5915 2.38791 -3.12455e-19)
(25.587 2.39573 -9.06645e-18)
(25.5824 2.40397 -9.38045e-19)
(25.5779 2.41265 2.22166e-17)
(25.5733 2.42179 -1.48569e-17)
(25.5688 2.4314 1.91299e-17)
(25.5643 2.4415 1.71435e-18)
(25.5599 2.4521 -4.19476e-18)
(25.5556 2.46321 9.14873e-18)
(25.5514 2.47483 -3.1892e-17)
(25.5473 2.48699 7.00996e-19)
(25.5435 2.49967 7.39889e-18)
(25.5398 2.51288 -4.97877e-19)
(25.5363 2.52663 1.17924e-17)
(25.5331 2.5409 -2.60397e-17)
(25.5302 2.5557 5.44164e-17)
(25.5276 2.57101 2.72885e-17)
(25.5254 2.58683 -1.89354e-17)
(25.5236 2.60313 -4.50063e-18)
(25.5222 2.61991 -2.70003e-17)
(25.5213 2.63714 5.41676e-17)
(25.521 2.6548 -1.53586e-18)
(25.5211 2.67286 -8.42374e-17)
(25.5219 2.69129 -5.17466e-18)
(25.5232 2.71004 1.46093e-16)
(25.525 2.72908 4.58107e-18)
(25.5272 2.74835 3.07215e-17)
(25.6869 2.34346 1.20001e-18)
(25.6871 2.34414 9.09504e-19)
(25.6871 2.34595 1.33867e-18)
(25.6871 2.34749 -5.09106e-20)
(25.6869 2.34926 -2.20374e-19)
(25.6865 2.35106 5.94809e-19)
(25.6859 2.35298 -1.63333e-18)
(25.6851 2.35498 -8.05905e-20)
(25.6842 2.35711 2.63878e-18)
(25.683 2.35934 0)
(25.6817 2.36169 -2.60028e-18)
(25.6802 2.36418 2.04489e-18)
(25.6784 2.36681 -1.4037e-20)
(25.6765 2.36958 5.32095e-18)
(25.6744 2.37252 2.70481e-18)
(25.672 2.37563 6.64052e-18)
(25.6695 2.37892 -4.03744e-19)
(25.6668 2.3824 4.49634e-18)
(25.6639 2.38609 -5.63903e-19)
(25.6608 2.39 5.17542e-19)
(25.6576 2.39414 -1.23669e-17)
(25.6542 2.39853 7.98007e-18)
(25.6507 2.40319 -1.3021e-19)
(25.647 2.40813 1.87006e-19)
(25.6432 2.41336 -8.79574e-18)
(25.6393 2.41891 5.31646e-18)
(25.6352 2.42479 3.82034e-18)
(25.6311 2.43101 4.85372e-21)
(25.6269 2.4376 4.97865e-19)
(25.6227 2.44456 -8.07658e-19)
(25.6184 2.45193 -1.52695e-17)
(25.6141 2.4597 1.32316e-17)
(25.6097 2.46792 7.98157e-18)
(25.6054 2.47657 -2.1797e-19)
(25.6011 2.48568 6.65326e-19)
(25.5968 2.49527 -5.51353e-20)
(25.5926 2.50535 1.11636e-17)
(25.5884 2.51592 6.37233e-18)
(25.5844 2.527 -2.69495e-17)
(25.5805 2.5386 -4.49193e-19)
(25.5768 2.55071 6.92703e-18)
(25.5733 2.56335 7.63618e-18)
)
;

boundaryField
{
    inlet
    {
        type            freestreamVelocity;
        freestreamValue uniform (25.75 3.62 0);
        value           nonuniform List<vector> 
13
(
(25.6677 3.33231 5.20451e-17)
(25.6699 3.32683 6.34943e-17)
(25.6724 3.32163 -5.08534e-17)
(25.6751 3.31658 -1.35548e-16)
(25.6771 3.31148 1.81502e-16)
(25.6778 3.30626 -1.54309e-16)
(25.6733 3.30041 3.74821e-16)
(25.6651 3.29663 -2.35763e-16)
(25.6642 3.296 -1.24085e-16)
(25.6701 3.29761 1.23289e-16)
(25.6772 3.29933 -3.97028e-19)
(25.6831 3.30067 -2.80465e-19)
(25.6886 3.30185 -2.68234e-19)
)
;
    }
    outlet
    {
        type            freestreamVelocity;
        freestreamValue nonuniform List<vector> 0();
        value           nonuniform List<vector> 0();
    }
    walls
    {
        type            noSlip;
    }
    frontAndBack
    {
        type            empty;
    }
    procBoundary2to1
    {
        type            processor;
        value           nonuniform List<vector> 
84
(
(23.5012 2.26729 9.74875e-18)
(25.0043 2.92004 -2.59443e-17)
(25.6303 2.66163 -1.92467e-16)
(25.8304 2.95779 1.99752e-16)
(25.757 2.64945 3.32783e-17)
(25.726 2.85953 8.91794e-17)
(25.69 2.69194 7.58522e-17)
(25.6501 2.75334 -1.52907e-16)
(25.6136 2.69272 3.53302e-17)
(25.5738 2.69142 3.60162e-16)
(25.5348 2.66239 -6.54585e-16)
(25.4945 2.64589 1.71652e-17)
(25.4539 2.62403 3.05394e-16)
(25.4126 2.60476 3.68044e-16)
(25.371 2.58492 -4.28681e-17)
(25.3291 2.56597 3.87249e-17)
(25.2871 2.54757 -2.349e-16)
(25.2451 2.53005 -6.84379e-16)
(25.2033 2.51354 2.60624e-16)
(25.1619 2.49819 7.48052e-16)
(25.121 2.48421 -6.47212e-16)
(25.081 2.47174 2.2692e-16)
(25.042 2.46098 -2.26727e-16)
(25.0043 2.45206 7.82104e-17)
(24.968 2.44516 -2.1195e-16)
(24.9335 2.44038 3.80022e-16)
(24.901 2.43786 -5.74044e-16)
(24.8707 2.43768 6.2464e-16)
(24.8429 2.43989 -6.71577e-16)
(24.8176 2.44454 7.33637e-16)
(24.7951 2.45163 8.45507e-17)
(24.7756 2.46111 -4.13041e-16)
(24.7592 2.47294 -6.59917e-17)
(24.7461 2.48701 4.73247e-16)
(24.7362 2.5032 -5.55221e-16)
(24.7296 2.52136 3.31089e-16)
(24.7263 2.5413 1.79005e-16)
(24.7263 2.56284 -2.65779e-17)
(24.7263 2.56284 -2.65779e-17)
(24.6799 2.59169 -2.86431e-16)
(24.6873 2.62139 1.33438e-16)
(24.6981 2.65125 1.50135e-17)
(24.712 2.68107 1.00009e-16)
(24.7288 2.71067 1.53293e-16)
(24.7483 2.73989 7.43704e-17)
(24.7701 2.76858 2.95106e-16)
(24.7942 2.79662 -1.14231e-16)
(24.8201 2.8239 -6.57659e-17)
(24.8477 2.85032 -6.54215e-17)
(24.8766 2.87582 6.66962e-17)
(24.9068 2.90034 -1.27502e-16)
(24.9379 2.92384 -8.78907e-17)
(24.9697 2.94629 7.68657e-17)
(24.9697 2.94629 7.68657e-17)
(24.982 2.99878 1.53978e-16)
(25.0164 3.01815 -1.25256e-16)
(25.0506 3.03637 9.3415e-17)
(25.0845 3.05346 -1.02733e-16)
(25.1178 3.06945 -2.45324e-17)
(25.1504 3.08441 1.36667e-16)
(25.1822 3.09838 2.24052e-17)
(25.2132 3.11141 -9.54712e-18)
(25.2433 3.12357 8.70042e-18)
(25.2433 3.12357 8.70042e-18)
(25.2652 3.15576 4.75899e-17)
(25.2938 3.16515 -5.32213e-18)
(25.321 3.17379 6.36191e-17)
(25.3464 3.18167 -1.0651e-16)
(25.37 3.18885 -2.04378e-16)
(25.3916 3.19527 -1.69925e-17)
(25.4084 3.20019 -1.00076e-16)
(25.4214 3.204 -2.41179e-18)
(25.4342 3.20768 -9.29493e-17)
(25.4468 3.21118 -6.83754e-17)
(25.4468 3.21118 -6.83754e-17)
(25.4568 3.22681 1.47736e-16)
(25.4688 3.22905 1.52382e-17)
(25.4798 3.23124 2.08371e-18)
(25.4878 3.23152 -4.58964e-17)
(25.49 3.23169 -4.53802e-18)
(25.488 3.23552 4.91386e-17)
(25.4751 3.19556 -1.40659e-16)
(25.513 3.3244 5.55823e-17)
(25.5568 2.97281 8.3546e-17)
)
;
    }
    procBoundary2to3
    {
        type            processor;
        value           nonuniform List<vector> 
88
(
(25.5597 3.32913 -1.26861e-16)
(25.6222 2.8934 1.57796e-16)
(25.5177 3.17153 -3.8994e-16)
(25.5597 3.32913 -1.26861e-16)
(25.5111 3.08354 -6.93452e-17)
(25.548 3.12279 0)
(25.5177 3.17153 -3.8994e-16)
(25.5359 3.11854 -1.52618e-16)
(25.5573 3.07672 -2.20815e-16)
(25.5597 3.09019 4.19051e-18)
(25.548 3.12279 0)
(25.5597 3.10166 2.94079e-17)
(25.5512 3.00613 1.86354e-17)
(25.5554 3.02081 7.36305e-17)
(25.5585 3.0331 7.34419e-17)
(25.5615 3.04589 -2.49894e-16)
(25.5573 3.07672 -2.20815e-16)
(25.5643 3.05888 6.18335e-17)
(25.5378 2.90826 1.6938e-16)
(25.5442 2.92773 -1.53158e-16)
(25.5503 2.94679 -3.97093e-17)
(25.5559 2.96539 -2.39502e-16)
(25.5512 3.00613 1.86354e-17)
(25.5609 2.98353 -5.30445e-17)
(25.5299 2.7678 -2.20628e-17)
(25.5329 2.78739 -1.06632e-16)
(25.5363 2.80705 -1.80199e-16)
(25.5401 2.82675 6.5589e-17)
(25.5443 2.84644 -2.10086e-17)
(25.5489 2.86607 8.26377e-17)
(25.5378 2.90826 1.6938e-16)
(25.5538 2.88558 2.10472e-16)
(25.57 2.57651 1.74941e-17)
(25.5669 2.59019 -1.00901e-16)
(25.5642 2.60439 -2.78349e-18)
(25.5618 2.6191 9.64518e-17)
(25.5597 2.6343 -1.04255e-16)
(25.5581 2.65 1.65871e-17)
(25.5569 2.66616 7.57727e-18)
(25.5563 2.68276 -2.10641e-17)
(25.5561 2.69978 1.29143e-16)
(25.5564 2.71718 1.82261e-16)
(25.5572 2.73493 1.36418e-17)
(25.5299 2.7678 -2.20628e-17)
(25.5583 2.75298 4.94586e-17)
(25.7167 2.39939 2.29783e-18)
(25.7168 2.39998 -1.53013e-19)
(25.7167 2.40146 5.63883e-19)
(25.7166 2.40274 7.59989e-19)
(25.7162 2.40419 3.5195e-19)
(25.7158 2.40568 3.84256e-20)
(25.7152 2.40726 -3.02504e-18)
(25.7144 2.40892 -1.2409e-18)
(25.7135 2.41067 2.92774e-18)
(25.7125 2.41251 0)
(25.7112 2.41446 -4.71861e-19)
(25.7098 2.41652 6.66188e-18)
(25.7082 2.41869 2.10406e-19)
(25.7065 2.42099 7.47844e-18)
(25.7045 2.42342 7.60794e-19)
(25.7025 2.426 1.9056e-18)
(25.7002 2.42873 6.08956e-18)
(25.6978 2.43163 3.0507e-18)
(25.6952 2.4347 8.54588e-18)
(25.6925 2.43795 -7.86597e-18)
(25.6896 2.44141 -1.16986e-17)
(25.6865 2.44508 4.45942e-18)
(25.6834 2.44898 -2.73812e-18)
(25.6801 2.45311 -8.60821e-18)
(25.6766 2.4575 -8.30002e-18)
(25.6731 2.46216 1.63178e-17)
(25.6695 2.46711 -5.73107e-18)
(25.6657 2.47236 2.21282e-18)
(25.6619 2.47793 -7.93147e-18)
(25.658 2.48384 1.29727e-17)
(25.654 2.49009 8.2629e-18)
(25.65 2.49672 9.89313e-18)
(25.6459 2.50373 2.51453e-17)
(25.6418 2.51115 -1.84935e-17)
(25.6377 2.51898 -1.12655e-17)
(25.6336 2.52725 9.45973e-19)
(25.6296 2.53597 -1.33978e-17)
(25.6255 2.54515 -5.41551e-18)
(25.6215 2.5548 -2.43978e-17)
(25.6176 2.56495 8.20783e-18)
(25.6138 2.57559 1.15745e-17)
(25.57 2.57651 1.74941e-17)
(25.6102 2.58673 -2.689e-17)
)
;
    }
    procBoundary2to6
    {
        type            processor;
        value           nonuniform List<vector> 
13
(
(12.6853 0.750958 2.54934e-17)
(18.4279 1.08709 -2.56012e-17)
(21.1387 1.27175 -4.96083e-18)
(22.6105 1.42462 2.62467e-18)
(23.7128 1.58124 -1.22478e-18)
(24.5518 1.7251 -6.36649e-20)
(25.1102 1.85163 -4.90634e-19)
(25.4082 1.96083 -2.06094e-18)
(25.521 2.05421 1.37748e-18)
(25.5657 2.13648 -1.2216e-18)
(25.6074 2.21118 6.85126e-19)
(25.65 2.27931 -1.68206e-19)
(25.6867 2.34127 3.67351e-19)
)
;
    }
}


// ************************************************************************* //
