/*--------------------------------*- C++ -*----------------------------------*\
| =========                 |                                                 |
| \\      /  F ield         | OpenFOAM: The Open Source CFD Toolbox           |
|  \\    /   O peration     | Version:  2306                                  |
|   \\  /    A nd           | Website:  www.openfoam.com                      |
|    \\/     M anipulation  |                                                 |
\*---------------------------------------------------------------------------*/
FoamFile
{
    version     2.0;
    format      ascii;
    arch        "LSB;label=32;scalar=64";
    class       volVectorField;
    location    "925";
    object      momentError;
}
// * * * * * * * * * * * * * * * * * * * * * * * * * * * * * * * * * * * * * //

dimensions      [0 1 -2 0 0 0 0];

internalField   nonuniform List<vector> 
1340
(
(-1.39589e-05 9.38988e-05 -2.94633e-15)
(-2.00861e-05 8.83304e-05 -2.40514e-14)
(-2.71279e-05 8.3195e-05 1.50619e-14)
(-3.29111e-05 7.44191e-05 4.42746e-14)
(-3.66334e-05 6.24299e-05 1.44969e-14)
(-1.19873e-05 8.77224e-05 -6.00336e-15)
(-1.64759e-05 8.21466e-05 9.69784e-15)
(-2.19617e-05 7.76337e-05 2.3808e-14)
(-2.70355e-05 6.86687e-05 -3.8165e-14)
(-3.37051e-05 5.77179e-05 -2.82787e-14)
(-3.56819e-05 4.79308e-05 -1.81813e-14)
(-9.15538e-06 8.23021e-05 2.60356e-15)
(-1.34322e-05 7.72908e-05 5.17369e-15)
(-1.82969e-05 7.2e-05 -1.37213e-14)
(-2.37748e-05 6.30759e-05 1.79636e-14)
(-2.89976e-05 5.36368e-05 3.21909e-14)
(-3.26795e-05 4.53253e-05 1.62802e-15)
(-3.45721e-05 4.04255e-05 1.13893e-14)
(-6.2965e-06 7.72252e-05 -1.68984e-15)
(-1.08643e-05 7.20219e-05 -7.01588e-15)
(-1.57359e-05 6.63944e-05 3.88151e-15)
(-2.08624e-05 5.81608e-05 1.96284e-16)
(-2.55912e-05 4.98097e-05 -2.05691e-14)
(-2.9083e-05 4.30028e-05 1.6472e-14)
(-3.23749e-05 3.90739e-05 -4.4762e-14)
(-3.52032e-05 3.66083e-05 6.26819e-15)
(-4.34888e-06 7.196e-05 -1.88598e-15)
(-9.01344e-06 6.69672e-05 4.62988e-15)
(-1.3709e-05 6.12726e-05 4.2569e-15)
(-1.84145e-05 5.3577e-05 -1.87499e-14)
(-2.28146e-05 4.62588e-05 -5.85233e-14)
(-2.64099e-05 4.06908e-05 3.6602e-14)
(-2.97733e-05 3.74112e-05 -7.66481e-14)
(-3.35269e-05 3.52317e-05 2.58947e-14)
(-3.58005e-05 3.29921e-05 1.37783e-13)
(-2.69551e-06 6.68396e-05 8.9199e-16)
(-7.53602e-06 6.20143e-05 3.92502e-16)
(-1.20081e-05 5.646e-05 -1.03354e-14)
(-1.63401e-05 4.94769e-05 -7.6202e-15)
(-2.04311e-05 4.29422e-05 3.01469e-15)
(-2.40762e-05 3.84029e-05 1.70371e-14)
(-2.76085e-05 3.5858e-05 9.70827e-16)
(-3.10388e-05 3.40757e-05 -7.22266e-14)
(-3.40979e-05 3.21185e-05 6.96889e-14)
(-3.66325e-05 3.07385e-05 2.73527e-14)
(-1.53083e-06 6.18321e-05 1.09052e-15)
(-6.29915e-06 5.73091e-05 -4.00262e-15)
(-1.05652e-05 5.21133e-05 1.48912e-15)
(-1.45899e-05 4.56792e-05 1.98392e-14)
(-1.848e-05 4.00656e-05 4.59637e-14)
(-2.20295e-05 3.63339e-05 -7.60328e-14)
(-2.56278e-05 3.43213e-05 6.16776e-14)
(-2.91232e-05 3.287e-05 -3.67909e-14)
(-3.21204e-05 3.12728e-05 -6.93629e-14)
(-3.51016e-05 2.973e-05 8.47617e-15)
(-6.22136e-07 5.71449e-05 -1.83212e-15)
(-5.26404e-06 5.29353e-05 -1.54218e-16)
(-9.31257e-06 4.80607e-05 1.4356e-16)
(-1.31514e-05 4.23106e-05 1.59692e-14)
(-1.67719e-05 3.72828e-05 1.12727e-15)
(-2.0181e-05 3.42518e-05 3.17712e-14)
(-2.3817e-05 3.28034e-05 -1.61859e-14)
(-2.73992e-05 3.15482e-05 -4.82389e-14)
(-3.05726e-05 3.00188e-05 -3.13535e-14)
(-3.35155e-05 2.83206e-05 -6.74602e-14)
(-3.67272e-05 2.62917e-05 -1.83896e-14)
(7.85272e-08 5.27248e-05 -2.13499e-17)
(-4.37523e-06 4.88528e-05 -6.79617e-15)
(-8.24605e-06 4.43646e-05 2.95975e-15)
(-1.18689e-05 3.91371e-05 9.02563e-15)
(-1.52585e-05 3.47303e-05 -1.16838e-14)
(-1.85311e-05 3.22491e-05 -1.19101e-14)
(-2.21912e-05 3.12511e-05 -1.99067e-14)
(-2.58509e-05 3.00947e-05 -1.52708e-14)
(-2.91127e-05 2.85972e-05 3.16775e-14)
(-3.21019e-05 2.68002e-05 8.43416e-14)
(-3.52636e-05 2.49017e-05 -4.37668e-14)
(6.32386e-07 4.86604e-05 -8.35024e-16)
(-3.62464e-06 4.50541e-05 6.40669e-16)
(-7.26683e-06 4.09086e-05 -4.73708e-16)
(-1.06923e-05 3.62747e-05 -1.32263e-14)
(-1.39102e-05 3.23946e-05 9.08456e-15)
(-1.71275e-05 3.04253e-05 -6.57051e-15)
(-2.07273e-05 2.96472e-05 -1.35731e-15)
(-2.44516e-05 2.85728e-05 7.30509e-14)
(-2.77385e-05 2.70972e-05 7.4873e-15)
(-3.07209e-05 2.52059e-05 5.97145e-14)
(-3.36524e-05 2.32884e-05 6.86913e-14)
(-3.6364e-05 2.08737e-05 -3.41275e-14)
(1.05923e-06 4.4838e-05 1.35946e-16)
(-2.95026e-06 4.1523e-05 -5.88248e-15)
(-6.36793e-06 3.77437e-05 -8.24495e-15)
(-9.58437e-06 3.3537e-05 -9.69128e-15)
(-1.27088e-05 3.02687e-05 1.21007e-14)
(-1.58541e-05 2.8666e-05 5.11904e-14)
(-1.94092e-05 2.80194e-05 -4.15826e-15)
(-2.30959e-05 2.70131e-05 2.46247e-14)
(-2.64038e-05 2.55211e-05 -1.82138e-15)
(-2.9338e-05 2.3689e-05 -7.13092e-14)
(-3.21127e-05 2.16156e-05 -3.71783e-14)
(-3.45703e-05 1.9297e-05 5.53493e-14)
(1.42633e-06 4.13096e-05 -2.92542e-18)
(-2.34101e-06 3.82311e-05 2.65652e-15)
(-5.54182e-06 3.47564e-05 8.61421e-15)
(-8.57903e-06 3.10329e-05 3.30168e-15)
(-1.15728e-05 2.81963e-05 1.10844e-15)
(-1.46813e-05 2.69554e-05 -6.98711e-15)
(-1.81572e-05 2.63916e-05 7.8778e-14)
(-2.17948e-05 2.5456e-05 -2.69617e-16)
(-2.50861e-05 2.40263e-05 -9.57917e-14)
(-2.78685e-05 2.21868e-05 -2.17966e-14)
(-3.0584e-05 2.01204e-05 1.28178e-14)
(-3.31464e-05 1.79315e-05 1.59153e-14)
(1.75304e-06 3.79545e-05 6.75386e-16)
(-1.81143e-06 3.5124e-05 5.40484e-15)
(-4.81712e-06 3.1961e-05 -3.12701e-15)
(-7.65845e-06 2.86189e-05 2.60642e-14)
(-1.05593e-05 2.62586e-05 2.40105e-14)
(-1.35695e-05 2.52519e-05 -3.57926e-16)
(-1.69835e-05 2.47794e-05 2.1358e-14)
(-2.05195e-05 2.39082e-05 -3.76686e-14)
(-2.37512e-05 2.25621e-05 -2.424e-14)
(-2.6474e-05 2.08062e-05 -7.96645e-14)
(-2.89081e-05 1.87523e-05 5.24291e-14)
(-3.1589e-05 1.678e-05 8.19222e-14)
(-3.34645e-05 1.49916e-05 -1.46922e-14)
(1.96277e-06 3.48054e-05 7.43479e-16)
(-1.34461e-06 3.21607e-05 1.95204e-16)
(-4.1597e-06 2.93337e-05 -8.64716e-15)
(-6.83533e-06 2.63908e-05 4.01747e-15)
(-9.601e-06 2.43445e-05 -4.69715e-15)
(-1.25558e-05 2.35952e-05 -4.9921e-15)
(-1.58396e-05 2.31892e-05 -6.91306e-14)
(-1.93062e-05 2.24029e-05 4.70087e-14)
(-2.24518e-05 2.11554e-05 1.99786e-14)
(-2.50623e-05 1.94387e-05 1.4036e-14)
(-2.74225e-05 1.75239e-05 -5.60435e-14)
(-2.98376e-05 1.58118e-05 1.66222e-15)
(-3.22352e-05 1.40645e-05 -3.7574e-14)
(2.16203e-06 3.17766e-05 6.51535e-16)
(-9.42978e-07 2.94333e-05 -2.03543e-15)
(-3.56243e-06 2.68648e-05 4.32486e-15)
(-6.0805e-06 2.42552e-05 -1.13355e-14)
(-8.74893e-06 2.25901e-05 -3.33733e-14)
(-1.15814e-05 2.19963e-05 1.79e-16)
(-1.47597e-05 2.1659e-05 -1.03305e-15)
(-1.80982e-05 2.09302e-05 -8.29338e-15)
(-2.11778e-05 1.97726e-05 4.82686e-14)
(-2.37321e-05 1.81685e-05 -1.92334e-14)
(-2.59717e-05 1.63398e-05 -5.63802e-15)
(-2.83137e-05 1.47528e-05 -6.53729e-15)
(-3.06549e-05 1.33392e-05 1.03534e-14)
(-3.22362e-05 1.18879e-05 -2.14128e-14)
(2.28791e-06 2.90149e-05 -1.48565e-15)
(-6.07019e-07 2.68209e-05 -9.95942e-16)
(-3.06518e-06 2.45829e-05 9.86355e-15)
(-5.435e-06 2.23246e-05 -1.18474e-14)
(-7.95073e-06 2.09057e-05 5.62812e-15)
(-1.0678e-05 2.04897e-05 -1.9536e-14)
(-1.37119e-05 2.01806e-05 -8.86696e-16)
(-1.69456e-05 1.95285e-05 -2.06359e-14)
(-1.99436e-05 1.84447e-05 2.14845e-14)
(-2.24088e-05 1.68946e-05 -2.1753e-14)
(-2.46041e-05 1.51919e-05 3.30861e-15)
(-2.69135e-05 1.37537e-05 2.67129e-15)
(-2.91951e-05 1.25071e-05 3.21685e-14)
(-3.08648e-05 1.11583e-05 1.184e-14)
(2.44798e-06 2.63988e-05 3.20347e-18)
(-4.44448e-07 2.44816e-05 8.88269e-16)
(-2.74297e-06 2.24714e-05 1.491e-15)
(-4.92732e-06 2.05526e-05 2.17035e-15)
(-7.26701e-06 1.94165e-05 3.04072e-14)
(-9.82106e-06 1.90593e-05 4.25919e-15)
(-1.27411e-05 1.87847e-05 -7.87777e-15)
(-1.58216e-05 1.81667e-05 5.93903e-15)
(-1.87451e-05 1.71414e-05 5.06646e-15)
(-2.11681e-05 1.56866e-05 5.36573e-14)
(-2.32802e-05 1.40695e-05 2.03838e-14)
(-2.5551e-05 1.27587e-05 5.35119e-15)
(-2.78394e-05 1.16194e-05 -5.20652e-14)
(-2.98761e-05 1.05757e-05 1.94323e-14)
(2.30099e-06 2.40088e-05 -4.67904e-16)
(-4.13889e-07 2.21357e-05 -2.67641e-15)
(-2.55305e-06 2.06144e-05 -6.08244e-15)
(-4.50898e-06 1.89582e-05 -2.6357e-15)
(-6.62742e-06 1.7969e-05 -1.28188e-14)
(-9.04335e-06 1.77445e-05 -1.37146e-15)
(-1.18034e-05 1.74597e-05 5.60483e-14)
(-1.47759e-05 1.68792e-05 1.36716e-14)
(-1.75817e-05 1.59071e-05 -4.42822e-14)
(-1.99301e-05 1.45052e-05 -9.6905e-15)
(-2.20186e-05 1.30067e-05 2.51642e-15)
(-2.42582e-05 1.17815e-05 2.42051e-14)
(-2.66143e-05 1.07408e-05 -1.49936e-14)
(-2.8577e-05 9.79641e-06 -2.80229e-14)
(-2.97261e-05 8.65547e-06 5.06812e-14)
(2.11516e-06 2.15861e-05 -1.12892e-15)
(-3.21266e-07 2.02674e-05 -9.00994e-16)
(-2.33957e-06 1.89601e-05 -9.09082e-16)
(-4.09772e-06 1.75815e-05 -9.40775e-16)
(-6.05477e-06 1.67464e-05 2.17957e-14)
(-8.30517e-06 1.65181e-05 5.71166e-16)
(-1.09324e-05 1.62421e-05 -4.33181e-15)
(-1.37503e-05 1.56681e-05 9.40466e-15)
(-1.64571e-05 1.47456e-05 3.38289e-14)
(-1.87424e-05 1.34299e-05 -6.37701e-14)
(-2.07623e-05 1.19907e-05 -3.18602e-14)
(-2.29644e-05 1.08142e-05 -4.83825e-15)
(-2.53391e-05 9.86391e-06 3.59981e-14)
(-2.74804e-05 8.8312e-06 -1.8058e-14)
(-2.84425e-05 7.8335e-06 -3.06464e-14)
(2.13164e-06 1.95964e-05 8.4754e-17)
(-1.68652e-07 1.84061e-05 -7.4837e-16)
(-1.93877e-06 1.75186e-05 1.30915e-15)
(-3.63368e-06 1.64031e-05 1.80216e-15)
(-5.4935e-06 1.56109e-05 1.88227e-14)
(-7.62989e-06 1.54003e-05 -1.96806e-14)
(-1.01e-05 1.50969e-05 -4.71373e-16)
(-1.27914e-05 1.45582e-05 -2.16026e-14)
(-1.53695e-05 1.36731e-05 -1.67599e-14)
(-1.75636e-05 1.2406e-05 4.87657e-14)
(-1.95344e-05 1.10556e-05 -2.77046e-14)
(-2.17138e-05 9.92605e-06 -1.96938e-14)
(-2.3983e-05 8.94004e-06 -1.74453e-14)
(-2.62561e-05 7.99961e-06 3.33001e-14)
(-2.75488e-05 6.78678e-06 2.08319e-14)
(1.96199e-06 1.78671e-05 5.88349e-17)
(1.43555e-07 1.6973e-05 1.97648e-15)
(-1.46144e-06 1.62406e-05 -6.52101e-15)
(-3.13793e-06 1.52295e-05 6.43431e-16)
(-4.96705e-06 1.45665e-05 -2.99634e-14)
(-6.98869e-06 1.43344e-05 2.12451e-15)
(-9.34143e-06 1.40436e-05 4.36259e-15)
(-1.18721e-05 1.35108e-05 -4.52172e-14)
(-1.4344e-05 1.26655e-05 1.12631e-14)
(-1.64504e-05 1.14864e-05 -3.2637e-15)
(-1.8333e-05 1.01681e-05 2.72069e-14)
(-2.03978e-05 9.0779e-06 1.78666e-15)
(-2.27133e-05 8.14296e-06 -2.22545e-14)
(-2.47359e-05 7.28293e-06 -2.44087e-14)
(-2.64169e-05 5.78299e-06 4.36173e-15)
(-2.57985e-05 4.22145e-06 1.88334e-14)
(2.07279e-06 1.64782e-05 8.39053e-16)
(3.8065e-07 1.56754e-05 2.46943e-15)
(-1.09936e-06 1.49854e-05 -2.30111e-16)
(-2.70261e-06 1.41188e-05 5.8894e-16)
(-4.46167e-06 1.35315e-05 2.66556e-15)
(-6.40634e-06 1.33372e-05 -1.57626e-14)
(-8.613e-06 1.30406e-05 1.26621e-14)
(-1.10287e-05 1.25427e-05 1.80457e-14)
(-1.3362e-05 1.17462e-05 -1.17166e-14)
(-1.53691e-05 1.06075e-05 -8.22137e-15)
(-1.71825e-05 9.37519e-06 3.96661e-15)
(-1.91767e-05 8.33867e-06 3.39792e-14)
(-2.13834e-05 7.4696e-06 4.41726e-14)
(-2.32455e-05 6.43051e-06 1.62147e-15)
(-2.46468e-05 5.17864e-06 -1.31125e-14)
(-2.48227e-05 3.05032e-06 -2.77164e-14)
(5.44034e-07 1.44204e-05 2.84936e-16)
(-8.31339e-07 1.38462e-05 -5.08303e-16)
(-2.32895e-06 1.30367e-05 1.16298e-14)
(-4.01234e-06 1.25604e-05 8.99026e-15)
(-5.84835e-06 1.23713e-05 8.00101e-15)
(-7.94286e-06 1.21077e-05 -6.02782e-15)
(-1.02116e-05 1.16293e-05 4.16232e-14)
(-1.24326e-05 1.0889e-05 -2.36066e-14)
(-1.43518e-05 9.82976e-06 -1.2136e-14)
(-1.6067e-05 8.6456e-06 -4.08793e-14)
(-1.7952e-05 7.65356e-06 -2.24312e-14)
(-2.00291e-05 6.83758e-06 -3.22562e-14)
(-2.1923e-05 5.82498e-06 6.94244e-15)
(-2.2837e-05 4.51297e-06 9.86529e-15)
(-2.33385e-05 2.66732e-06 9.82796e-15)
(-2.27781e-05 1.53777e-06 -5.91451e-15)
(6.74565e-07 1.34072e-05 3.17512e-15)
(-6.11418e-07 1.27333e-05 2.14074e-16)
(-2.01638e-06 1.20315e-05 -9.77586e-15)
(-3.59944e-06 1.16046e-05 -8.04316e-15)
(-5.34109e-06 1.14627e-05 4.80378e-15)
(-7.30383e-06 1.12068e-05 1.22905e-14)
(-9.45657e-06 1.07816e-05 -1.01235e-14)
(-1.15511e-05 1.00894e-05 1.79635e-14)
(-1.33671e-05 9.08492e-06 1.86491e-15)
(-1.50164e-05 7.98085e-06 -8.62355e-15)
(-1.68397e-05 7.06762e-06 2.38588e-15)
(-1.87494e-05 6.2852e-06 5.4096e-15)
(-2.03847e-05 5.35771e-06 -1.98462e-14)
(-2.13466e-05 3.9752e-06 9.84152e-16)
(-2.16984e-05 2.55679e-06 1.49874e-15)
(-2.17723e-05 1.38353e-06 2.36625e-15)
(7.68508e-07 1.23326e-05 -2.40768e-16)
(-4.3138e-07 1.17225e-05 -5.61594e-15)
(-1.74272e-06 1.10705e-05 -3.24198e-15)
(-3.24324e-06 1.07242e-05 2.10675e-14)
(-4.86935e-06 1.05817e-05 -1.72004e-14)
(-6.72804e-06 1.03608e-05 1.30524e-14)
(-8.73639e-06 9.96133e-06 -1.11136e-14)
(-1.07316e-05 9.32199e-06 -1.56633e-14)
(-1.24601e-05 8.39736e-06 1.36463e-14)
(-1.40254e-05 7.34069e-06 2.78261e-14)
(-1.57397e-05 6.50168e-06 -1.96636e-14)
(-1.76013e-05 5.83147e-06 2.23589e-14)
(-1.9047e-05 4.96257e-06 1.55029e-14)
(-1.98281e-05 3.6064e-06 -1.92661e-14)
(-2.03643e-05 2.38501e-06 -8.25489e-15)
(-2.10113e-05 1.5507e-06 3.62587e-15)
(8.6564e-07 1.13345e-05 -2.06843e-15)
(-2.70576e-07 1.07545e-05 2.91382e-15)
(-1.50982e-06 1.01905e-05 5.04487e-15)
(-2.91458e-06 9.86969e-06 -1.84942e-14)
(-4.45256e-06 9.75779e-06 2.46588e-14)
(-6.1779e-06 9.54524e-06 -3.94693e-15)
(-8.08438e-06 9.18904e-06 3.52618e-16)
(-9.95176e-06 8.5972e-06 -4.61268e-15)
(-1.15891e-05 7.71182e-06 -3.57384e-14)
(-1.31022e-05 6.74563e-06 1.81769e-14)
(-1.48021e-05 5.9857e-06 8.8904e-15)
(-1.65029e-05 5.38202e-06 -5.08816e-14)
(-1.77816e-05 4.40746e-06 8.9508e-15)
(-1.85254e-05 3.26318e-06 1.50696e-14)
(-1.91092e-05 2.21059e-06 -1.12033e-14)
(-2.01739e-05 1.44796e-06 -2.61057e-14)
(-2.08495e-05 1.22082e-06 -9.97139e-15)
(9.30073e-07 1.03819e-05 2.18063e-15)
(-1.4314e-07 9.87662e-06 1.36839e-15)
(-1.30591e-06 9.36038e-06 -4.751e-15)
(-2.63021e-06 9.09957e-06 8.68119e-15)
(-4.0603e-06 8.98011e-06 -9.89149e-15)
(-5.67996e-06 8.79426e-06 1.04274e-14)
(-7.45261e-06 8.45136e-06 -2.72044e-14)
(-9.21894e-06 7.90675e-06 -1.61224e-15)
(-1.07759e-05 7.088e-06 2.61189e-14)
(-1.2212e-05 6.16192e-06 -6.70328e-15)
(-1.38602e-05 5.45648e-06 2.66106e-14)
(-1.54979e-05 4.80792e-06 1.71921e-14)
(-1.67156e-05 3.91371e-06 -7.02431e-15)
(-1.73883e-05 2.76209e-06 3.0888e-14)
(-1.79644e-05 1.78958e-06 1.68981e-14)
(-1.92201e-05 1.20398e-06 4.21438e-15)
(-2.01686e-05 9.46196e-07 -4.17909e-15)
(9.57253e-07 9.53574e-06 2.48927e-16)
(-4.78337e-08 9.05785e-06 -6.65911e-15)
(-1.13854e-06 8.6209e-06 2.95593e-15)
(-2.37005e-06 8.37552e-06 6.40411e-15)
(-3.71102e-06 8.27794e-06 -7.25081e-15)
(-5.21102e-06 8.08541e-06 -1.05125e-14)
(-6.87745e-06 7.77666e-06 6.2489e-15)
(-8.52335e-06 7.25744e-06 -2.6533e-14)
(-9.98061e-06 6.47273e-06 1.82759e-15)
(-1.13665e-05 5.61542e-06 4.47336e-14)
(-1.29541e-05 4.93484e-06 7.83913e-16)
(-1.45418e-05 4.25317e-06 -2.59606e-15)
(-1.55573e-05 3.33443e-06 -1.45207e-14)
(-1.6265e-05 2.23346e-06 -7.64371e-15)
(-1.69982e-05 1.3574e-06 1.39482e-14)
(-1.83975e-05 1.00112e-06 -3.42759e-15)
(-1.97672e-05 6.21369e-07 9.52895e-16)
(9.51403e-07 8.74605e-06 -3.34937e-17)
(1.63904e-08 8.33429e-06 3.26142e-15)
(-9.94168e-07 7.93599e-06 2.03078e-15)
(-2.15043e-06 7.73892e-06 -1.20888e-14)
(-3.38977e-06 7.62525e-06 1.69633e-14)
(-4.79711e-06 7.44522e-06 4.97748e-15)
(-6.33179e-06 7.1388e-06 2.36665e-14)
(-7.88235e-06 6.64565e-06 3.75389e-14)
(-9.24634e-06 5.91547e-06 -4.61208e-14)
(-1.05375e-05 5.08306e-06 -4.30415e-14)
(-1.20306e-05 4.41486e-06 2.19212e-15)
(-1.35413e-05 3.75187e-06 4.49136e-15)
(-1.45728e-05 2.8416e-06 -1.17056e-14)
(-1.5151e-05 1.84106e-06 -2.33024e-14)
(-1.60303e-05 1.08841e-06 8.73201e-15)
(-1.742e-05 7.35465e-07 1.01128e-15)
(-1.91563e-05 3.74583e-07 -2.23979e-14)
(-1.97867e-05 2.8462e-07 7.57576e-15)
(9.30478e-07 8.05207e-06 -6.31199e-16)
(6.35623e-08 7.66683e-06 4.91377e-15)
(-8.76487e-07 7.33014e-06 -2.37473e-15)
(-1.94728e-06 7.14229e-06 4.42293e-15)
(-3.11107e-06 7.04286e-06 -1.43374e-14)
(-4.40577e-06 6.85322e-06 -1.52002e-14)
(-5.84818e-06 6.56083e-06 1.58022e-14)
(-7.27436e-06 6.08696e-06 1.44524e-14)
(-8.53991e-06 5.37803e-06 1.54797e-14)
(-9.75057e-06 4.60764e-06 -8.84003e-15)
(-1.11653e-05 3.96534e-06 -1.10877e-14)
(-1.2555e-05 3.30501e-06 1.52336e-15)
(-1.34836e-05 2.41974e-06 5.54258e-15)
(-1.41466e-05 1.5269e-06 -1.08242e-14)
(-1.5033e-05 8.46996e-07 -2.2528e-15)
(-1.65169e-05 4.51069e-07 1.46253e-14)
(-1.83298e-05 2.39303e-07 -4.18878e-15)
(-1.91117e-05 -1.18863e-07 -8.16829e-15)
(8.96254e-07 7.40565e-06 1.13266e-16)
(9.5219e-08 7.07016e-06 -2.09692e-15)
(-7.72796e-07 6.76127e-06 4.84227e-15)
(-1.77252e-06 6.61475e-06 8.48591e-15)
(-2.84727e-06 6.50404e-06 2.01259e-15)
(-4.05609e-06 6.32669e-06 -2.19814e-14)
(-5.38338e-06 6.03029e-06 -2.80505e-14)
(-6.71436e-06 5.57975e-06 6.22138e-15)
(-7.88791e-06 4.91581e-06 3.6519e-15)
(-8.99201e-06 4.17051e-06 2.92851e-14)
(-1.02826e-05 3.55447e-06 1.38444e-14)
(-1.15987e-05 2.93533e-06 5.02877e-15)
(-1.2516e-05 2.13976e-06 2.00247e-14)
(-1.30855e-05 1.27964e-06 1.63943e-15)
(-1.39954e-05 6.66871e-07 -1.3906e-14)
(-1.55441e-05 2.70971e-07 -5.24061e-15)
(-1.74205e-05 6.72066e-08 -2.65843e-15)
(-1.86425e-05 -2.35753e-07 1.87002e-14)
(8.51485e-07 6.82911e-06 2.69393e-15)
(1.17281e-07 6.50566e-06 -3.70219e-15)
(-6.87018e-07 6.24715e-06 -2.52784e-15)
(-1.60845e-06 6.1106e-06 -2.37243e-15)
(-2.61243e-06 6.02045e-06 7.06153e-16)
(-3.72619e-06 5.83555e-06 2.09429e-14)
(-4.96542e-06 5.55949e-06 1.89336e-14)
(-6.18862e-06 5.12271e-06 -2.60885e-15)
(-7.26543e-06 4.48449e-06 4.8181e-15)
(-8.28921e-06 3.79716e-06 -1.45574e-14)
(-9.48715e-06 3.22571e-06 -2.06314e-14)
(-1.06726e-05 2.64937e-06 -9.09066e-15)
(-1.1486e-05 1.90478e-06 1.15811e-15)
(-1.2122e-05 1.1671e-06 4.91156e-15)
(-1.29356e-05 5.99985e-07 -8.40177e-15)
(-1.44997e-05 2.54442e-07 1.08763e-14)
(-1.64921e-05 1.10987e-07 -6.27101e-15)
(-1.79454e-05 -2.55012e-07 -1.23481e-14)
(-1.82382e-05 -5.36111e-07 1.63814e-14)
(8.0358e-07 6.27297e-06 -2.49825e-16)
(1.31796e-07 5.98824e-06 3.05363e-15)
(-6.07671e-07 5.75012e-06 -3.69436e-15)
(-1.46837e-06 5.65094e-06 1.95809e-15)
(-2.3919e-06 5.55539e-06 -1.02801e-14)
(-3.43564e-06 5.38723e-06 -8.75282e-15)
(-4.5704e-06 5.11604e-06 2.61864e-15)
(-5.71354e-06 4.70258e-06 1.06938e-14)
(-6.70599e-06 4.11355e-06 3.53041e-15)
(-7.633e-06 3.45725e-06 2.31354e-15)
(-8.71433e-06 2.93192e-06 -1.85842e-14)
(-9.82732e-06 2.42751e-06 -7.37751e-15)
(-1.06187e-05 1.79632e-06 6.20351e-15)
(-1.11431e-05 1.11118e-06 -2.57355e-15)
(-1.19646e-05 6.11596e-07 1.55403e-14)
(-1.34947e-05 3.15389e-07 1.21792e-14)
(-1.53844e-05 6.03697e-08 8.45883e-15)
(-1.70345e-05 -2.50994e-07 -9.9214e-15)
(-1.75035e-05 -7.40309e-07 -1.41093e-14)
(7.62725e-07 5.76083e-06 -5.17476e-16)
(1.47115e-07 5.48771e-06 6.28171e-16)
(-5.39329e-07 5.28927e-06 6.25378e-15)
(-1.33304e-06 5.19694e-06 5.75104e-15)
(-2.19832e-06 5.12198e-06 -4.51408e-15)
(-3.155e-06 4.95784e-06 -3.19471e-15)
(-4.22008e-06 4.70833e-06 -1.12814e-14)
(-5.26579e-06 4.31992e-06 3.88062e-15)
(-6.18156e-06 3.75933e-06 -7.89358e-15)
(-7.04198e-06 3.16849e-06 1.47563e-14)
(-8.05219e-06 2.69694e-06 1.39167e-14)
(-9.05583e-06 2.24814e-06 5.74006e-15)
(-9.75427e-06 1.67004e-06 5.3542e-15)
(-1.03136e-05 1.08899e-06 1.23527e-14)
(-1.10034e-05 6.09116e-07 -4.94846e-15)
(-1.23864e-05 3.02838e-07 -2.24578e-14)
(-1.43366e-05 1.56158e-08 -5.41298e-15)
(-1.59468e-05 -3.44885e-07 1.99142e-14)
(-1.66987e-05 -9.25148e-07 2.14036e-15)
(7.26831e-07 5.26059e-06 1.08898e-16)
(1.61086e-07 5.02131e-06 -1.195e-15)
(-4.74624e-07 4.83797e-06 2.26531e-15)
(-1.21379e-06 4.77431e-06 -2.99456e-15)
(-2.00904e-06 4.69822e-06 4.3837e-15)
(-2.90055e-06 4.55683e-06 1.24083e-14)
(-3.87803e-06 4.31927e-06 -5.046e-15)
(-4.85505e-06 3.96415e-06 -1.3248e-14)
(-5.70528e-06 3.45453e-06 -1.75168e-14)
(-6.49295e-06 2.89907e-06 4.15471e-16)
(-7.41714e-06 2.47137e-06 -4.20707e-15)
(-8.3762e-06 2.07854e-06 -4.66793e-16)
(-9.05963e-06 1.579e-06 1.02194e-14)
(-9.50085e-06 1.0121e-06 -1.46551e-14)
(-1.01714e-05 5.7196e-07 -4.35863e-15)
(-1.13633e-05 2.7094e-07 7.96625e-15)
(-1.30761e-05 -2.85949e-08 -1.03958e-14)
(-1.47636e-05 -3.37242e-07 4.45251e-15)
(-1.56545e-05 -1.02699e-06 5.77897e-15)
(-1.54516e-05 -1.66551e-06 -1.27443e-14)
(6.93383e-07 4.8023e-06 -6.24295e-17)
(1.72673e-07 4.5732e-06 1.4265e-15)
(-4.19142e-07 4.42302e-06 -5.21798e-15)
(-1.09902e-06 4.36012e-06 -4.89447e-15)
(-1.83883e-06 4.30336e-06 -1.42221e-15)
(-2.65624e-06 4.16605e-06 1.32247e-14)
(-3.56824e-06 3.95803e-06 -6.07081e-15)
(-4.46636e-06 3.62961e-06 -1.03096e-14)
(-5.25276e-06 3.15439e-06 1.44266e-14)
(-5.99638e-06 2.65811e-06 -6.30212e-15)
(-6.87182e-06 2.27333e-06 1.15716e-14)
(-7.74871e-06 1.91026e-06 -9.46965e-15)
(-8.35588e-06 1.42718e-06 -1.07948e-15)
(-8.82259e-06 9.26388e-07 1.35081e-14)
(-9.35851e-06 4.93645e-07 -2.0468e-14)
(-1.04286e-05 1.98246e-07 -4.35556e-15)
(-1.21005e-05 -2.76933e-08 2.1782e-14)
(-1.34619e-05 -4.36587e-07 -9.28219e-16)
(-1.44086e-05 -9.8789e-07 -2.84564e-15)
(-1.44287e-05 -1.71501e-06 2.41834e-15)
(6.60421e-07 4.36201e-06 5.03783e-16)
(1.78371e-07 4.16823e-06 -1.88018e-15)
(-3.67243e-07 4.02776e-06 -2.59338e-15)
(-1.00124e-06 3.98317e-06 8.5942e-15)
(-1.67738e-06 3.91996e-06 -8.55343e-15)
(-2.43991e-06 3.80025e-06 -1.10325e-14)
(-3.27133e-06 3.60501e-06 1.5685e-14)
(-4.11355e-06 3.30601e-06 -5.71056e-15)
(-4.84509e-06 2.88076e-06 -6.03305e-15)
(-5.53112e-06 2.41405e-06 -8.22004e-16)
(-6.34008e-06 2.0608e-06 -3.45238e-15)
(-7.1838e-06 1.73298e-06 1.98983e-14)
(-7.78251e-06 1.30107e-06 9.57886e-16)
(-8.14526e-06 7.99008e-07 -5.43237e-15)
(-8.67117e-06 4.07765e-07 3.23257e-15)
(-9.57623e-06 1.35004e-07 -5.81753e-15)
(-1.09204e-05 -1.07864e-07 1.82512e-15)
(-1.24164e-05 -4.22277e-07 1.22532e-14)
(-1.32498e-05 -9.36646e-07 -4.06357e-15)
(-1.3617e-05 -1.46292e-06 -2.07008e-15)
(6.29821e-07 3.96822e-06 -2.30845e-16)
(1.82279e-07 3.78958e-06 1.51781e-16)
(-3.23687e-07 3.67411e-06 1.23759e-15)
(-9.06241e-07 3.62378e-06 -6.44824e-15)
(-1.53749e-06 3.5693e-06 1.79118e-15)
(-2.23125e-06 3.45065e-06 -1.63101e-14)
(-3.00908e-06 3.27456e-06 8.49036e-15)
(-3.77816e-06 3.0001e-06 2.45724e-14)
(-4.45882e-06 2.60133e-06 -2.0994e-14)
(-5.10698e-06 2.18578e-06 -1.93367e-14)
(-5.87696e-06 1.86286e-06 -9.66517e-15)
(-6.64959e-06 1.55078e-06 -1.3855e-15)
(-7.18249e-06 1.124e-06 5.62544e-15)
(-7.57967e-06 6.83299e-07 4.0935e-15)
(-8.0028e-06 3.09327e-07 2.22672e-15)
(-8.8449e-06 6.7185e-08 -1.57194e-14)
(-1.0121e-05 -8.29624e-08 -1.67393e-14)
(-1.12263e-05 -3.58276e-07 7.46534e-15)
(-1.22864e-05 -6.5947e-07 4.94241e-15)
(-1.28187e-05 -1.0663e-06 -6.91615e-15)
(-1.25536e-05 -1.68888e-06 4.77815e-15)
(5.97859e-07 3.60134e-06 1.18109e-16)
(1.82363e-07 3.45311e-06 3.31687e-16)
(-2.83933e-07 3.34509e-06 1.75232e-15)
(-8.24958e-07 3.30709e-06 1.24684e-15)
(-1.40225e-06 3.2429e-06 1.04665e-14)
(-2.04533e-06 3.13468e-06 1.92841e-14)
(-2.75372e-06 2.96293e-06 -2.164e-14)
(-3.47091e-06 2.7119e-06 1.19129e-14)
(-4.10412e-06 2.35019e-06 1.04359e-14)
(-4.70305e-06 1.9549e-06 7.57896e-15)
(-5.41364e-06 1.65022e-06 -2.14498e-15)
(-6.15809e-06 1.3599e-06 8.36413e-15)
(-6.68993e-06 9.76151e-07 8.31844e-16)
(-7.00738e-06 5.37939e-07 -3.51232e-15)
(-7.45162e-06 2.13004e-07 5.70752e-15)
(-8.20172e-06 1.38104e-08 -1.32496e-15)
(-9.3001e-06 -1.26888e-07 9.43193e-16)
(-1.0619e-05 -2.28952e-07 -5.17355e-15)
(-1.14453e-05 -4.66879e-07 -5.33631e-15)
(-1.17539e-05 -9.40989e-07 8.53051e-15)
(-1.1465e-05 -1.61159e-06 -3.64022e-15)
(5.62645e-07 3.28042e-06 4.32093e-16)
(1.78451e-07 3.14463e-06 -1.86166e-15)
(-2.52644e-07 3.05849e-06 -1.27222e-15)
(-7.48058e-07 3.01314e-06 2.29789e-15)
(-1.28338e-06 2.95586e-06 -6.83128e-15)
(-1.86912e-06 2.84249e-06 4.91201e-15)
(-2.52667e-06 2.68436e-06 -8.18552e-15)
(-3.18092e-06 2.4445e-06 -1.68179e-14)
(-3.76521e-06 2.10011e-06 -2.27154e-15)
(-4.32991e-06 1.73938e-06 9.25944e-15)
(-5.00326e-06 1.45168e-06 9.62979e-15)
(-5.68325e-06 1.16627e-06 3.50261e-15)
(-6.16174e-06 7.82594e-07 2.88565e-15)
(-6.5296e-06 3.99412e-07 -1.50706e-15)
(-6.91449e-06 9.27096e-08 5.87926e-15)
(-7.65646e-06 -7.93501e-08 -2.44137e-15)
(-8.7721e-06 -1.33409e-07 3.8203e-15)
(-9.80202e-06 -2.39367e-07 7.06624e-15)
(-1.06956e-05 -4.69059e-07 -1.715e-15)
(-1.08957e-05 -9.99209e-07 7.80571e-15)
(-1.04587e-05 -1.69411e-06 -1.23688e-15)
(5.24501e-07 2.98185e-06 2.39258e-16)
(1.70032e-07 2.87336e-06 -3.92901e-16)
(-2.24483e-07 2.79338e-06 5.28062e-16)
(-6.84802e-07 2.75829e-06 -1.92373e-15)
(-1.17212e-06 2.69198e-06 -5.09912e-15)
(-1.71731e-06 2.58413e-06 -1.64758e-14)
(-2.31171e-06 2.42522e-06 1.80048e-14)
(-2.92178e-06 2.19574e-06 -1.04012e-14)
(-3.4596e-06 1.8766e-06 -2.87726e-16)
(-3.97504e-06 1.52297e-06 8.24723e-15)
(-4.58919e-06 1.24213e-06 -1.71303e-14)
(-5.23955e-06 9.67102e-07 -1.18996e-14)
(-5.71975e-06 6.13858e-07 -3.19275e-15)
(-6.02916e-06 2.22838e-07 3.15391e-15)
(-6.4583e-06 -5.29027e-08 4.88522e-15)
(-7.17099e-06 -1.95544e-07 -3.19472e-15)
(-8.19653e-06 -2.68445e-07 -1.8855e-15)
(-9.34029e-06 -3.28214e-07 7.03317e-15)
(-9.86377e-06 -7.33814e-07 -4.96868e-16)
(-9.88958e-06 -1.41068e-06 5.65472e-15)
(-9.66566e-06 -2.06848e-06 -1.14184e-15)
(4.86642e-07 2.71658e-06 2.77739e-16)
(1.59942e-07 2.61742e-06 -5.29213e-16)
(-2.02953e-07 2.55565e-06 5.32654e-16)
(-6.23305e-07 2.51716e-06 -4.14485e-16)
(-1.07741e-06 2.45796e-06 6.04871e-15)
(-1.57152e-06 2.34724e-06 7.74138e-15)
(-2.12618e-06 2.19451e-06 -2.55385e-15)
(-2.67701e-06 1.97177e-06 1.79295e-15)
(-3.17124e-06 1.6586e-06 -2.56678e-15)
(-3.64842e-06 1.32902e-06 -8.2421e-15)
(-4.2209e-06 1.0533e-06 9.11414e-15)
(-4.80437e-06 7.7202e-07 -5.21617e-20)
(-5.23069e-06 4.05719e-07 -5.35161e-16)
(-5.58655e-06 5.18908e-08 -5.15566e-16)
(-5.98023e-06 -2.26704e-07 -7.9766e-15)
(-6.69968e-06 -3.80131e-07 3.26198e-15)
(-7.73378e-06 -4.59082e-07 -4.21915e-15)
(-8.47571e-06 -7.78358e-07 1.08775e-16)
(-8.92472e-06 -1.40456e-06 6.65443e-15)
(-8.96964e-06 -1.97979e-06 -6.05889e-15)
(-8.8158e-06 -2.57697e-06 -1.96565e-15)
(-8.40714e-06 -3.02424e-06 -2.90717e-15)
(4.4941e-07 2.4648e-06 -3.02469e-16)
(1.49452e-07 2.38632e-06 -5.03077e-17)
(-1.82653e-07 2.3284e-06 -1.52121e-15)
(-5.70962e-07 2.3013e-06 -3.53878e-15)
(-9.84292e-07 2.23935e-06 -5.14825e-16)
(-1.44253e-06 2.13721e-06 -4.96173e-15)
(-1.94498e-06 1.98393e-06 -7.51242e-15)
(-2.45564e-06 1.7706e-06 3.51562e-15)
(-2.90742e-06 1.47452e-06 2.38411e-15)
(-3.33598e-06 1.1462e-06 3.84728e-15)
(-3.84519e-06 8.68046e-07 -6.43228e-15)
(-4.38945e-06 5.87021e-07 8.48389e-15)
(-4.80809e-06 2.41442e-07 -7.26368e-15)
(-5.09905e-06 -1.31883e-07 -4.30056e-15)
(-5.51589e-06 -4.01466e-07 1.28461e-14)
(-6.17372e-06 -5.68053e-07 -3.40432e-15)
(-6.92622e-06 -8.61391e-07 2.13665e-15)
(-7.52494e-06 -1.36089e-06 -1.82918e-15)
(-7.90354e-06 -1.85714e-06 -6.10025e-16)
(-8.1499e-06 -2.34723e-06 3.3814e-15)
(-8.17968e-06 -2.7095e-06 3.66583e-15)
(-7.90599e-06 -2.98618e-06 -2.8856e-15)
(4.13347e-07 2.23663e-06 -6.47692e-16)
(1.39258e-07 2.16161e-06 5.87056e-16)
(-1.65639e-07 2.11776e-06 5.47193e-17)
(-5.18567e-07 2.09043e-06 2.45973e-15)
(-9.00985e-07 2.04008e-06 -1.66375e-15)
(-1.31729e-06 1.93902e-06 -2.95171e-17)
(-1.78353e-06 1.79732e-06 8.95951e-15)
(-2.24534e-06 1.58956e-06 9.4504e-15)
(-2.65595e-06 1.30042e-06 2.79049e-16)
(-3.04738e-06 9.90267e-07 1.31108e-14)
(-3.51018e-06 7.15184e-07 6.2191e-15)
(-3.98174e-06 4.27721e-07 -1.2033e-14)
(-4.33332e-06 7.13223e-08 4.2863e-16)
(-4.65116e-06 -2.75506e-07 -5.06192e-15)
(-5.01073e-06 -5.43363e-07 -1.50994e-15)
(-5.50154e-06 -8.27014e-07 8.24851e-15)
(-6.05563e-06 -1.20208e-06 -1.4584e-14)
(-6.56818e-06 -1.58024e-06 -1.91051e-15)
(-7.08778e-06 -1.96143e-06 8.16164e-15)
(-7.45782e-06 -2.26533e-06 1.228e-15)
(-7.75059e-06 -2.4393e-06 -1.4214e-15)
(-7.44903e-06 -2.70667e-06 -4.08543e-15)
(3.78618e-07 2.01597e-06 9.82377e-18)
(1.28088e-07 1.95478e-06 2.68974e-16)
(-1.49598e-07 1.91211e-06 1.71389e-15)
(-4.74799e-07 1.89515e-06 4.88952e-15)
(-8.20346e-07 1.8451e-06 2.16883e-15)
(-1.20709e-06 1.75537e-06 4.12857e-15)
(-1.62673e-06 1.61853e-06 3.75794e-16)
(-2.05611e-06 1.42128e-06 -1.3887e-14)
(-2.42825e-06 1.15151e-06 1.55891e-14)
(-2.77397e-06 8.45397e-07 1.25383e-15)
(-3.17332e-06 5.74158e-07 4.26205e-16)
(-3.59815e-06 2.96695e-07 6.3558e-15)
(-3.92424e-06 -3.28906e-08 3.44629e-15)
(-4.17172e-06 -3.79603e-07 7.24519e-15)
(-4.4587e-06 -6.67284e-07 6.20642e-15)
(-4.83009e-06 -9.52752e-07 -6.02636e-15)
(-5.31484e-06 -1.23296e-06 2.55084e-15)
(-5.77429e-06 -1.49951e-06 8.21527e-15)
(-6.29811e-06 -1.72935e-06 -4.16937e-15)
(-6.98524e-06 -1.86551e-06 -4.45693e-15)
(-7.27097e-06 -2.09977e-06 1.32549e-15)
(-7.01343e-06 -2.41854e-06 -3.61177e-15)
(3.50428e-07 1.81548e-06 2.36417e-16)
(1.22636e-07 1.75768e-06 -4.42362e-16)
(-1.33636e-07 1.72334e-06 -1.66331e-15)
(-4.29447e-07 1.70335e-06 -7.2117e-16)
(-7.496e-07 1.66231e-06 3.67845e-15)
(-1.09757e-06 1.5771e-06 4.37745e-15)
(-1.48828e-06 1.45172e-06 -8.5467e-15)
(-1.87312e-06 1.26588e-06 -3.17593e-15)
(-2.21204e-06 1.00631e-06 -2.02549e-14)
(-2.52394e-06 7.24802e-07 9.56059e-16)
(-2.88188e-06 4.67177e-07 2.24924e-15)
(-3.23491e-06 2.01339e-07 -2.62762e-15)
(-3.49258e-06 -1.16658e-07 -4.92813e-15)
(-3.73028e-06 -4.17221e-07 5.79013e-15)
(-3.96738e-06 -6.75955e-07 9.31715e-15)
(-4.28553e-06 -9.06158e-07 -3.54365e-15)
(-4.67868e-06 -1.12054e-06 -8.04408e-15)
(-5.16946e-06 -1.27851e-06 4.41165e-15)
(-5.80636e-06 -1.38806e-06 1.77981e-15)
(-6.28117e-06 -1.55006e-06 -2.29361e-15)
(-6.64918e-06 -1.75353e-06 1.50392e-15)
(-6.54896e-06 -2.11297e-06 3.57004e-15)
(-5.92328e-06 -2.48822e-06 3.93267e-15)
(3.24276e-07 1.63001e-06 4.12949e-16)
(1.14592e-07 1.58398e-06 -1.22727e-15)
(-1.20581e-07 1.5473e-06 -1.36385e-15)
(-3.91822e-07 1.53095e-06 -8.91931e-16)
(-6.79499e-07 1.4878e-06 1.35939e-15)
(-9.99114e-07 1.41196e-06 -6.33317e-15)
(-1.34915e-06 1.29201e-06 1.83084e-15)
(-1.70444e-06 1.12038e-06 5.59927e-15)
(-2.01152e-06 8.82411e-07 6.97684e-15)
(-2.28707e-06 6.13345e-07 -1.04814e-14)
(-2.59471e-06 3.71668e-07 -8.94622e-16)
(-2.91349e-06 1.3161e-07 4.19817e-15)
(-3.15143e-06 -1.38784e-07 -8.98145e-15)
(-3.32825e-06 -4.12882e-07 3.99898e-16)
(-3.53015e-06 -6.31221e-07 5.87786e-15)
(-3.79179e-06 -8.1423e-07 -2.50141e-15)
(-4.20508e-06 -9.59205e-07 -3.78417e-15)
(-4.67192e-06 -1.06689e-06 -3.53446e-15)
(-5.21554e-06 -1.18478e-06 6.24679e-15)
(-5.89312e-06 -1.29917e-06 -1.08744e-15)
(-6.07197e-06 -1.55003e-06 -5.58949e-15)
(-5.86907e-06 -1.87823e-06 6.15151e-15)
(-5.36935e-06 -2.29409e-06 -5.9998e-15)
(3.00603e-07 1.4702e-06 1.85781e-16)
(1.08999e-07 1.42538e-06 -4.36574e-16)
(-1.08247e-07 1.39396e-06 1.1072e-15)
(-3.54072e-07 1.3712e-06 3.83264e-15)
(-6.17409e-07 1.332e-06 -1.996e-15)
(-9.03189e-07 1.25608e-06 5.46143e-15)
(-1.22401e-06 1.14663e-06 -2.53394e-15)
(-1.54085e-06 9.84265e-07 -4.93106e-15)
(-1.81852e-06 7.60228e-07 1.00485e-14)
(-2.06977e-06 5.18355e-07 1.31344e-14)
(-2.34994e-06 2.99175e-07 -1.06908e-14)
(-2.61999e-06 8.01257e-08 -5.58445e-15)
(-2.81363e-06 -1.69265e-07 -6.0856e-16)
(-2.9995e-06 -3.95154e-07 8.6261e-15)
(-3.184e-06 -5.80079e-07 -1.36205e-15)
(-3.43706e-06 -7.30722e-07 -1.06277e-14)
(-3.77292e-06 -8.58874e-07 6.13758e-15)
(-4.22534e-06 -9.54327e-07 4.18406e-15)
(-4.79958e-06 -1.0433e-06 -1.24505e-15)
(-5.20273e-06 -1.21253e-06 7.31085e-16)
(-5.54408e-06 -1.43317e-06 -2.6804e-15)
(-5.39116e-06 -1.74732e-06 -1.61202e-15)
(-4.82549e-06 -2.14228e-06 5.54653e-15)
(2.77763e-07 1.33123e-06 6.96516e-17)
(1.01903e-07 1.29698e-06 -1.00498e-16)
(-9.7024e-08 1.26366e-06 2.0574e-15)
(-3.23512e-07 1.23972e-06 -4.19481e-15)
(-5.58735e-07 1.19286e-06 4.17502e-16)
(-8.20133e-07 1.11894e-06 -4.41778e-15)
(-1.10264e-06 1.01018e-06 -7.65796e-15)
(-1.39318e-06 8.56539e-07 -6.82575e-16)
(-1.64193e-06 6.52397e-07 -1.28528e-14)
(-1.86415e-06 4.24689e-07 -5.38942e-16)
(-2.10801e-06 2.25206e-07 2.92168e-15)
(-2.36052e-06 3.33419e-08 2.15946e-15)
(-2.55035e-06 -1.77542e-07 1.48772e-15)
(-2.69636e-06 -3.90809e-07 -6.67337e-15)
(-2.86717e-06 -5.59608e-07 -2.59519e-15)
(-3.08408e-06 -7.00185e-07 -3.92025e-15)
(-3.43608e-06 -8.07678e-07 8.10509e-15)
(-3.83597e-06 -8.91391e-07 6.77033e-16)
(-4.28852e-06 -1.00021e-06 -1.38381e-15)
(-4.84527e-06 -1.11614e-06 2.17703e-15)
(-4.9633e-06 -1.35106e-06 2.22723e-16)
(-4.78006e-06 -1.6717e-06 -7.19849e-16)
(-4.36974e-06 -1.97689e-06 -3.76236e-15)
(2.53841e-07 1.2068e-06 -3.70945e-16)
(9.27737e-08 1.17318e-06 5.86422e-16)
(-8.89716e-08 1.14685e-06 -1.86434e-15)
(-2.93438e-07 1.11923e-06 1.04139e-15)
(-5.09186e-07 1.07312e-06 -3.98368e-16)
(-7.40091e-07 9.9614e-07 4.8045e-15)
(-9.98343e-07 8.90302e-07 2.60434e-16)
(-1.25184e-06 7.42081e-07 -6.32199e-15)
(-1.47564e-06 5.46473e-07 1.42239e-15)
(-1.6767e-06 3.43379e-07 -6.62119e-15)
(-1.90102e-06 1.65236e-07 4.3442e-15)
(-2.1159e-06 -6.30696e-09 8.24382e-15)
(-2.27233e-06 -2.01423e-07 8.09931e-15)
(-2.42777e-06 -3.77753e-07 -3.7417e-17)
(-2.58519e-06 -5.25453e-07 -4.09514e-15)
(-2.80322e-06 -6.47649e-07 -5.44021e-15)
(-3.08976e-06 -7.50419e-07 -1.43342e-15)
(-3.47355e-06 -8.29543e-07 6.46686e-15)
(-3.94002e-06 -9.05921e-07 -5.76794e-16)
(-4.23983e-06 -1.0515e-06 2.64732e-15)
(-4.48947e-06 -1.25419e-06 1.98924e-15)
(-4.39076e-06 -1.48581e-06 1.80184e-16)
(-3.9958e-06 -1.76748e-06 2.20924e-16)
(2.33318e-07 1.11205e-06 -4.40107e-18)
(8.47694e-08 1.09181e-06 -2.06805e-17)
(-8.26698e-08 1.06389e-06 -1.03742e-15)
(-2.7084e-07 1.03248e-06 4.86009e-15)
(-4.6335e-07 9.7702e-07 -3.16095e-16)
(-6.72637e-07 8.97024e-07 1.45639e-15)
(-8.97401e-07 7.86885e-07 4.44849e-15)
(-1.12588e-06 6.42946e-07 6.44003e-15)
(-1.3239e-06 4.60121e-07 1.0601e-14)
(-1.50127e-06 2.66639e-07 -6.34226e-17)
(-1.69619e-06 1.05474e-07 -7.3484e-16)
(-1.89928e-06 -4.05472e-08 -5.52483e-15)
(-2.05379e-06 -1.9656e-07 -1.05366e-16)
(-2.17457e-06 -3.53748e-07 3.85198e-15)
(-2.31773e-06 -4.74977e-07 2.04134e-15)
(-2.50347e-06 -5.7645e-07 -4.72431e-15)
(-2.80526e-06 -6.5509e-07 1.59207e-15)
(-3.14553e-06 -7.17243e-07 3.33433e-16)
(-3.5221e-06 -8.06276e-07 -5.1673e-15)
(-3.93555e-06 -9.01503e-07 1.73909e-15)
(-4.02835e-06 -1.0718e-06 1.34e-15)
(-3.9502e-06 -1.26807e-06 6.95178e-16)
(-3.70513e-06 -1.5284e-06 -4.63542e-15)
(-3.26796e-06 -1.78074e-06 1.8676e-15)
(2.06973e-07 1.02866e-06 2.65528e-16)
(7.14021e-08 1.00933e-06 -8.71109e-17)
(-7.94581e-08 9.89357e-07 -6.36208e-16)
(-2.48281e-07 9.57287e-07 -9.60851e-16)
(-4.23769e-07 9.02305e-07 -2.05287e-15)
(-6.09062e-07 8.16707e-07 -5.79848e-15)
(-8.11407e-07 7.06647e-07 -4.76529e-15)
(-1.00833e-06 5.61466e-07 5.62838e-15)
(-1.1832e-06 3.81979e-07 -6.04837e-15)
(-1.34409e-06 2.04932e-07 -7.33805e-16)
(-1.52503e-06 5.99836e-08 -2.1723e-15)
(-1.69998e-06 -6.90999e-08 2.0334e-15)
(-1.8308e-06 -2.08662e-07 -5.93431e-15)
(-1.96577e-06 -3.28683e-07 -1.19537e-15)
(-2.10233e-06 -4.2469e-07 -1.5353e-16)
(-2.28805e-06 -5.03648e-07 -2.07063e-15)
(-2.53211e-06 -5.73728e-07 5.64741e-15)
(-2.85229e-06 -6.30339e-07 6.52481e-15)
(-3.24107e-06 -6.8907e-07 -3.82088e-15)
(-3.50028e-06 -8.00679e-07 -2.57281e-15)
(-3.73917e-06 -9.28001e-07 2.04051e-15)
(-3.6198e-06 -1.11004e-06 6.09499e-16)
(-3.29496e-06 -1.33824e-06 -2.86249e-15)
(-2.96459e-06 -1.59621e-06 1.66649e-16)
(1.76777e-07 9.62658e-07 -1.79627e-16)
(5.31283e-08 9.49575e-07 2.019e-16)
(-8.17872e-08 9.30086e-07 1.41475e-15)
(-2.34658e-07 8.99399e-07 -2.52921e-15)
(-3.89151e-07 8.39635e-07 2.83731e-15)
(-5.56273e-07 7.53122e-07 -1.33387e-15)
(-7.29061e-07 6.39214e-07 -5.72949e-16)
(-9.04687e-07 4.95577e-07 -9.84877e-15)
(-1.05817e-06 3.237e-07 3.00816e-15)
(-1.19984e-06 1.5068e-07 -6.99474e-15)
(-1.35869e-06 1.44818e-08 1.20312e-16)
(-1.52769e-06 -9.90508e-08 -7.33086e-16)
(-1.66106e-06 -2.13015e-07 6.59461e-15)
(-1.77098e-06 -3.2495e-07 2.78169e-16)
(-1.9014e-06 -4.08537e-07 -1.11758e-15)
(-2.06273e-06 -4.79109e-07 -4.01255e-16)
(-2.31899e-06 -5.33131e-07 -4.11071e-16)
(-2.60522e-06 -5.7674e-07 -4.14191e-15)
(-2.91997e-06 -6.41662e-07 -1.75671e-15)
(-3.27466e-06 -7.1002e-07 3.86046e-15)
(-3.36169e-06 -8.45571e-07 -4.56491e-16)
(-3.31658e-06 -1.01541e-06 4.5262e-15)
(-3.05564e-06 -1.22233e-06 -3.5569e-15)
(-2.6514e-06 -1.47881e-06 3.90834e-15)
(1.63654e-07 8.54294e-07 2.37024e-16)
(5.88967e-08 8.40448e-07 1.92039e-16)
(-6.08423e-08 8.351e-07 1.09929e-15)
(-2.00784e-07 8.17706e-07 3.51434e-15)
(-3.45397e-07 7.7106e-07 1.46023e-15)
(-4.98722e-07 6.90599e-07 3.69839e-15)
(-6.6011e-07 5.82129e-07 4.9545e-15)
(-8.11547e-07 4.41113e-07 -1.77065e-15)
(-9.47799e-07 2.72023e-07 2.78544e-15)
(-1.07509e-06 1.12288e-07 7.85588e-15)
(-1.22219e-06 -1.64528e-08 -5.75444e-16)
(-1.36714e-06 -1.25162e-07 -1.48679e-15)
(-1.48028e-06 -2.3594e-07 -2.60568e-15)
(-1.60046e-06 -3.28152e-07 3.52158e-15)
(-1.72312e-06 -3.98127e-07 4.26577e-16)
(-1.88873e-06 -4.56282e-07 -2.07344e-15)
(-2.10047e-06 -5.0513e-07 5.30735e-16)
(-2.37632e-06 -5.43257e-07 1.63172e-15)
(-2.70952e-06 -5.82366e-07 -2.99144e-15)
(-2.92912e-06 -6.66828e-07 -4.01121e-15)
(-3.12772e-06 -7.71851e-07 5.85246e-16)
(-3.00842e-06 -9.34752e-07 1.91651e-15)
(-2.69526e-06 -1.16662e-06 1.69819e-15)
(-2.3854e-06 -1.39604e-06 -1.11643e-15)
(1.33444e-07 7.77004e-07 5.44735e-17)
(3.58421e-08 7.69879e-07 1.75356e-16)
(-6.90531e-08 7.62486e-07 -7.2825e-16)
(-1.90247e-07 7.47568e-07 -1.8743e-15)
(-3.15136e-07 7.02339e-07 -7.87931e-15)
(-4.50843e-07 6.29744e-07 5.50586e-16)
(-5.90192e-07 5.25653e-07 -3.2033e-16)
(-7.27279e-07 3.94528e-07 7.33563e-15)
(-8.49849e-07 2.37796e-07 -1.01346e-14)
(-9.64916e-07 8.15876e-08 4.55033e-15)
(-1.09303e-06 -4.33771e-08 7.03712e-16)
(-1.23115e-06 -1.45028e-07 -3.86941e-15)
(-1.34338e-06 -2.44029e-07 -6.79269e-16)
(-1.43883e-06 -3.2884e-07 2.86514e-16)
(-1.55313e-06 -3.90762e-07 -4.24222e-16)
(-1.69351e-06 -4.34357e-07 -1.75432e-15)
(-1.91819e-06 -4.69389e-07 -2.06213e-15)
(-2.16666e-06 -4.93706e-07 2.7226e-15)
(-2.44126e-06 -5.41743e-07 4.79502e-15)
(-2.74058e-06 -5.96889e-07 -1.51424e-15)
(-2.7966e-06 -7.18854e-07 -1.14893e-15)
(-2.71202e-06 -8.89721e-07 1.0706e-15)
(-2.44563e-06 -1.11114e-06 -3.39527e-16)
(-2.0866e-06 -1.37311e-06 -6.20241e-16)
(1.19406e-07 7.24227e-07 -1.03565e-16)
(3.30889e-08 7.20333e-07 5.46809e-16)
(-6.24628e-08 7.12695e-07 -8.82705e-16)
(-1.71845e-07 6.93827e-07 -2.47448e-16)
(-2.83799e-07 6.50152e-07 3.5457e-15)
(-4.04499e-07 5.7624e-07 -2.36221e-15)
(-5.27051e-07 4.75519e-07 5.13362e-15)
(-6.45562e-07 3.46764e-07 -1.89688e-15)
(-7.58557e-07 1.97665e-07 -1.29553e-15)
(-8.64411e-07 6.03385e-08 2.02054e-15)
(-9.87406e-07 -5.74029e-08 2.32818e-15)
(-1.10519e-06 -1.62275e-07 -8.87236e-16)
(-1.20474e-06 -2.58604e-07 3.11934e-15)
(-1.30939e-06 -3.33753e-07 3.91512e-17)
(-1.41718e-06 -3.77337e-07 3.56525e-15)
(-1.56142e-06 -4.19648e-07 9.38577e-16)
(-1.73972e-06 -4.47142e-07 -2.72213e-15)
(-1.9749e-06 -4.74558e-07 2.81382e-15)
(-2.25202e-06 -5.03219e-07 1.36995e-15)
(-2.42948e-06 -5.85998e-07 -8.17051e-16)
(-2.55478e-06 -6.98535e-07 -4.92452e-15)
(-2.38332e-06 -8.99463e-07 -1.77494e-15)
(-2.05647e-06 -1.1794e-06 1.32034e-15)
(-1.8169e-06 -1.43703e-06 7.01036e-16)
(1.00891e-07 7.55555e-07 4.94276e-17)
(1.85379e-08 7.4911e-07 -3.49337e-17)
(-6.97061e-08 7.26783e-07 -2.71402e-16)
(-1.68518e-07 6.91032e-07 2.73478e-15)
(-2.62915e-07 6.26603e-07 -1.39451e-16)
(-3.58154e-07 5.40732e-07 2.66869e-15)
(-4.45254e-07 4.28351e-07 2.07008e-15)
(-5.34665e-07 2.91952e-07 3.09021e-15)
(-6.53266e-07 1.48501e-07 -8.80439e-16)
(-7.69005e-07 2.40454e-08 -1.7554e-15)
(-8.85013e-07 -8.74046e-08 -4.48619e-16)
(-1.01037e-06 -1.89808e-07 -3.10485e-15)
(-1.10898e-06 -2.75756e-07 -1.2048e-15)
(-1.20491e-06 -3.50115e-07 3.56446e-15)
(-1.30126e-06 -4.02437e-07 -3.07604e-15)
(-1.42218e-06 -4.42579e-07 8.18155e-15)
(-1.61255e-06 -4.73361e-07 -4.55127e-15)
(-1.81183e-06 -4.91327e-07 -2.18175e-15)
(-2.02439e-06 -5.46187e-07 9.06709e-15)
(-2.23662e-06 -6.20817e-07 -4.19328e-15)
(-2.19481e-06 -8.02113e-07 -1.93872e-15)
(-1.98219e-06 -1.07182e-06 1.4496e-15)
(-1.72666e-06 -1.30443e-06 3.18569e-15)
(-1.52306e-06 -1.5349e-06 1.04481e-15)
(-1.40374e-06 -1.67972e-06 -2.51973e-15)
(8.84612e-08 5.21305e-07 -2.2304e-16)
(3.65922e-08 5.10358e-07 -2.7504e-16)
(-2.37452e-08 5.12776e-07 -2.76044e-16)
(-1.03004e-07 5.18023e-07 -1.39225e-15)
(-1.89066e-07 5.00754e-07 -1.58623e-15)
(-2.83041e-07 4.59939e-07 -2.59672e-15)
(-3.77757e-07 3.84898e-07 -2.40525e-16)
(-4.5089e-07 2.61273e-07 -5.74528e-15)
(-5.6733e-07 1.07508e-07 7.03472e-15)
(-6.74227e-07 -2.35624e-10 -5.91825e-15)
(-7.8376e-07 -1.04468e-07 1.35626e-15)
(-8.91852e-07 -2.04894e-07 -1.37069e-15)
(-9.88965e-07 -3.02085e-07 -4.71241e-15)
(-1.08733e-06 -3.73826e-07 2.1071e-15)
(-1.19069e-06 -4.37525e-07 4.30108e-15)
(-1.31223e-06 -4.86548e-07 -4.52759e-15)
(-1.47386e-06 -5.36288e-07 4.22664e-15)
(-1.65382e-06 -5.83606e-07 5.98975e-16)
(-1.83826e-06 -6.55151e-07 9.61685e-16)
(-1.87183e-06 -8.01936e-07 -3.6934e-15)
(-1.77718e-06 -1.0344e-06 -9.76575e-16)
(-1.60808e-06 -1.22267e-06 2.70006e-15)
(-1.44596e-06 -1.40877e-06 1.58475e-15)
(-1.34087e-06 -1.54766e-06 -1.87813e-15)
(-1.25904e-06 -1.6229e-06 1.81651e-15)
(1.42515e-07 5.23885e-07 2.04102e-17)
(7.98374e-08 5.14042e-07 -3.9721e-16)
(4.36481e-09 5.03636e-07 -2.22245e-16)
(-8.67073e-08 4.90325e-07 -6.70567e-16)
(-1.72867e-07 4.5181e-07 1.46036e-15)
(-2.60565e-07 3.93581e-07 2.5241e-15)
(-3.2911e-07 3.1003e-07 2.75973e-16)
(-3.50631e-07 1.91748e-07 -2.88513e-15)
(-4.2281e-07 6.9866e-08 9.24327e-16)
(-5.61869e-07 -9.46435e-09 2.56345e-15)
(-6.7942e-07 -9.91985e-08 -4.55359e-15)
(-7.93768e-07 -2.00162e-07 1.4331e-15)
(-8.95643e-07 -2.899e-07 1.65214e-15)
(-9.81425e-07 -3.73656e-07 3.23669e-16)
(-1.06729e-06 -4.4942e-07 2.00032e-15)
(-1.17203e-06 -5.26367e-07 -1.84092e-15)
(-1.3172e-06 -5.97793e-07 -5.19107e-15)
(-1.46373e-06 -6.85226e-07 3.28531e-15)
(-1.56023e-06 -8.04225e-07 -1.8261e-15)
(-1.56894e-06 -9.85669e-07 -2.01963e-15)
(-1.49822e-06 -1.13688e-06 2.65709e-15)
(-1.41044e-06 -1.27931e-06 -1.71744e-15)
(-1.30892e-06 -1.37281e-06 1.36782e-15)
(-1.27326e-06 -1.43689e-06 -2.64071e-15)
(-1.18501e-06 -1.49955e-06 1.86259e-15)
(1.27151e-07 4.8593e-07 3.93855e-17)
(5.77374e-08 4.76171e-07 -1.27313e-16)
(-1.99333e-08 4.57993e-07 -1.25825e-16)
(-1.04777e-07 4.30881e-07 9.6885e-16)
(-1.83993e-07 3.85026e-07 -1.20097e-15)
(-2.54715e-07 3.23311e-07 -1.03565e-15)
(-3.10908e-07 2.48158e-07 7.99007e-17)
(-3.02001e-07 1.39157e-07 -8.85768e-16)
(-3.05574e-07 1.89183e-08 -1.48413e-15)
(-4.33688e-07 -2.16972e-08 1.64828e-15)
(-5.60258e-07 -8.48779e-08 -1.45518e-15)
(-6.75879e-07 -1.73779e-07 -6.25499e-15)
(-7.78023e-07 -2.62835e-07 6.50205e-16)
(-8.68576e-07 -3.50368e-07 -5.54509e-16)
(-9.4546e-07 -4.37657e-07 5.84308e-16)
(-1.03298e-06 -5.13673e-07 4.03601e-15)
(-1.14142e-06 -6.0023e-07 -1.9417e-15)
(-1.24717e-06 -6.93244e-07 2.20625e-16)
(-1.31227e-06 -8.1897e-07 -2.44297e-15)
(-1.33183e-06 -9.50297e-07 -7.23007e-16)
(-1.30945e-06 -1.07378e-06 2.4113e-15)
(-1.25752e-06 -1.16027e-06 1.19351e-17)
(-1.26362e-06 -1.2065e-06 -2.7097e-15)
(-1.20508e-06 -1.28752e-06 -1.10112e-15)
(-1.09416e-06 -1.36811e-06 1.16023e-15)
(1.09057e-07 4.24433e-07 1.32115e-16)
(4.23754e-08 4.17814e-07 -8.37425e-17)
(-3.15468e-08 3.9872e-07 6.53617e-16)
(-1.09763e-07 3.71233e-07 8.1599e-17)
(-1.78847e-07 3.24943e-07 2.31113e-15)
(-2.40861e-07 2.67775e-07 1.02478e-15)
(-2.87249e-07 2.03939e-07 -2.11017e-15)
(-2.71206e-07 1.0496e-07 2.77977e-16)
(-2.32727e-07 -2.18095e-08 4.32348e-15)
(-3.31844e-07 -4.72727e-08 7.67935e-16)
(-4.48219e-07 -8.00952e-08 2.80933e-15)
(-5.62259e-07 -1.52056e-07 4.03816e-16)
(-6.64211e-07 -2.32453e-07 -1.35508e-15)
(-7.43315e-07 -3.22841e-07 3.63591e-15)
(-8.15316e-07 -4.04985e-07 4.1473e-15)
(-8.8611e-07 -4.80702e-07 -1.53744e-15)
(-9.72657e-07 -5.54207e-07 5.52273e-16)
(-1.04483e-06 -6.35947e-07 -9.60699e-16)
(-1.09677e-06 -7.31896e-07 1.15114e-15)
(-1.11327e-06 -8.40886e-07 1.4477e-15)
(-1.13034e-06 -9.21743e-07 5.15458e-16)
(-1.17426e-06 -9.67894e-07 1.1314e-15)
(-1.13901e-06 -1.0291e-06 3.97845e-16)
(-1.10108e-06 -1.11499e-06 -3.78175e-16)
(-1.0182e-06 -1.19097e-06 -2.88521e-16)
(9.64847e-08 3.84986e-07 3.05299e-17)
(3.07514e-08 3.83127e-07 3.85715e-16)
(-3.87087e-08 3.64983e-07 -6.41275e-16)
(-1.10224e-07 3.32982e-07 -1.02246e-15)
(-1.72128e-07 2.85874e-07 -3.17907e-16)
(-2.23582e-07 2.29984e-07 8.13221e-16)
(-2.66703e-07 1.75704e-07 -5.22665e-15)
(-2.46929e-07 8.44673e-08 2.10876e-15)
(-1.81648e-07 -5.21589e-08 3.73092e-15)
(-2.59529e-07 -7.05265e-08 3.87564e-15)
(-3.60859e-07 -7.9976e-08 -1.60965e-15)
(-4.59656e-07 -1.4389e-07 -1.311e-15)
(-5.49403e-07 -2.16835e-07 1.1561e-15)
(-6.28216e-07 -3.01031e-07 -8.40562e-16)
(-6.90805e-07 -3.74146e-07 -1.68949e-16)
(-7.59842e-07 -4.37988e-07 -1.72334e-17)
(-8.23867e-07 -4.94071e-07 -2.87503e-15)
(-8.76956e-07 -5.5711e-07 5.70599e-15)
(-8.96248e-07 -6.32017e-07 -3.7903e-16)
(-9.42727e-07 -6.96572e-07 1.23343e-15)
(-1.00884e-06 -7.40415e-07 -6.95201e-16)
(-1.02521e-06 -7.9215e-07 -1.19675e-15)
(-1.06263e-06 -8.37782e-07 -1.00525e-15)
(-1.0114e-06 -9.30503e-07 -1.33335e-17)
(-9.01889e-07 -1.02861e-06 -2.66155e-16)
(7.96026e-08 3.33618e-07 2.15057e-17)
(2.20805e-08 3.32198e-07 -8.74754e-17)
(-4.20775e-08 3.19329e-07 -9.23921e-17)
(-1.06059e-07 2.93931e-07 1.74993e-16)
(-1.60863e-07 2.52023e-07 -5.68339e-16)
(-2.06842e-07 2.02822e-07 -1.48711e-15)
(-2.44583e-07 1.57448e-07 4.61589e-16)
(-2.31547e-07 7.73887e-08 -2.9259e-15)
(-1.45869e-07 -6.73041e-08 -1.94915e-15)
(-2.02632e-07 -9.17908e-08 -2.25896e-15)
(-2.86742e-07 -8.65658e-08 1.17254e-15)
(-3.76696e-07 -1.39247e-07 3.08237e-15)
(-4.53205e-07 -2.02555e-07 -5.59899e-16)
(-5.19722e-07 -2.81779e-07 -3.11583e-16)
(-5.82027e-07 -3.42699e-07 -2.9288e-15)
(-6.49999e-07 -3.8886e-07 2.29956e-15)
(-7.13781e-07 -4.36016e-07 7.05611e-16)
(-7.45115e-07 -4.74163e-07 -4.56721e-15)
(-7.8606e-07 -5.18327e-07 4.30971e-17)
(-8.21813e-07 -5.46796e-07 9.42468e-16)
(-8.68191e-07 -5.90782e-07 3.43743e-15)
(-9.46454e-07 -6.1522e-07 -9.64253e-16)
(-9.18784e-07 -6.84008e-07 5.02819e-16)
(-8.62083e-07 -7.85686e-07 9.04211e-16)
(-7.95172e-07 -8.72324e-07 2.74718e-16)
(6.52053e-08 3.21333e-07 -5.4333e-17)
(9.01904e-09 3.2921e-07 -3.99468e-16)
(-5.10106e-08 3.1578e-07 2.52447e-16)
(-1.08494e-07 2.86111e-07 9.69574e-16)
(-1.56263e-07 2.42199e-07 2.02016e-15)
(-1.9409e-07 1.93179e-07 -7.1452e-16)
(-2.28983e-07 1.51613e-07 3.13009e-15)
(-2.18916e-07 8.01294e-08 -9.11468e-16)
(-1.19999e-07 -7.44952e-08 -1.89669e-15)
(-1.6178e-07 -1.05791e-07 -6.24846e-16)
(-2.33024e-07 -8.89163e-08 -3.05163e-15)
(-3.03021e-07 -1.35398e-07 9.88056e-16)
(-3.64444e-07 -1.92983e-07 1.25442e-15)
(-4.2827e-07 -2.58333e-07 -2.2698e-16)
(-4.89705e-07 -3.05904e-07 -7.50956e-16)
(-5.57525e-07 -3.46289e-07 -1.57265e-15)
(-6.24926e-07 -3.8064e-07 4.5096e-15)
(-6.72809e-07 -4.09704e-07 -2.97707e-15)
(-7.00015e-07 -4.39546e-07 3.05597e-16)
(-7.36662e-07 -4.63999e-07 1.17247e-15)
(-7.93965e-07 -4.80944e-07 -1.94148e-15)
(-7.97714e-07 -5.17598e-07 -6.41286e-17)
(-8.01144e-07 -5.72622e-07 5.16488e-17)
(-7.55378e-07 -6.61432e-07 1.42676e-15)
(-6.65483e-07 -7.60048e-07 1.12549e-15)
(4.92706e-08 2.9258e-07 6.38913e-18)
(-1.0113e-09 2.97649e-07 -3.5611e-17)
(-5.1776e-08 2.8954e-07 -2.76084e-16)
(-1.04557e-07 2.66237e-07 2.6661e-16)
(-1.45589e-07 2.28351e-07 -5.47442e-16)
(-1.79224e-07 1.83885e-07 2.59207e-16)
(-2.09326e-07 1.46805e-07 -4.08218e-16)
(-2.08865e-07 8.70775e-08 1.69973e-15)
(-9.95935e-08 -7.53428e-08 -1.92094e-16)
(-1.28169e-07 -1.18412e-07 2.12151e-15)
(-1.86604e-07 -9.28704e-08 5.10006e-16)
(-2.48443e-07 -1.33606e-07 -3.98415e-16)
(-2.97344e-07 -1.80131e-07 3.44859e-15)
(-3.49536e-07 -2.35542e-07 -2.78939e-15)
(-4.08226e-07 -2.77383e-07 3.71807e-16)
(-4.7693e-07 -3.08778e-07 5.63739e-15)
(-5.46028e-07 -3.40308e-07 -3.10084e-15)
(-5.88004e-07 -3.6326e-07 -5.11443e-15)
(-6.41135e-07 -3.83162e-07 3.28012e-15)
(-6.85094e-07 -3.92831e-07 -5.88734e-16)
(-7.10441e-07 -4.17539e-07 -5.34905e-16)
(-7.46093e-07 -4.40082e-07 9.65862e-16)
(-6.81445e-07 -5.07786e-07 -1.93617e-15)
(-5.99098e-07 -6.1633e-07 1.61272e-15)
(-5.54082e-07 -7.05025e-07 -4.31351e-16)
(3.66645e-08 2.94815e-07 -7.05506e-18)
(-1.23514e-08 3.03966e-07 2.6091e-17)
(-5.70207e-08 2.93574e-07 1.43194e-16)
(-1.07984e-07 2.67331e-07 4.09807e-16)
(-1.42451e-07 2.27743e-07 3.65218e-16)
(-1.66122e-07 1.82138e-07 -4.82786e-16)
(-1.92501e-07 1.43207e-07 -4.65951e-16)
(-1.90753e-07 8.80744e-08 -6.91266e-17)
(-8.09271e-08 -7.58273e-08 -9.49869e-16)
(-1.01195e-07 -1.2754e-07 4.05305e-16)
(-1.51409e-07 -9.76141e-08 1.55901e-15)
(-1.98659e-07 -1.32947e-07 -1.30491e-15)
(-2.38877e-07 -1.73882e-07 -4.44798e-16)
(-2.85481e-07 -2.18039e-07 2.48675e-15)
(-3.41773e-07 -2.53067e-07 -3.97562e-16)
(-4.07218e-07 -2.79373e-07 7.08244e-16)
(-4.82919e-07 -3.07003e-07 -5.74269e-16)
(-5.46172e-07 -3.23833e-07 3.63345e-16)
(-5.95652e-07 -3.38403e-07 1.86724e-16)
(-6.30877e-07 -3.606e-07 -1.01604e-15)
(-6.59756e-07 -3.82508e-07 -2.92009e-16)
(-6.0972e-07 -4.36512e-07 8.8112e-16)
(-5.30706e-07 -5.28419e-07 6.80104e-16)
(-4.69929e-07 -6.10224e-07 -4.52373e-16)
(-4.32618e-07 -6.8864e-07 -6.25872e-16)
(-4.16587e-07 -7.1344e-07 -6.4121e-16)
(2.17371e-08 2.07954e-07 -5.90526e-17)
(-9.81751e-09 2.09466e-07 1.09811e-16)
(-4.80483e-08 2.10893e-07 -2.07268e-16)
(-9.07938e-08 2.02763e-07 4.98823e-16)
(-1.2056e-07 1.84144e-07 -2.45198e-16)
(-1.38777e-07 1.51713e-07 -6.04628e-17)
(-1.62399e-07 1.24085e-07 4.34817e-16)
(-1.69649e-07 8.3888e-08 -1.14264e-15)
(-6.04244e-08 -7.69598e-08 3.72648e-17)
(-7.29954e-08 -1.38965e-07 -1.18326e-15)
(-1.17602e-07 -1.03716e-07 1.17805e-17)
(-1.59197e-07 -1.33929e-07 -1.062e-15)
(-1.92334e-07 -1.66266e-07 3.2996e-17)
(-2.30094e-07 -2.03877e-07 1.4638e-15)
(-2.82629e-07 -2.29832e-07 -3.32423e-16)
(-3.44842e-07 -2.56704e-07 -3.8521e-15)
(-4.17616e-07 -2.82058e-07 3.4906e-15)
(-4.84154e-07 -3.09273e-07 -1.24984e-15)
(-5.38737e-07 -3.36599e-07 -1.63417e-15)
(-5.72232e-07 -3.73578e-07 1.95665e-15)
(-5.48187e-07 -4.20597e-07 2.77367e-16)
(-4.78748e-07 -4.9078e-07 -1.18565e-15)
(-4.05169e-07 -5.43205e-07 -1.13136e-15)
(-3.69795e-07 -6.06069e-07 2.48143e-15)
(-3.63177e-07 -6.48691e-07 -1.04601e-15)
(-3.58637e-07 -6.56544e-07 -1.14419e-15)
(1.27772e-08 1.99989e-07 3.53317e-17)
(-1.75474e-08 2.08882e-07 8.33354e-18)
(-6.21181e-08 1.9709e-07 -3.20321e-17)
(-9.15672e-08 1.83761e-07 -3.69453e-17)
(-1.16018e-07 1.60774e-07 -1.08496e-15)
(-1.25888e-07 1.26229e-07 8.66078e-16)
(-1.38162e-07 9.47821e-08 5.9873e-16)
(-1.45445e-07 5.88203e-08 -4.48598e-16)
(-4.22282e-08 -8.09888e-08 1.80549e-16)
(-4.75428e-08 -1.48277e-07 6.15885e-16)
(-8.8488e-08 -1.08356e-07 -7.81527e-18)
(-1.19778e-07 -1.3525e-07 -3.64603e-16)
(-1.4925e-07 -1.60951e-07 -1.96995e-15)
(-1.85638e-07 -1.87939e-07 3.53345e-15)
(-2.30237e-07 -2.11161e-07 -1.01304e-15)
(-2.84858e-07 -2.35791e-07 6.91499e-16)
(-3.45311e-07 -2.66663e-07 -2.47821e-16)
(-4.01075e-07 -2.98687e-07 -2.51805e-15)
(-4.38655e-07 -3.3939e-07 1.99315e-15)
(-4.5525e-07 -3.87352e-07 -9.85761e-16)
(-4.32534e-07 -4.41681e-07 -1.73967e-15)
(-3.91994e-07 -4.86559e-07 3.19184e-15)
(-3.58572e-07 -5.28477e-07 1.97513e-15)
(-3.22213e-07 -5.74847e-07 -1.71529e-15)
(-3.22332e-07 -6.06735e-07 5.26713e-16)
(-3.14288e-07 -6.12829e-07 -7.66828e-17)
(1.28746e-08 1.76429e-07 -7.04876e-17)
(-2.22792e-08 1.76169e-07 -1.09904e-16)
(-5.48887e-08 1.70027e-07 -9.97208e-17)
(-8.23991e-08 1.61446e-07 5.0033e-16)
(-1.02462e-07 1.4074e-07 -7.79412e-16)
(-1.10647e-07 1.07539e-07 7.14978e-16)
(-1.17167e-07 7.38625e-08 5.10732e-16)
(-1.31887e-07 4.32437e-08 -3.64716e-16)
(-2.74342e-08 -9.10676e-08 -7.4675e-16)
(-2.26409e-08 -1.63056e-07 3.42731e-16)
(-6.1095e-08 -1.16236e-07 1.3646e-16)
(-8.7913e-08 -1.37541e-07 -3.68307e-16)
(-1.12932e-07 -1.52219e-07 -3.47161e-16)
(-1.4269e-07 -1.75893e-07 -7.64107e-17)
(-1.81472e-07 -1.92961e-07 4.07218e-15)
(-2.25593e-07 -2.16926e-07 -1.66265e-15)
(-2.74106e-07 -2.46677e-07 -3.46336e-15)
(-3.17069e-07 -2.80522e-07 -6.45525e-16)
(-3.46269e-07 -3.22219e-07 3.38236e-15)
(-3.58574e-07 -3.70416e-07 7.82235e-16)
(-3.49619e-07 -4.21841e-07 -8.37854e-16)
(-3.10851e-07 -4.71882e-07 -1.60249e-16)
(-2.7402e-07 -5.16799e-07 3.40712e-15)
(-2.78693e-07 -5.58936e-07 -1.51574e-15)
(-2.82529e-07 -5.97051e-07 -1.76803e-15)
(-2.70883e-07 -6.11702e-07 2.61047e-16)
(1.80003e-09 2.98912e-07 -1.26606e-16)
(-3.69287e-08 2.97248e-07 -3.29487e-16)
(-7.139e-08 2.79832e-07 1.6822e-16)
(-1.03362e-07 2.4872e-07 1.10757e-18)
(-1.20758e-07 2.03992e-07 4.19511e-16)
(-1.20308e-07 1.41307e-07 -6.32277e-16)
(-9.90449e-08 6.93303e-08 7.54979e-16)
(-8.00857e-08 -2.6152e-10 -6.90712e-16)
(-1.1235e-08 -1.17353e-07 -4.043e-17)
(-2.21592e-09 -1.86472e-07 5.66776e-16)
(-3.90087e-08 -1.28313e-07 -5.3751e-16)
(-5.76168e-08 -1.4649e-07 -2.46892e-15)
(-7.86077e-08 -1.57648e-07 2.03949e-15)
(-1.04961e-07 -1.74042e-07 1.1856e-15)
(-1.35168e-07 -1.87117e-07 -2.87093e-15)
(-1.69935e-07 -2.05993e-07 1.83077e-15)
(-2.03751e-07 -2.33356e-07 -4.17852e-16)
(-2.33773e-07 -2.62151e-07 -1.32307e-15)
(-2.48768e-07 -3.02234e-07 8.5482e-16)
(-2.49103e-07 -3.45965e-07 2.50024e-15)
(-2.28822e-07 -3.97961e-07 1.92887e-15)
(-2.19848e-07 -4.39496e-07 -3.30103e-15)
(-2.35252e-07 -4.73197e-07 -7.39291e-16)
(-2.24619e-07 -5.28459e-07 1.18762e-15)
(-2.18693e-07 -5.83549e-07 4.56651e-16)
(-2.10591e-07 -6.03874e-07 -1.926e-16)
(-3.65185e-09 3.86927e-08 -2.18146e-18)
(-3.6991e-09 3.07852e-08 -1.89938e-17)
(-6.60436e-09 3.42507e-08 6.407e-17)
(-1.26845e-08 4.19012e-08 -1.31786e-16)
(-1.90729e-08 4.28593e-08 1.95427e-16)
(-2.26039e-08 3.64561e-08 -6.77419e-17)
(-2.08749e-08 2.41554e-08 -1.30237e-16)
(-1.58233e-08 2.00593e-08 -5.09584e-17)
(1.03098e-08 -1.07777e-07 2.43241e-16)
(1.4488e-08 -1.97606e-07 1.07512e-15)
(-2.11515e-08 -1.19001e-07 -8.59021e-16)
(-3.06231e-08 -1.51532e-07 -2.20892e-15)
(-4.7347e-08 -1.68239e-07 2.43701e-15)
(-6.7656e-08 -1.97304e-07 1.60387e-15)
(-9.12758e-08 -2.25784e-07 -4.514e-15)
(-1.15573e-07 -2.60502e-07 3.35292e-16)
(-1.39797e-07 -3.04122e-07 9.82185e-16)
(-1.57436e-07 -3.46331e-07 8.47219e-16)
(-1.68548e-07 -3.95426e-07 3.79154e-15)
(-1.60625e-07 -4.43706e-07 -3.38652e-15)
(-1.53666e-07 -4.90961e-07 5.5018e-16)
(-1.51034e-07 -5.2454e-07 5.1314e-15)
(-1.33242e-07 -5.74569e-07 -4.06603e-15)
(-1.24152e-07 -6.45251e-07 -2.03093e-15)
(-1.22156e-07 -7.13925e-07 1.47256e-16)
(-1.20593e-07 -7.55081e-07 1.93698e-15)
)
;

boundaryField
{
    inlet
    {
        type            calculated;
        value           nonuniform List<vector> 
26
(
(-0.0013267 3.87029e-08 -2.18146e-18)
(-0.00283213 3.07867e-08 -1.89938e-17)
(-0.00382262 3.4252e-08 6.407e-17)
(-0.00396408 4.19015e-08 -1.31786e-16)
(-0.00265528 4.2859e-08 1.95427e-16)
(0.000594338 3.64571e-08 -6.77419e-17)
(0.0048939 2.41579e-08 -1.30237e-16)
(-0.00096654 2.00611e-08 -5.09584e-17)
(1.031e-08 -0.00436664 2.43241e-16)
(1.44996e-08 0.0475344 1.07512e-15)
(-2.11106e-08 0.0920288 -8.59021e-16)
(-3.05729e-08 0.148879 -2.20892e-15)
(-4.72341e-08 0.214385 2.43701e-15)
(-6.75949e-08 0.282869 1.60387e-15)
(-9.10243e-08 0.344487 -4.514e-15)
(-1.15453e-07 0.393896 3.35292e-16)
(-1.39321e-07 0.430382 9.82185e-16)
(-1.57195e-07 0.453258 8.47219e-16)
(-1.67847e-07 0.465554 3.79154e-15)
(-1.60044e-07 0.470979 -3.38652e-15)
(-1.53406e-07 0.472707 5.5018e-16)
(-1.50143e-07 0.47338 5.1314e-15)
(-1.32729e-07 0.477221 -4.06603e-15)
(-1.23111e-07 0.490557 -2.03093e-15)
(-1.2128e-07 0.515275 1.47256e-16)
(-1.19287e-07 0.54167 1.93698e-15)
)
;
    }
    outlet
    {
        type            calculated;
        value           nonuniform List<vector> 0();
    }
    walls
    {
        type            calculated;
        value           nonuniform List<vector> 0();
    }
    frontAndBack
    {
        type            empty;
    }
    procBoundary0to1
    {
        type            processor;
        value           nonuniform List<vector> 
94
(
(-4.19174e-05 6.62262e-05 9.71644e-14)
(-3.89275e-05 4.98727e-05 1.02133e-13)
(-3.89275e-05 4.98727e-05 1.02133e-13)
(-3.72196e-05 4.14175e-05 9.94012e-15)
(-3.72196e-05 4.14175e-05 9.94012e-15)
(-3.65418e-05 3.77012e-05 -7.00858e-14)
(-3.65418e-05 3.77012e-05 -7.00858e-14)
(-3.6742e-05 3.3875e-05 9.77222e-14)
(-3.6742e-05 3.3875e-05 9.77222e-14)
(-3.79546e-05 3.13215e-05 -2.06117e-14)
(-3.79546e-05 3.13215e-05 -2.06117e-14)
(-3.93143e-05 2.85819e-05 -3.65763e-14)
(-3.81545e-05 2.76763e-05 -2.1852e-14)
(-3.81545e-05 2.76763e-05 -2.1852e-14)
(-3.89181e-05 2.35443e-05 -4.6034e-14)
(-3.7686e-05 2.2409e-05 -7.79654e-14)
(-3.7686e-05 2.2409e-05 -7.79654e-14)
(-3.7621e-05 1.77891e-05 -8.89569e-14)
(-3.55367e-05 1.64071e-05 2.50406e-14)
(-3.43566e-05 1.57404e-05 1.76214e-14)
(-3.43566e-05 1.57404e-05 1.76214e-14)
(-3.36039e-05 1.30496e-05 -5.35642e-15)
(-3.32041e-05 1.25069e-05 -4.89229e-14)
(-3.32041e-05 1.25069e-05 -4.89229e-14)
(-3.22836e-05 1.00983e-05 -1.14965e-15)
(-3.06611e-05 9.72139e-06 -3.76454e-15)
(-3.01279e-05 9.27313e-06 4.88589e-15)
(-3.01279e-05 9.27313e-06 4.88589e-15)
(-2.78035e-05 6.91728e-06 -6.84261e-15)
(-2.68797e-05 5.88644e-06 2.11749e-14)
(-2.59809e-05 5.13359e-06 6.27795e-15)
(-2.59809e-05 5.13359e-06 6.27795e-15)
(-2.2254e-05 2.39412e-06 4.2027e-15)
(-2.23283e-05 1.6597e-06 1.59025e-15)
(-2.23283e-05 1.6597e-06 1.59025e-15)
(-2.01665e-05 1.1729e-06 2.239e-14)
(-2.06403e-05 1.06789e-06 -2.5133e-14)
(-2.0445e-05 1.24076e-06 -9.07746e-17)
(-2.0445e-05 1.24076e-06 -9.07746e-17)
(-1.94373e-05 1.07765e-06 -9.25224e-15)
(-1.95867e-05 7.13605e-07 4.41454e-15)
(-1.91762e-05 5.09696e-07 1.51488e-14)
(-1.91762e-05 5.09696e-07 1.51488e-14)
(-1.79951e-05 4.6461e-08 1.3826e-14)
(-1.81352e-05 -3.90679e-07 -1.69499e-16)
(-1.77014e-05 -5.20981e-07 9.10448e-15)
(-1.77014e-05 -5.20981e-07 9.10448e-15)
(-1.65818e-05 -6.84197e-07 -1.01353e-14)
(-1.63998e-05 -1.23913e-06 -3.66643e-15)
(-1.5425e-05 -1.58347e-06 -1.02361e-14)
(-1.5425e-05 -1.58347e-06 -1.02361e-14)
(-1.3716e-05 -2.05431e-06 -1.89294e-15)
(-1.35484e-05 -2.11393e-06 -1.37185e-14)
(-1.30826e-05 -1.79958e-06 9.31821e-15)
(-1.30826e-05 -1.79958e-06 9.31821e-15)
(-1.12972e-05 -2.32162e-06 -6.14713e-15)
(-1.03756e-05 -2.29872e-06 -1.38795e-15)
(-9.38813e-06 -2.26042e-06 -1.02851e-14)
(-8.64688e-06 -2.61965e-06 -1.19903e-15)
(-8.64688e-06 -2.61965e-06 -1.19903e-15)
(-7.30448e-06 -3.26576e-06 4.62254e-15)
(-6.92831e-06 -3.29635e-06 -4.93135e-15)
(-6.61126e-06 -2.98789e-06 5.70197e-15)
(-6.09532e-06 -2.7049e-06 -7.54582e-16)
(-6.09532e-06 -2.7049e-06 -7.54582e-16)
(-4.88286e-06 -2.79703e-06 -3.17869e-15)
(-4.54671e-06 -2.65678e-06 -1.32944e-15)
(-4.0553e-06 -2.46895e-06 -4.35823e-15)
(-3.73888e-06 -2.25501e-06 3.63176e-15)
(-3.3738e-06 -1.98897e-06 -2.40851e-16)
(-3.3738e-06 -1.98897e-06 -2.40851e-16)
(-2.61194e-06 -1.89586e-06 3.23355e-15)
(-2.45858e-06 -1.7642e-06 1.24478e-15)
(-2.15097e-06 -1.64246e-06 8.91169e-16)
(-1.95204e-06 -1.56682e-06 9.58461e-17)
(-1.67048e-06 -1.52882e-06 3.03911e-17)
(-1.51491e-06 -1.59772e-06 1.19771e-15)
(-1.51491e-06 -1.59772e-06 1.19771e-15)
(-1.17635e-06 -1.65292e-06 9.26839e-17)
(-1.06475e-06 -1.61772e-06 2.57142e-15)
(-9.95783e-07 -1.47411e-06 2.50131e-15)
(-9.067e-07 -1.35232e-06 5.49514e-16)
(-8.49126e-07 -1.20373e-06 -1.82828e-15)
(-7.3256e-07 -1.05048e-06 5.53541e-16)
(-6.58642e-07 -9.10778e-07 -5.91392e-16)
(-5.36634e-07 -7.91542e-07 7.18615e-16)
(-4.72141e-07 -7.40172e-07 -2.32678e-16)
(-4.72141e-07 -7.40172e-07 -2.32678e-16)
(-3.70729e-07 -7.05364e-07 9.26364e-16)
(-3.12042e-07 -6.54112e-07 5.71486e-16)
(-2.94203e-07 -6.07189e-07 -8.08865e-16)
(-2.19565e-07 -6.05834e-07 4.50703e-16)
(-1.83701e-07 -6.06374e-07 2.62911e-16)
(-9.24639e-08 -7.86843e-07 -1.58831e-16)
)
;
    }
    procBoundary0to4
    {
        type            processor;
        value           nonuniform List<vector> 
72
(
(-7.58276e-06 0.000102649 1.78891e-16)
(-6.27289e-06 9.6062e-05 -2.48141e-15)
(-3.89806e-06 8.87541e-05 9.99654e-16)
(-1.24086e-06 8.282e-05 -1.44124e-15)
(1.13828e-06 7.66916e-05 -3.25436e-15)
(2.70959e-06 7.09995e-05 3.46391e-15)
(3.87808e-06 6.55747e-05 2.1654e-15)
(4.65432e-06 6.04665e-05 -1.74295e-16)
(5.17267e-06 5.57502e-05 -5.40123e-16)
(5.47853e-06 5.13633e-05 -5.33263e-16)
(5.6675e-06 4.73639e-05 2.34066e-15)
(5.75596e-06 4.35792e-05 2.32469e-15)
(5.79849e-06 4.01126e-05 -5.69128e-16)
(5.8121e-06 3.67876e-05 -2.12928e-15)
(5.72259e-06 3.36822e-05 1.99339e-16)
(5.60741e-06 3.07217e-05 1.99542e-16)
(5.42047e-06 2.80184e-05 -2.1719e-15)
(5.38834e-06 2.55944e-05 1.62627e-15)
(5.10706e-06 2.32316e-05 1.01612e-15)
(4.5496e-06 2.0982e-05 -8.9443e-16)
(4.31076e-06 1.89079e-05 -3.08402e-16)
(4.00886e-06 1.73695e-05 -7.69231e-16)
(1.96607e-06 1.51684e-05 -4.54478e-17)
(1.96607e-06 1.51684e-05 -4.54478e-17)
(1.91621e-06 1.39995e-05 8.91133e-17)
(2.06899e-06 1.28469e-05 6.26262e-16)
(2.09711e-06 1.17732e-05 8.97516e-17)
(2.08083e-06 1.07752e-05 -2.68785e-17)
(2.0324e-06 9.87406e-06 2.8545e-16)
(1.96357e-06 9.05106e-06 -4.59438e-17)
(1.87118e-06 8.31535e-06 -8.23064e-17)
(1.76528e-06 7.64791e-06 9.40447e-17)
(1.65476e-06 7.04383e-06 3.8973e-16)
(1.54934e-06 6.47619e-06 5.57317e-16)
(1.44654e-06 5.94506e-06 -3.52573e-16)
(1.35067e-06 5.43775e-06 -6.89617e-17)
(1.26301e-06 4.96212e-06 3.97604e-17)
(1.18622e-06 4.51052e-06 -2.61224e-17)
(1.11288e-06 4.09583e-06 1.50607e-16)
(1.04228e-06 3.71422e-06 1.2576e-17)
(9.72421e-07 3.37241e-06 5.0586e-17)
(9.0625e-07 3.05949e-06 6.22461e-17)
(8.39372e-07 2.77781e-06 5.81878e-17)
(7.73515e-07 2.51675e-06 3.72358e-18)
(7.09409e-07 2.27792e-06 -7.49872e-17)
(6.51063e-07 2.05286e-06 3.18831e-17)
(5.96341e-07 1.84602e-06 3.28078e-17)
(5.46739e-07 1.65748e-06 4.80797e-17)
(5.0054e-07 1.49263e-06 5.31632e-17)
(4.60818e-07 1.34948e-06 -2.79733e-17)
(4.20795e-07 1.22259e-06 -2.57129e-18)
(3.8528e-07 1.11905e-06 -5.48255e-17)
(3.47004e-07 1.03031e-06 4.80186e-17)
(3.08709e-07 9.59553e-07 8.46735e-18)
(2.7774e-07 8.54756e-07 -8.6807e-18)
(2.40432e-07 7.71385e-07 2.80978e-17)
(2.12913e-07 7.10661e-07 -1.85904e-17)
(1.9187e-07 7.389e-07 2.80409e-17)
(1.50612e-07 5.25861e-07 2.42076e-18)
(2.11118e-07 5.22805e-07 -2.21644e-17)
(1.97468e-07 4.78971e-07 1.51531e-17)
(1.76999e-07 4.17251e-07 -3.22161e-18)
(1.59554e-07 3.70495e-07 1.46923e-18)
(1.39245e-07 3.22702e-07 5.2909e-18)
(1.20008e-07 2.9657e-07 1.87737e-17)
(9.95976e-08 2.72187e-07 -6.25764e-18)
(8.16561e-08 2.68033e-07 6.84007e-18)
(6.13673e-08 2.02877e-07 -1.12591e-17)
(4.80946e-08 1.81043e-07 6.51772e-18)
(3.28234e-08 1.62027e-07 2.31511e-17)
(3.82098e-08 2.78835e-07 -3.26119e-17)
(2.31638e-09 5.19514e-08 -7.27064e-18)
)
;
    }
    procBoundary0to5
    {
        type            processor;
        value           nonuniform List<vector> 4((-1.69634e-05 0.000102072 2.41731e-15) (-2.4432e-05 9.65108e-05 -1.31444e-14) (-3.16051e-05 9.03632e-05 -3.10177e-14) (-3.98003e-05 7.83543e-05 5.06889e-14));
    }
}


// ************************************************************************* //
