/*--------------------------------*- C++ -*----------------------------------*\
| =========                 |                                                 |
| \\      /  F ield         | OpenFOAM: The Open Source CFD Toolbox           |
|  \\    /   O peration     | Version:  2306                                  |
|   \\  /    A nd           | Website:  www.openfoam.com                      |
|    \\/     M anipulation  |                                                 |
\*---------------------------------------------------------------------------*/
FoamFile
{
    version     2.0;
    format      ascii;
    arch        "LSB;label=32;scalar=64";
    class       volVectorField;
    location    "125";
    object      momentError;
}
// * * * * * * * * * * * * * * * * * * * * * * * * * * * * * * * * * * * * * //

dimensions      [0 1 -2 0 0 0 0];

internalField   nonuniform List<vector> 
1340
(
(-0.0100094 0.0394703 -5.43516e-16)
(-0.00409058 0.0155392 -1.10524e-16)
(-0.00820238 0.0375251 -5.5958e-16)
(-0.00596598 0.0280488 2.92687e-15)
(-0.00408822 0.0149777 -7.37416e-17)
(-0.00710189 0.0359213 8.96144e-16)
(-0.00577967 0.0207611 -7.13482e-16)
(-0.00543868 0.0270725 3.05068e-15)
(-0.00379846 0.0143983 3.07046e-16)
(-0.00642077 0.0345007 -1.39131e-15)
(-0.00709612 0.0230664 -1.63447e-15)
(-0.00634206 0.0244745 -1.32443e-15)
(-0.0053511 0.0201173 -9.71117e-16)
(-0.00495732 0.0261456 -1.0753e-15)
(-0.00353108 0.0138582 -3.00762e-16)
(-0.00577883 0.0331469 -7.81779e-16)
(-0.00810036 0.0242561 -5.24587e-16)
(-0.00729356 0.0241356 4.38e-17)
(-0.00645366 0.0224459 -3.9683e-15)
(-0.00574992 0.0237638 -2.08919e-15)
(-0.00492218 0.0194919 1.06331e-15)
(-0.00444805 0.0252404 -1.20864e-15)
(-0.00331192 0.0133622 -7.99229e-16)
(-0.00509024 0.0318423 1.95282e-15)
(-0.00966378 0.0261088 -2.82291e-15)
(-0.00878044 0.0253125 -3.65633e-15)
(-0.0079971 0.0247039 -2.29255e-15)
(-0.0072441 0.0237121 -1.36475e-17)
(-0.00651471 0.0235299 -1.32544e-16)
(-0.00578238 0.0218205 1.59218e-15)
(-0.00512566 0.0230453 6.72933e-16)
(-0.00445832 0.018875 -1.81337e-16)
(-0.0039126 0.0243476 5.92138e-16)
(-0.00307873 0.0128925 5.19663e-17)
(-0.00439849 0.0305921 -4.72899e-16)
(-0.0111869 0.0273263 -7.13731e-16)
(-0.0104028 0.0272665 1.07466e-15)
(-0.00948088 0.0264855 3.02031e-16)
(-0.00857867 0.0257203 -3.43341e-16)
(-0.00776854 0.0248704 -1.31502e-15)
(-0.00705829 0.0242067 -2.3063e-15)
(-0.00639205 0.0231657 -4.62004e-16)
(-0.0057351 0.0229229 1.21948e-16)
(-0.00510053 0.0211982 1.64388e-15)
(-0.00448493 0.0223225 3.65032e-16)
(-0.00396571 0.0182642 -8.58489e-16)
(-0.00337392 0.023469 1.01403e-15)
(-0.00281059 0.012437 4.757e-16)
(-0.00374475 0.0293967 6.56705e-16)
(-0.0143103 0.0303683 -9.23462e-16)
(-0.0130827 0.0295791 2.52145e-16)
(-0.0119344 0.0287614 1.07642e-16)
(-0.0108498 0.0279262 -9.40955e-17)
(-0.00988586 0.0270588 -3.95309e-16)
(-0.00917087 0.0269646 1.88367e-15)
(-0.00832968 0.0261374 2.31558e-16)
(-0.00750837 0.0253213 7.77258e-16)
(-0.00677636 0.0244232 -1.42087e-16)
(-0.00614342 0.0237095 1.02365e-15)
(-0.00556085 0.0226256 4.29977e-16)
(-0.0049757 0.0223208 -1.42489e-16)
(-0.00443069 0.0205843 -1.14451e-15)
(-0.0038536 0.0216042 -2.994e-16)
(-0.00346402 0.0176612 4.42547e-16)
(-0.00284938 0.022607 -6.15057e-16)
(-0.00252086 0.0119926 1.3065e-16)
(-0.00313857 0.028247 1.91623e-16)
(-0.0196196 0.0342915 -8.77199e-16)
(-0.0180524 0.03363 -1.79368e-16)
(-0.0165685 0.0328984 1.28737e-16)
(-0.0151733 0.0321034 1.26763e-15)
(-0.0138617 0.0312627 -1.14654e-16)
(-0.012636 0.0303954 -7.3179e-16)
(-0.0114907 0.029508 1.39859e-15)
(-0.010433 0.028607 4.64681e-16)
(-0.00944483 0.0276941 9.1615e-17)
(-0.00858419 0.0267621 2.65297e-16)
(-0.00793914 0.0266378 -4.23702e-16)
(-0.00718241 0.0257678 -5.9459e-17)
(-0.00644661 0.024908 -1.63274e-15)
(-0.00579888 0.0239683 -2.40999e-16)
(-0.00524766 0.0232097 1.93937e-16)
(-0.00475286 0.0220891 -3.92737e-16)
(-0.00424141 0.0217257 5.58323e-17)
(-0.00378165 0.0199839 -3.7367e-16)
(-0.00324539 0.0208968 -1.43606e-16)
(-0.00296772 0.0170699 2.4785e-17)
(-0.00234599 0.0217627 -7.96052e-16)
(-0.00222435 0.01156 -1.45776e-16)
(-0.00257312 0.0271482 -1.08895e-15)
(-0.0317068 0.0381634 1.0587e-16)
(-0.0292498 0.0380091 -1.84104e-16)
(-0.0269447 0.0377383 4.69242e-17)
(-0.0247902 0.037361 -1.38705e-16)
(-0.0227773 0.0368806 -5.74262e-16)
(-0.0209038 0.0363094 1.89893e-16)
(-0.0191551 0.0356477 1.35358e-16)
(-0.0175311 0.0349101 -9.61508e-16)
(-0.0160096 0.034108 -2.34064e-16)
(-0.0145973 0.0332396 -2.84355e-16)
(-0.0132819 0.0323212 -3.88196e-16)
(-0.0120597 0.031365 -3.59062e-17)
(-0.0109253 0.0303908 1.02092e-15)
(-0.00987501 0.0294067 5.67195e-16)
(-0.00891451 0.0284171 -1.80624e-16)
(-0.00802975 0.027429 2.3868e-16)
(-0.0072737 0.0264345 2.42629e-17)
(-0.00669867 0.0262805 -7.65484e-17)
(-0.00602759 0.0253717 -3.08434e-17)
(-0.00538225 0.0244709 9.25997e-16)
(-0.0048247 0.0234951 1.01086e-15)
(-0.00436044 0.0226982 3.87341e-17)
(-0.00395838 0.0215519 4.12983e-16)
(-0.00352645 0.0211363 -6.67326e-17)
(-0.00315307 0.0193958 8.10463e-16)
(-0.00266315 0.0202034 5.08799e-16)
(-0.0024858 0.0164926 9.94717e-17)
(-0.0018668 0.0209367 1.70936e-16)
(-0.00192793 0.0111362 9.58966e-16)
(-0.00203945 0.0260758 3.45576e-16)
(-0.0761396 0.0381787 -1.30143e-17)
(-0.0707097 0.0391358 3.47168e-19)
(-0.0658857 0.0398912 -1.9953e-18)
(-0.0613574 0.0404842 1.42367e-17)
(-0.0569925 0.0409526 2.26389e-17)
(-0.0528112 0.0413017 1.03852e-16)
(-0.0488496 0.0415272 2.172e-17)
(-0.0451026 0.0416351 4.08111e-17)
(-0.0415666 0.0416319 4.32717e-18)
(-0.0382342 0.0415224 -1.71006e-16)
(-0.0351116 0.0413118 -6.83011e-17)
(-0.032189 0.0410001 -2.10558e-16)
(-0.0294649 0.0405903 -1.70838e-16)
(-0.0269268 0.0400915 -3.03808e-16)
(-0.0245729 0.0395049 1.34045e-16)
(-0.0223937 0.0388358 -3.10649e-16)
(-0.0203866 0.0380938 -3.42827e-17)
(-0.0185369 0.0372859 4.21275e-16)
(-0.016839 0.0364174 -1.26214e-16)
(-0.0152745 0.0354996 5.47557e-16)
(-0.0138402 0.0345371 -7.34928e-17)
(-0.0125243 0.0335277 -1.91921e-17)
(-0.0113143 0.0324846 1.27648e-16)
(-0.0102016 0.0314168 7.14509e-17)
(-0.009175 0.0303422 -3.9615e-16)
(-0.00823423 0.0292645 -6.80358e-16)
(-0.00738157 0.0281926 1.44977e-16)
(-0.00660594 0.0271284 -4.40126e-16)
(-0.0059572 0.0260737 -1.30366e-16)
(-0.0054497 0.0258937 2.59206e-17)
(-0.00486544 0.0249472 3.06687e-17)
(-0.00431286 0.0240072 7.57601e-16)
(-0.00384853 0.0229999 -3.08192e-16)
(-0.00347489 0.0221709 4.37373e-16)
(-0.00316913 0.0210065 -5.7349e-16)
(-0.00282436 0.0205457 1.86502e-16)
(-0.00254181 0.0188177 -5.68812e-16)
(-0.00210707 0.0195222 8.45579e-16)
(-0.0020234 0.0159301 7.89571e-16)
(-0.00141601 0.0201304 -1.50257e-17)
(-0.00163727 0.0107238 -1.28032e-16)
(-0.00153643 0.0250418 6.13242e-17)
(0.287236 0.0864101 -1.39085e-17)
(0.247563 0.0894125 1.04085e-17)
(0.182165 0.0864739 -3.14585e-17)
(0.165417 0.0947811 -5.61881e-18)
(0.191606 0.108162 2.48105e-17)
(0.289818 0.127453 -1.10699e-17)
(0.468996 0.154744 -3.66462e-17)
(0.710448 0.186807 7.26706e-18)
(0.978795 0.218279 2.11889e-17)
(1.23747 0.245816 -3.75833e-17)
(1.45259 0.267194 -3.37265e-17)
(1.59159 0.279349 -1.12392e-17)
(1.62328 0.278355 -3.78997e-17)
(1.52365 0.260983 4.63171e-17)
(1.28266 0.225753 9.47662e-17)
(0.908897 0.173413 -5.47264e-17)
(0.430272 0.106956 -1.87873e-16)
(-0.109377 0.0314564 -3.86335e-17)
(-0.656381 -0.0465424 5.6468e-17)
(-1.15314 -0.119767 -1.15451e-17)
(-1.54333 -0.179955 5.91799e-17)
(-1.78448 -0.219845 -1.07669e-16)
(-1.85447 -0.23488 1.50666e-16)
(-1.7429 -0.221687 -8.86502e-17)
(-1.44748 -0.178538 -1.47454e-16)
(-0.995776 -0.108489 -3.12247e-17)
(-0.482464 -0.0247519 -1.6519e-17)
(-0.0735072 0.0479668 -8.09e-17)
(0.0896832 0.0812377 -1.06629e-17)
(0.028411 0.0727798 -2.56338e-17)
(-0.0920519 0.0505728 1.59e-17)
(-0.151023 0.0372633 1.11337e-16)
(-0.140016 0.0367625 1.23649e-17)
(-0.106657 0.042129 5.00689e-17)
(-0.0856675 0.046435 -2.73714e-17)
(-0.0797051 0.0477119 7.28819e-18)
(-0.0780932 0.0474166 2.36538e-17)
(-0.0745302 0.0471353 1.72398e-17)
(-0.0691673 0.0472356 -1.28127e-18)
(-0.0637169 0.0474072 9.48183e-19)
(-0.0588179 0.0474316 3.7853e-17)
(-0.054324 0.0472972 2.18257e-17)
(-0.0500679 0.0470505 5.62939e-17)
(-0.0460251 0.046708 2.00056e-17)
(-0.0422142 0.0462791 5.2615e-17)
(-0.0386353 0.0457685 -7.56843e-17)
(-0.0352815 0.0451822 -2.72502e-16)
(-0.0321498 0.0445225 2.21345e-16)
(-0.0292366 0.0437961 -2.24812e-17)
(-0.0265356 0.0430053 9.78968e-17)
(-0.0240365 0.0421531 9.5932e-17)
(-0.0217353 0.0412401 4.2708e-17)
(-0.0196218 0.0402735 1.09149e-16)
(-0.017691 0.0392597 3.19042e-17)
(-0.0159293 0.038209 -1.45646e-16)
(-0.0143282 0.0371271 -7.96514e-17)
(-0.0128714 0.0360201 2.03725e-16)
(-0.0115544 0.0348906 1.74287e-17)
(-0.0103598 0.0337402 1.79472e-16)
(-0.00927748 0.0325759 -3.22166e-17)
(-0.00829022 0.0314041 -1.81149e-16)
(-0.00739048 0.0302357 -5.2616e-16)
(-0.00657283 0.0290728 -4.83839e-16)
(-0.00584199 0.0279227 3.67675e-16)
(-0.00518116 0.0267903 -2.65772e-16)
(-0.00464192 0.0256818 1.32037e-16)
(-0.00420081 0.0254764 -2.498e-16)
(-0.0037039 0.0244948 -1.7791e-16)
(-0.00324525 0.0235163 -4.77637e-16)
(-0.00287346 0.0224788 -4.22407e-16)
(-0.00259044 0.0216225 -7.60142e-16)
(-0.00238219 0.0204498 3.44216e-16)
(-0.00213061 0.0199521 -2.22179e-16)
(-0.00194443 0.0182451 6.21381e-16)
(-0.00157443 0.0188532 2.06123e-16)
(-0.00158123 0.0153833 -4.96978e-17)
(-0.000995933 0.0193457 1.25366e-16)
(-0.00135645 0.0103241 -2.58479e-16)
(-0.00106527 0.024037 -9.48401e-17)
(0.174415 0.138456 1.26687e-17)
(0.134209 0.13659 -1.39578e-17)
(0.0890687 0.12662 -2.90653e-17)
(0.062196 0.130133 3.06342e-18)
(0.0335577 0.13429 1.48732e-17)
(0.0202956 0.138963 -5.67766e-18)
(0.0504375 0.149458 -3.4068e-18)
(0.152497 0.170289 -4.97077e-18)
(0.33559 0.200963 -2.08916e-18)
(0.580586 0.236733 -1.52107e-17)
(0.850506 0.272502 -2.64598e-17)
(1.1072 0.304798 2.01002e-17)
(1.31697 0.330573 -8.15961e-19)
(1.44867 0.345935 -7.67674e-18)
(1.47368 0.346665 9.67792e-18)
(1.37127 0.329736 -6.95882e-17)
(1.1349 0.294154 2.03657e-17)
(0.776212 0.241168 6.75175e-17)
(0.324739 0.174131 -3.55e-17)
(-0.175762 0.0983328 -4.53579e-17)
(-0.672326 0.0205342 -6.75852e-17)
(-1.1092 -0.0516789 1.42484e-17)
(-1.43335 -0.109834 4.55972e-17)
(-1.61144 -0.147745 -1.29206e-16)
(-1.62535 -0.161128 2.38054e-17)
(-1.46431 -0.146483 -2.05848e-17)
(-1.13163 -0.102698 -1.03403e-17)
(-0.678231 -0.0356309 -2.39272e-17)
(-0.230029 0.0376341 9.51099e-18)
(0.0383048 0.0861962 -1.60578e-17)
(0.0677009 0.0931792 4.46148e-17)
(-0.0330558 0.0747662 2.01196e-17)
(-0.117152 0.0569646 -1.7194e-17)
(-0.131527 0.0508557 -2.6119e-17)
(-0.105821 0.0531085 -2.25401e-17)
(-0.0810663 0.0565303 1.66171e-17)
(-0.0706157 0.0575024 1.78472e-17)
(-0.0677019 0.0565593 -1.86278e-18)
(-0.0647106 0.0553287 -1.97968e-17)
(-0.0599994 0.0544816 1.6537e-18)
(-0.0548435 0.0538479 -2.76034e-17)
(-0.0501106 0.0531667 -1.69189e-17)
(-0.0458453 0.0523683 -1.82539e-17)
(-0.0418773 0.0514831 -9.946e-18)
(-0.0381517 0.0505441 -2.39773e-17)
(-0.034661 0.0495595 -8.32492e-18)
(-0.0314126 0.0485308 1.00901e-16)
(-0.0283956 0.0474607 1.40758e-16)
(-0.0256084 0.0463531 8.32378e-17)
(-0.0230368 0.045208 5.19765e-17)
(-0.020676 0.0440264 4.21979e-18)
(-0.018513 0.0428104 3.30041e-17)
(-0.0165424 0.0415662 -3.19619e-18)
(-0.0147517 0.0402977 1.1692e-17)
(-0.0131328 0.0390165 6.4762e-17)
(-0.0116721 0.0377277 2.32071e-16)
(-0.0103601 0.0364376 -4.05658e-16)
(-0.00918479 0.0351477 6.5685e-17)
(-0.0081337 0.0338606 -1.43519e-16)
(-0.00719269 0.0325829 4.31922e-16)
(-0.00634728 0.0313149 3.52819e-18)
(-0.00558807 0.0300621 3.59525e-16)
(-0.00490784 0.0288215 5.86737e-16)
(-0.00430699 0.0276048 -3.22202e-16)
(-0.00376556 0.0264153 3.31551e-16)
(-0.00334245 0.0252597 -1.93583e-16)
(-0.00296708 0.0250331 -2.81196e-16)
(-0.00255912 0.0240144 -1.47648e-16)
(-0.00219245 0.0230004 9.4175e-17)
(-0.0019102 0.0219401 7.32821e-16)
(-0.00171443 0.0210555 7.82405e-16)
(-0.00160056 0.0198742 -3.81896e-17)
(-0.0014444 0.0193462 -2.55782e-16)
(-0.00135634 0.0176711 -4.60609e-17)
(-0.00105939 0.0181879 -1.12852e-15)
(-0.00115507 0.0148449 1.00739e-17)
(-0.00060365 0.0185786 -4.49378e-16)
(-0.00108751 0.00993971 -1.10918e-16)
(-0.000624776 0.0230715 1.35064e-16)
(0.0349342 0.179677 -7.42163e-18)
(-0.000206531 0.174403 -6.86144e-18)
(-0.0291155 0.158569 6.20009e-18)
(-0.0429083 0.160318 -5.23362e-19)
(-0.0612283 0.161579 -1.27186e-17)
(-0.085747 0.159981 8.80372e-18)
(-0.110671 0.158222 4.46915e-18)
(-0.118251 0.160777 -1.28212e-17)
(-0.0803963 0.171614 5.72257e-18)
(0.0303691 0.193342 -1.08012e-17)
(0.221987 0.225742 1.01597e-17)
(0.473458 0.265007 -7.44674e-18)
(0.745128 0.305447 -3.17349e-17)
(0.996996 0.342013 1.20881e-17)
(1.19559 0.370522 2.52738e-17)
(1.31184 0.386744 -7.67067e-18)
(1.32082 0.38671 3.73917e-17)
(1.20662 0.367995 -6.02814e-17)
(0.967747 0.330345 -3.96059e-17)
(0.619711 0.275647 -1.30415e-17)
(0.194172 0.207863 -1.12234e-18)
(-0.265006 0.132686 3.93199e-17)
(-0.706173 0.0570654 -1.32929e-16)
(-1.07575 -0.0109998 2.18781e-16)
(-1.32795 -0.0637359 3.78243e-17)
(-1.43645 -0.0958889 2.70228e-17)
(-1.38584 -0.103276 3.32258e-17)
(-1.16884 -0.0829056 4.45187e-17)
(-0.804033 -0.0355244 2.00162e-17)
(-0.377387 0.0277881 2.96971e-17)
(-0.0447152 0.0827508 -1.02065e-17)
(0.0739669 0.104322 -4.69707e-17)
(0.015792 0.0936334 1.6355e-18)
(-0.0756346 0.0745672 1.89189e-17)
(-0.112239 0.063556 3.64053e-17)
(-0.0986854 0.0621137 -2.19606e-17)
(-0.0740939 0.0641465 6.56495e-18)
(-0.0603268 0.0648721 -2.15493e-17)
(-0.0559975 0.0635911 1.15817e-17)
(-0.0535102 0.0616246 -6.24476e-19)
(-0.0496643 0.0599084 -1.61734e-17)
(-0.0450354 0.0585071 -1.77286e-17)
(-0.0406338 0.0571785 -6.8273e-18)
(-0.0367139 0.055797 -4.66501e-18)
(-0.0331618 0.0543654 -6.97444e-18)
(-0.0298699 0.0529169 3.77049e-17)
(-0.0268162 0.0514646 3.15362e-17)
(-0.023996 0.050011 -5.81175e-17)
(-0.0214101 0.0485519 2.21561e-17)
(-0.019045 0.0470851 9.03022e-18)
(-0.0168911 0.0456079 5.67918e-17)
(-0.0149325 0.0441214 -1.24824e-16)
(-0.0131616 0.0426295 1.22244e-17)
(-0.0115651 0.0411357 1.4761e-17)
(-0.0101339 0.0396486 4.87197e-17)
(-0.00885502 0.038174 -7.03755e-17)
(-0.00771812 0.0367176 1.48527e-16)
(-0.00671184 0.0352834 5.32698e-17)
(-0.00582408 0.033872 -7.65751e-17)
(-0.00504288 0.0324888 1.23431e-16)
(-0.00435526 0.0311296 3.27776e-17)
(-0.00375077 0.0297996 4.64902e-16)
(-0.00321974 0.0284958 -2.75559e-18)
(-0.00275715 0.0272266 -2.79019e-16)
(-0.00234839 0.0259871 4.21161e-16)
(-0.00204914 0.024793 2.95821e-18)
(-0.00174385 0.0245508 -2.20489e-16)
(-0.00142728 0.0235063 1.47624e-16)
(-0.00115286 0.0224607 -4.47447e-17)
(-0.000959361 0.0213752 3.22703e-16)
(-0.000846913 0.0204695 1.80072e-17)
(-0.000823659 0.0192872 -2.83454e-17)
(-0.000760852 0.0187256 2.39508e-16)
(-0.000770365 0.0170848 -1.9338e-18)
(-0.000551638 0.0175224 -5.23407e-17)
(-0.000735763 0.0143145 -9.21925e-17)
(-0.000227964 0.0178252 -2.71837e-16)
(-0.000828087 0.0095663 2.10073e-16)
(-0.000208239 0.0221292 -2.49564e-16)
(-0.092815 0.216289 7.30437e-18)
(-0.124338 0.207355 3.67359e-18)
(-0.14115 0.184787 -1.11623e-17)
(-0.149747 0.184504 -1.05802e-17)
(-0.158032 0.184236 1.47651e-17)
(-0.168057 0.18145 -8.76674e-18)
(-0.183171 0.177218 5.92323e-18)
(-0.204058 0.173204 1.9096e-17)
(-0.223889 0.171041 -4.17929e-18)
(-0.224517 0.173137 2.42561e-18)
(-0.177633 0.182992 -2.58243e-18)
(-0.0572884 0.204149 1.36867e-18)
(0.142606 0.237338 1.6962e-17)
(0.398299 0.278533 1.19682e-18)
(0.667208 0.32113 -4.42384e-17)
(0.907615 0.359249 -2.23449e-17)
(1.08645 0.388059 -3.09959e-17)
(1.17731 0.402899 -1.2701e-18)
(1.16027 0.399943 2.21071e-17)
(1.02577 0.377598 -1.85062e-17)
(0.77854 0.336815 2.02027e-17)
(0.43862 0.28051 -5.94957e-17)
(0.0398343 0.213198 1.31553e-16)
(-0.373757 0.140724 -5.50729e-17)
(-0.752041 0.0700532 -1.07553e-16)
(-1.04473 0.00927581 -4.45312e-17)
(-1.21743 -0.0353259 -1.48958e-17)
(-1.24989 -0.0591718 -2.87725e-18)
(-1.1287 -0.0579221 -1.24029e-17)
(-0.856268 -0.0295406 -2.97525e-17)
(-0.482331 0.0208227 4.13609e-18)
(-0.129737 0.0756921 6.44332e-17)
(0.0580119 0.108693 2.63644e-17)
(0.0511443 0.107691 -1.2627e-18)
(-0.0329355 0.0900479 -8.23307e-17)
(-0.0875545 0.0749201 1.28509e-19)
(-0.0890249 0.0688815 2.82026e-18)
(-0.0675676 0.0685113 -1.04743e-18)
(-0.0508399 0.0688581 1.59867e-17)
(-0.0442377 0.0678183 3.35983e-18)
(-0.0418414 0.0657411 -1.40268e-17)
(-0.0390849 0.0634902 -1.49586e-17)
(-0.0353645 0.0614237 -1.50706e-17)
(-0.0315123 0.0595047 -5.00449e-18)
(-0.0280233 0.0576324 -8.45602e-18)
(-0.0249187 0.0557767 -2.3733e-18)
(-0.0221044 0.0539409 2.73302e-17)
(-0.0195249 0.0521339 -2.17247e-17)
(-0.0171714 0.0503558 -8.3226e-17)
(-0.0150342 0.0486017 6.49465e-17)
(-0.0131047 0.0468638 2.76672e-17)
(-0.0113668 0.0451417 9.0615e-19)
(-0.0098103 0.0434346 1.61449e-17)
(-0.00842183 0.0417476 2.03352e-17)
(-0.00719024 0.040087 -2.44772e-16)
(-0.00610212 0.0384552 -3.97762e-18)
(-0.00514669 0.0368547 4.77369e-17)
(-0.00431319 0.0352896 -1.4032e-17)
(-0.00359126 0.0337689 1.18519e-16)
(-0.00297018 0.0322908 -5.57282e-16)
(-0.00243901 0.0308541 1.57774e-16)
(-0.00198606 0.0294621 9.74557e-17)
(-0.00159965 0.0281024 -6.61649e-16)
(-0.001276 0.0267918 2.79658e-16)
(-0.000998122 0.0255195 -2.56957e-16)
(-0.000822221 0.0242965 6.73901e-17)
(-0.000582458 0.0240474 -1.6128e-16)
(-0.000354073 0.0229854 1.69568e-16)
(-0.000168913 0.0219144 1.20356e-16)
(-5.66959e-05 0.0208095 -1.81606e-16)
(-2.12462e-05 0.0198789 -2.82756e-16)
(-7.88981e-05 0.0186941 -1.68862e-17)
(-9.89834e-05 0.0181045 -3.86195e-16)
(-0.000196484 0.0165049 -7.00363e-17)
(-5.40712e-05 0.0168614 8.3415e-16)
(-0.000320725 0.013788 -2.21716e-16)
(0.000137496 0.0170871 6.185e-16)
(-0.000573031 0.00920985 -5.69179e-16)
(0.000187905 0.0212124 1.82151e-16)
(-0.211431 0.251096 -6.28689e-18)
(-0.235363 0.23819 1.09352e-18)
(-0.237149 0.208425 -1.99166e-18)
(-0.242112 0.205578 -5.38185e-18)
(-0.24609 0.203375 -1.55272e-17)
(-0.248684 0.199292 7.49527e-18)
(-0.251285 0.193909 1.64416e-18)
(-0.256915 0.188423 -1.65845e-17)
(-0.268686 0.18326 3.5071e-18)
(-0.286385 0.17848 5.61498e-19)
(-0.302351 0.174806 2.37828e-18)
(-0.297984 0.174787 -1.18622e-18)
(-0.245855 0.182505 -1.01804e-17)
(-0.122044 0.20164 -6.34602e-18)
(0.0773098 0.232708 3.90654e-18)
(0.327346 0.271524 1.1761e-17)
(0.585442 0.311376 4.53839e-18)
(0.809505 0.346371 1.82741e-17)
(0.966402 0.37192 -3.29747e-17)
(1.03212 0.383927 2.1671e-18)
(0.992016 0.379263 1.21102e-17)
(0.842849 0.356868 3.43154e-17)
(0.594645 0.317998 -3.70544e-17)
(0.270732 0.265698 -1.39312e-16)
(-0.0943116 0.204351 4.24225e-17)
(-0.456628 0.139574 2.72853e-17)
(-0.768409 0.078122 9.02266e-18)
(-0.98647 0.0271432 -2.07852e-17)
(-1.08377 -0.00810176 5.57441e-19)
(-1.04435 -0.0232216 3.47754e-17)
(-0.8607 -0.0144542 3.90887e-17)
(-0.555897 0.0178214 -4.48175e-17)
(-0.218558 0.0627072 -5.29017e-17)
(0.0155878 0.0985131 -1.83576e-17)
(0.0745315 0.108487 7.07574e-17)
(0.017892 0.0979742 2.34105e-17)
(-0.0471296 0.0841949 -1.02066e-17)
(-0.0692216 0.0758528 -1.40681e-18)
(-0.0588218 0.0727124 1.29894e-18)
(-0.0424666 0.071497 -9.79252e-18)
(-0.0329025 0.0700581 -1.4555e-17)
(-0.0291303 0.0679573 2.08852e-17)
(-0.0269336 0.0655026 5.22567e-18)
(-0.0243716 0.0630267 -1.1589e-17)
(-0.0214724 0.0606428 -5.14712e-18)
(-0.0186705 0.058364 7.38588e-18)
(-0.0161501 0.0561657 1.92353e-17)
(-0.0139028 0.054031 -2.01039e-17)
(-0.0118885 0.0519502 1.04111e-17)
(-0.0100787 0.0499163 -4.36252e-17)
(-0.00846082 0.0479227 8.93803e-18)
(-0.00702267 0.0459737 -1.61697e-17)
(-0.0057534 0.04407 4.95323e-17)
(-0.00463993 0.0422064 5.81838e-18)
(-0.00367171 0.0403787 -1.39105e-16)
(-0.00283528 0.0385971 7.05205e-17)
(-0.00211857 0.036866 -2.18508e-18)
(-0.00151084 0.0351898 -1.08603e-16)
(-0.00100296 0.033566 1.09834e-16)
(-0.000586588 0.0319983 1.74732e-16)
(-0.000249737 0.0304879 1.77105e-16)
(1.67571e-05 0.0290316 -5.84534e-17)
(0.000226637 0.0276245 1.70322e-16)
(0.000381694 0.0262746 -2.49553e-16)
(0.000500505 0.0249693 2.30579e-17)
(0.000528238 0.0237295 -1.02281e-16)
(0.000687833 0.0234792 3.49442e-16)
(0.000809 0.0224034 5.85369e-18)
(0.000889707 0.0213169 -6.45043e-19)
(0.000903375 0.0202013 -2.95106e-16)
(0.000847564 0.0192507 1.05332e-16)
(0.000701107 0.0180674 7.09928e-17)
(0.000593774 0.0174488 4.15157e-16)
(0.000398936 0.0158944 9.77288e-17)
(0.000469446 0.0161738 -8.56587e-16)
(0.000101177 0.013247 -2.34037e-16)
(0.000526445 0.0163345 -1.07422e-16)
(-0.000335094 0.00884584 1.79031e-16)
(0.000600949 0.0203222 2.59839e-16)
(-0.302546 0.263573 -4.22187e-18)
(-0.315179 0.249611 -2.90373e-18)
(-0.292712 0.208439 8.20975e-18)
(-0.290544 0.201968 2.68528e-18)
(-0.288579 0.197303 -5.03953e-18)
(-0.285733 0.191755 -1.59345e-17)
(-0.281888 0.185046 -7.03378e-18)
(-0.277604 0.178008 1.25497e-17)
(-0.274133 0.171357 -8.26508e-18)
(-0.273389 0.165126 -1.14612e-17)
(-0.277026 0.159004 3.69073e-18)
(-0.284037 0.152995 3.83209e-19)
(-0.288422 0.148005 7.43527e-18)
(-0.27751 0.14608 -4.22126e-18)
(-0.233162 0.150027 -1.84454e-18)
(-0.139035 0.162677 1.80826e-17)
(0.00973279 0.185017 3.61076e-17)
(0.199738 0.214452 -1.28055e-17)
(0.401096 0.245566 2.51621e-18)
(0.57844 0.273096 1.31685e-17)
(0.701115 0.293333 3.30151e-18)
(0.747941 0.303292 -1.33825e-18)
(0.707883 0.300264 -1.95001e-18)
(0.580983 0.282858 9.28456e-17)
(0.378706 0.251873 3.90658e-17)
(0.123343 0.210119 -3.68865e-18)
(-0.153355 0.161918 1.68749e-17)
(-0.413735 0.112492 6.95277e-18)
(-0.619362 0.0676692 5.06441e-17)
(-0.740539 0.0326231 1.5569e-17)
(-0.759721 0.0108271 -6.85975e-17)
(-0.671906 0.00470387 -6.05393e-17)
(-0.489478 0.0148418 4.484e-17)
(-0.25923 0.0371339 8.11529e-20)
(-0.0587819 0.0619949 -2.25853e-17)
(0.0449466 0.0778994 -2.40456e-18)
(0.0450878 0.0779469 1.61968e-17)
(0.00392841 0.0693456 1.33282e-17)
(-0.027293 0.0611662 -1.41018e-17)
(-0.034339 0.0563159 1.71544e-17)
(-0.0276721 0.0540391 2.98046e-17)
(-0.0196461 0.0526645 1.60848e-17)
(-0.0149018 0.0511438 -4.13214e-18)
(-0.0126632 0.049256 -1.18442e-17)
(-0.0112118 0.0471864 3.63848e-19)
(-0.00975027 0.0451558 -1.56165e-18)
(-0.00822878 0.0432366 3.22912e-18)
(-0.00678431 0.0414224 -1.19637e-17)
(-0.00549477 0.039681 5.22101e-18)
(-0.00436579 0.0379932 1.29207e-17)
(-0.00338037 0.0363626 1.20945e-17)
(-0.00251871 0.0347886 1.8582e-17)
(-0.00177212 0.0332651 1.45718e-18)
(-0.0011304 0.0317959 1.15025e-17)
(-0.000585311 0.030381 6.174e-17)
(-0.000126598 0.0290205 -2.51555e-17)
(0.000253506 0.0277118 3.85756e-18)
(0.000564428 0.0264581 1.179e-16)
(0.00081214 0.0252589 -3.63309e-18)
(0.00100326 0.0241141 9.63276e-17)
(0.00114356 0.0230231 -2.57865e-16)
(0.00124077 0.0219875 -8.11772e-17)
(0.00130212 0.0210021 -1.26521e-17)
(0.00132971 0.0200721 -1.63039e-16)
(0.001336 0.0191821 7.62167e-17)
(0.00127516 0.0183514 5.09214e-17)
(0.00140091 0.0184765 -7.38365e-18)
(0.0014318 0.0177151 -1.29111e-16)
(0.00143552 0.0169443 -7.44959e-17)
(0.00138787 0.016162 7.44683e-17)
(0.00129893 0.0155271 -3.92703e-17)
(0.00113287 0.0147198 -3.34135e-17)
(0.00100832 0.0143776 4.25806e-16)
(0.000788981 0.0132962 6.43864e-17)
(0.000832259 0.0137334 2.91018e-16)
(0.000435817 0.0115032 3.4925e-16)
(0.000841385 0.0144753 4.79968e-17)
(-0.00010833 0.00811652 2.51701e-16)
(0.000981885 0.0191717 5.57603e-17)
(-0.410486 0.297878 -5.84688e-19)
(-0.409188 0.27897 -1.31792e-18)
(-0.363809 0.230415 -1.40769e-18)
(-0.354777 0.221197 -1.65539e-18)
(-0.346524 0.213954 7.64912e-18)
(-0.338129 0.206539 1.50681e-17)
(-0.329459 0.198314 1.01189e-17)
(-0.320466 0.189787 -4.48749e-18)
(-0.311257 0.181763 5.77886e-18)
(-0.302269 0.174442 1.53957e-17)
(-0.294875 0.167547 -6.49537e-18)
(-0.291258 0.160698 2.1142e-18)
(-0.293806 0.153691 7.3474e-18)
(-0.3032 0.146698 5.92362e-18)
(-0.315131 0.14026 8.98799e-19)
(-0.319423 0.135579 1.74033e-18)
(-0.300427 0.134761 -8.29216e-18)
(-0.241773 0.140327 1.03057e-17)
(-0.133565 0.153868 1.01662e-17)
(0.0206706 0.174821 -1.04351e-17)
(0.200382 0.200037 1.36361e-18)
(0.373331 0.225144 1.37794e-17)
(0.507687 0.246003 -2.64576e-18)
(0.580148 0.25885 -4.87132e-17)
(0.577997 0.260445 -5.46792e-17)
(0.498922 0.249076 3.23482e-17)
(0.350637 0.225341 4.95331e-18)
(0.150575 0.191848 1.68928e-17)
(-0.0749093 0.152355 -3.58529e-17)
(-0.293696 0.111309 -9.13509e-17)
(-0.472278 0.0735568 -3.40011e-17)
(-0.582244 0.0435833 1.05271e-16)
(-0.603344 0.0249537 -5.1096e-17)
(-0.526691 0.0201486 -3.99414e-17)
(-0.365567 0.0296051 1.0989e-17)
(-0.174007 0.0478429 2.10312e-17)
(-0.0231919 0.0646247 -1.25193e-17)
(0.0464301 0.0727505 5.56509e-19)
(0.0423372 0.0706131 9.01421e-18)
(0.0125741 0.0639755 -1.16669e-18)
(-0.00813832 0.058042 1.41954e-17)
(-0.0126017 0.054241 -1.63474e-18)
(-0.00850248 0.0519363 8.70545e-18)
(-0.0036599 0.0501372 1.38344e-17)
(-0.000868615 0.0482728 2.25486e-17)
(0.00035073 0.0462674 1.20641e-18)
(0.00103926 0.0442397 -1.65539e-18)
(0.00169788 0.0422817 -9.13631e-19)
(0.00236781 0.0404062 6.26683e-18)
(0.00297039 0.0386035 -3.4865e-19)
(0.00345809 0.0368633 1.08885e-17)
(0.00383268 0.0351757 -1.06946e-17)
(0.00411077 0.03355 -1.40533e-17)
(0.0043074 0.0319881 1.21094e-17)
(0.0044301 0.0304877 3.29546e-17)
(0.00449052 0.0290509 -3.85755e-17)
(0.00449455 0.0276735 6.18636e-17)
(0.00445277 0.0263571 2.06946e-17)
(0.00436846 0.0250993 6.42255e-18)
(0.0042503 0.0239034 1.37054e-16)
(0.00410038 0.0227689 6.04395e-17)
(0.00392646 0.0216969 -1.13734e-16)
(0.00373218 0.0206816 1.22168e-16)
(0.00352178 0.019729 8.94409e-17)
(0.00330568 0.0188228 -1.2912e-16)
(0.00303925 0.0179872 1.78385e-17)
(0.00304797 0.0181114 -5.04793e-17)
(0.0029316 0.0173539 -1.10008e-16)
(0.00278299 0.0165743 -4.82295e-17)
(0.00259245 0.0157873 2.48387e-17)
(0.00237496 0.015135 7.26854e-17)
(0.0020865 0.0143241 -7.89074e-17)
(0.00184401 0.0139392 -3.26996e-16)
(0.00150962 0.0128793 -8.60016e-17)
(0.00144314 0.0132171 1.55399e-16)
(0.000958834 0.011087 -1.76767e-16)
(0.00125759 0.0138366 -2.62539e-16)
(0.000219312 0.00783632 -1.8415e-16)
(0.00127336 0.0183086 -2.35237e-16)
(-0.468729 0.320826 9.88188e-19)
(-0.454841 0.30056 5.46837e-18)
(-0.39156 0.247177 -6.65946e-19)
(-0.377192 0.235526 -2.51421e-18)
(-0.363866 0.225927 -4.93433e-18)
(-0.350944 0.217021 -6.3319e-18)
(-0.338342 0.207832 -5.90573e-18)
(-0.326092 0.198453 -4.46867e-18)
(-0.314216 0.189565 -3.09794e-18)
(-0.302646 0.18152 1.09056e-18)
(-0.291473 0.174131 1.10006e-17)
(-0.281075 0.16702 9.47567e-19)
(-0.272422 0.159824 -8.04682e-19)
(-0.267437 0.152484 -9.90477e-18)
(-0.268156 0.144982 8.39627e-19)
(-0.275638 0.137444 -1.43688e-18)
(-0.287536 0.130176 -1.54766e-17)
(-0.296171 0.123904 -4.67608e-18)
(-0.289475 0.119968 3.33915e-19)
(-0.252787 0.120568 7.54121e-18)
(-0.174507 0.127993 6.22673e-18)
(-0.0530027 0.142965 -6.55621e-18)
(0.0977135 0.163443 -1.41253e-17)
(0.249006 0.185142 -1.76532e-17)
(0.370138 0.203496 3.80486e-17)
(0.438109 0.214746 1.21769e-17)
(0.441442 0.216372 -4.64242e-17)
(0.378954 0.20735 -2.74374e-17)
(0.258452 0.188341 -1.40708e-17)
(0.0962277 0.161549 3.41303e-17)
(-0.0842181 0.130085 8.63448e-17)
(-0.25504 0.0975841 -4.59702e-17)
(-0.387191 0.068293 4.97074e-18)
(-0.457033 0.0459076 7.23745e-17)
(-0.449986 0.0331045 3.4073e-17)
(-0.365942 0.0311206 -2.91123e-17)
(-0.227676 0.0390119 -1.44404e-17)
(-0.0833687 0.0520327 -2.17789e-17)
(0.0151037 0.062476 -5.65961e-18)
(0.0490017 0.0656218 -1.24976e-17)
(0.0376211 0.0622497 6.98762e-18)
(0.015946 0.0566195 7.11599e-19)
(0.00387698 0.0518284 -1.60774e-19)
(0.00236121 0.0486156 2.46457e-17)
(0.00516624 0.0464634 4.60431e-18)
(0.00770551 0.0446649 8.33618e-18)
(0.008831 0.0428524 1.46398e-17)
(0.00909421 0.0409789 5.63985e-18)
(0.00912419 0.0391145 2.29082e-18)
(0.00915203 0.0373099 7.46839e-18)
(0.00916446 0.0355776 4.47074e-19)
(0.00911466 0.0339124 6.98773e-19)
(0.00898989 0.0323198 9.81725e-18)
(0.00879945 0.0307966 -1.81952e-17)
(0.00855663 0.0293385 -2.62091e-18)
(0.00827109 0.0279453 -7.20959e-18)
(0.00795124 0.0266128 4.10175e-17)
(0.00760608 0.0253426 -1.9039e-17)
(0.00723998 0.024129 -4.66802e-17)
(0.00685912 0.0229748 -4.62683e-17)
(0.00646594 0.021878 5.47911e-17)
(0.00606697 0.0208418 9.81081e-17)
(0.00566526 0.0198609 7.63635e-17)
(0.00526482 0.0189441 -6.5859e-18)
(0.00487413 0.0180716 -1.84005e-17)
(0.00444851 0.0172743 -2.09644e-17)
(0.00437656 0.0174348 -1.22949e-16)
(0.00414316 0.0167048 9.24577e-17)
(0.00387126 0.01595 -7.57843e-17)
(0.0035683 0.0151897 1.31371e-17)
(0.00324405 0.0145544 1.93642e-16)
(0.0028656 0.0137743 1.35931e-16)
(0.00252334 0.0133792 -1.42403e-16)
(0.00211433 0.0123611 1.72555e-16)
(0.00194437 0.0126332 -3.04309e-16)
(0.001434 0.0106097 -2.79623e-16)
(0.0015993 0.0131707 2.44336e-17)
(0.000578226 0.00747654 1.66858e-16)
(0.00149793 0.0174782 -4.32723e-16)
(-0.416193 0.268676 -1.82059e-18)
(-0.432361 0.278903 3.23853e-18)
(-0.375574 0.238071 1.9589e-18)
(-0.358288 0.227681 -1.92752e-18)
(-0.342025 0.217775 -1.23616e-18)
(-0.326572 0.208033 2.22521e-18)
(-0.311875 0.198412 5.66963e-18)
(-0.297989 0.189122 -3.10266e-18)
(-0.284877 0.180436 -1.79573e-18)
(-0.272545 0.172439 -3.53233e-18)
(-0.260888 0.164901 -4.43772e-18)
(-0.249851 0.157491 -3.17362e-18)
(-0.239705 0.150043 9.00255e-18)
(-0.231171 0.142532 -3.54659e-19)
(-0.225718 0.135048 -2.98053e-18)
(-0.225311 0.127715 4.70723e-18)
(-0.231281 0.120555 -2.96156e-18)
(-0.242706 0.113678 -5.27896e-19)
(-0.254136 0.107518 8.97482e-18)
(-0.255897 0.102828 -7.88028e-18)
(-0.23421 0.101511 1.07668e-19)
(-0.177472 0.105823 7.53315e-18)
(-0.0813478 0.116647 1.75924e-17)
(0.0433664 0.13245 -6.86028e-18)
(0.17091 0.149546 -4.28782e-17)
(0.272589 0.164039 2.10824e-17)
(0.327499 0.172906 1.94464e-17)
(0.326405 0.174144 1.25437e-17)
(0.270473 0.166962 4.20002e-17)
(0.168629 0.151807 -8.84899e-18)
(0.0364951 0.130304 2.51591e-18)
(-0.10451 0.105202 4.53882e-17)
(-0.230415 0.0797392 -1.75848e-17)
(-0.317704 0.0575456 -1.9296e-17)
(-0.349444 0.0416514 2.16379e-17)
(-0.318446 0.0340633 1.34165e-18)
(-0.231954 0.0352279 2.2441e-17)
(-0.117669 0.0428478 1.84108e-17)
(-0.0151639 0.0523895 2.34674e-17)
(0.0407136 0.0578943 2.37314e-18)
(0.0485602 0.0572212 -9.88702e-18)
(0.0333521 0.0528443 1.0095e-17)
(0.0187024 0.048121 -1.82486e-17)
(0.0127069 0.044626 -2.4102e-17)
(0.0127148 0.0423197 -1.41804e-17)
(0.0142244 0.0405865 -1.39194e-17)
(0.0150232 0.0389409 3.18597e-18)
(0.0149614 0.0372307 6.47503e-18)
(0.0145189 0.035493 4.77606e-18)
(0.0140211 0.0338034 4.81158e-18)
(0.0135345 0.0321902 -1.52703e-19)
(0.0130386 0.0306653 1.26433e-19)
(0.0125096 0.0292189 6.20219e-18)
(0.0119519 0.0278408 4.52965e-18)
(0.0113725 0.02653 5.06435e-18)
(0.0107807 0.0252789 -3.49202e-17)
(0.0101804 0.0240854 -5.48607e-17)
(0.00957979 0.0229459 1.19209e-17)
(0.00898182 0.0218618 3.13314e-17)
(0.00839075 0.02083 7.71557e-18)
(0.00780963 0.0198547 6.62085e-17)
(0.00724316 0.0189302 -8.46497e-17)
(0.00669139 0.0180658 1.01653e-17)
(0.00616387 0.0172389 4.90987e-17)
(0.00561386 0.0164873 2.29685e-17)
(0.00549627 0.016687 1.03662e-17)
(0.00516835 0.0159933 3.81312e-17)
(0.00479877 0.0152724 8.65455e-17)
(0.00440359 0.01455 7.0162e-17)
(0.00399493 0.0139432 -4.06628e-17)
(0.00353981 0.0132015 -1.69063e-16)
(0.00311768 0.0128052 7.78024e-17)
(0.0026422 0.0118374 -3.84923e-17)
(0.00239487 0.0120536 1.45999e-16)
(0.00185019 0.0101326 2.75912e-16)
(0.00193262 0.0125075 4.2065e-16)
(0.000895781 0.00710029 -1.90689e-16)
(0.00177911 0.0166207 7.96219e-16)
(-0.400272 0.267333 2.12219e-18)
(-0.413058 0.276741 -2.89571e-18)
(-0.35478 0.238619 -9.40565e-19)
(-0.335789 0.227529 4.26849e-18)
(-0.317883 0.216805 3.75348e-18)
(-0.30101 0.206624 1.62438e-18)
(-0.285103 0.196784 -3.0333e-18)
(-0.27022 0.187138 6.85799e-20)
(-0.256326 0.177837 4.73259e-18)
(-0.243437 0.169095 1.80159e-18)
(-0.231507 0.160929 -1.92353e-18)
(-0.220462 0.153153 6.66848e-19)
(-0.210189 0.145578 -2.95845e-18)
(-0.2006 0.138144 1.4638e-18)
(-0.191772 0.130966 1.53787e-18)
(-0.184286 0.124233 2.07572e-18)
(-0.179307 0.117936 -1.92216e-18)
(-0.178596 0.111863 3.40609e-18)
(-0.183728 0.105667 -5.14269e-18)
(-0.194574 0.0992413 3.65398e-18)
(-0.207489 0.0929478 6.21472e-19)
(-0.213837 0.0876188 7.36343e-19)
(-0.201503 0.084851 -4.74314e-18)
(-0.159247 0.0865893 -6.99318e-18)
(-0.0819843 0.0938283 1.54931e-17)
(0.0205936 0.105466 5.34691e-18)
(0.124401 0.118604 -2.05539e-17)
(0.203463 0.129962 -4.03677e-18)
(0.240593 0.136888 -4.30574e-18)
(0.230231 0.137533 -9.60079e-18)
(0.176075 0.131135 -2.70284e-18)
(0.0884327 0.118296 -2.72477e-17)
(-0.0174365 0.10067 -1.72349e-17)
(-0.122337 0.0808379 -3.58047e-18)
(-0.206463 0.0617889 -7.77633e-18)
(-0.2531 0.0463332 -4.00586e-18)
(-0.252602 0.0365103 -1.62686e-17)
(-0.204572 0.033407 -5.44088e-18)
(-0.122208 0.0365985 -1.23593e-17)
(-0.0337032 0.0432281 -3.29916e-17)
(0.0282244 0.0487696 9.35795e-18)
(0.0502628 0.0499581 -4.61787e-18)
(0.043921 0.0472855 2.32063e-18)
(0.0305789 0.0433883 5.11476e-18)
(0.0222048 0.0400973 -1.55382e-17)
(0.0196768 0.037792 1.11633e-18)
(0.0197463 0.0360952 -8.3917e-18)
(0.0199193 0.0345708 -1.2709e-17)
(0.0194784 0.0330275 -1.42454e-17)
(0.0186372 0.031476 1.65817e-18)
(0.017699 0.0299776 -1.6555e-18)
(0.0167919 0.0285715 4.17024e-18)
(0.0159128 0.0272508 -1.40366e-18)
(0.0150464 0.0260015 -2.47643e-18)
(0.0141846 0.0248132 7.07392e-18)
(0.0133324 0.0236779 1.27461e-17)
(0.0124942 0.0225945 3.02842e-17)
(0.0116763 0.0215604 1.48689e-17)
(0.0108798 0.0205751 1.3387e-17)
(0.0101095 0.0196363 8.035e-18)
(0.00936481 0.018745 -4.16847e-17)
(0.00865078 0.0178962 1.48961e-17)
(0.00796553 0.0171004 6.34266e-18)
(0.00731945 0.0163344 2.51506e-17)
(0.00666464 0.0156396 3.2852e-17)
(0.00652025 0.0158805 2.75733e-17)
(0.00610854 0.0152288 -6.80818e-18)
(0.00565365 0.0145493 4.94802e-17)
(0.0051771 0.01387 1.2958e-17)
(0.00469324 0.0132987 -7.83482e-17)
(0.00416886 0.0126043 -7.55991e-17)
(0.00367478 0.0122179 1.01005e-16)
(0.00313435 0.011306 5.0328e-17)
(0.00281472 0.0114755 9.68654e-17)
(0.00223481 0.00965957 -4.49419e-17)
(0.00225046 0.0118519 -3.01205e-16)
(0.00119152 0.00671801 4.2528e-18)
(0.00207764 0.0157438 1.94996e-16)
(-0.365074 0.254564 -4.41485e-19)
(-0.375975 0.261995 1.54835e-18)
(-0.317259 0.224289 2.67557e-18)
(-0.298123 0.213151 -1.17604e-18)
(-0.280186 0.20268 -5.70757e-19)
(-0.263428 0.193162 -6.61693e-19)
(-0.247813 0.184168 -4.68611e-19)
(-0.2333 0.175283 4.88862e-18)
(-0.219848 0.16648 -1.06017e-18)
(-0.20744 0.157903 -2.18203e-18)
(-0.196033 0.149677 5.4186e-18)
(-0.185595 0.141863 3.58813e-20)
(-0.176068 0.134477 -2.05808e-18)
(-0.16734 0.127526 -5.75915e-18)
(-0.159295 0.121066 1.62908e-18)
(-0.151821 0.115153 1.48518e-18)
(-0.144964 0.109742 -8.73025e-20)
(-0.139102 0.104595 -3.24792e-18)
(-0.13525 0.09937 -9.37004e-19)
(-0.134995 0.0937765 -8.45861e-20)
(-0.139971 0.0877257 1.45085e-18)
(-0.150458 0.0814379 3.81724e-18)
(-0.163693 0.0753887 -1.08446e-19)
(-0.172147 0.0702735 2.72393e-18)
(-0.164685 0.0672963 1.32406e-18)
(-0.130945 0.0680702 -2.15956e-18)
(-0.0670544 0.0735731 1.09314e-17)
(0.0164308 0.0829135 -4.79058e-19)
(0.0967483 0.0935458 -1.26455e-17)
(0.151902 0.102465 -7.16994e-19)
(0.169754 0.107195 -1.84888e-17)
(0.149073 0.106365 3.35054e-18)
(0.0961043 0.0997792 8.41771e-18)
(0.0221232 0.0884394 8.94863e-18)
(-0.0582194 0.074206 -1.80046e-17)
(-0.128888 0.0593467 1.9723e-18)
(-0.175226 0.0462318 2.89064e-18)
(-0.18781 0.0366556 9.82587e-18)
(-0.163486 0.0318008 -2.82094e-17)
(-0.107728 0.0320127 6.68201e-18)
(-0.0386495 0.0358554 -9.32006e-18)
(0.0194884 0.0404759 -7.62828e-18)
(0.0475721 0.042501 1.1978e-17)
(0.0484762 0.041212 -6.33085e-18)
(0.0384008 0.0382614 1.81677e-17)
(0.0295967 0.035311 -2.89913e-19)
(0.0253935 0.0330308 6.8639e-19)
(0.0241186 0.0313197 -9.12738e-18)
(0.0235799 0.0298868 -3.18243e-18)
(0.0227571 0.0285397 -1.60028e-17)
(0.0215986 0.0272398 -6.06118e-19)
(0.0203327 0.0260075 -5.5143e-18)
(0.0191078 0.024857 -4.29475e-18)
(0.0179451 0.0237783 3.60865e-18)
(0.0168239 0.022754 -3.72425e-18)
(0.0157336 0.0217741 -2.42032e-18)
(0.0146758 0.0208375 8.88227e-18)
(0.0136552 0.0199423 -7.10992e-18)
(0.0126752 0.0190878 -1.08722e-17)
(0.0117374 0.0182701 -1.46051e-17)
(0.0108427 0.0174904 3.21844e-17)
(0.00999255 0.0167417 -1.66137e-17)
(0.00918567 0.0160353 3.1366e-17)
(0.00842948 0.0153472 2.51796e-17)
(0.00768151 0.0147239 -8.73537e-18)
(0.00751819 0.0150099 -1.52357e-17)
(0.00702752 0.0144048 -3.44311e-17)
(0.00649214 0.0137713 -4.09001e-17)
(0.00594223 0.013141 -8.20948e-17)
(0.00538783 0.0126091 2.21144e-17)
(0.00479842 0.0119664 1.16615e-16)
(0.00423549 0.0115991 5.68278e-18)
(0.00363165 0.0107526 -2.5718e-17)
(0.00323802 0.0108902 -1.29139e-16)
(0.00261873 0.00918124 1.29109e-17)
(0.00256758 0.0111995 -1.48628e-16)
(0.001488 0.00633022 1.05866e-17)
(0.00238524 0.0148444 -5.60737e-16)
(-0.318919 0.230982 -3.68335e-19)
(-0.328274 0.238184 2.41262e-19)
(-0.272919 0.203944 2.18679e-20)
(-0.255149 0.193206 -6.28952e-19)
(-0.238544 0.182602 -4.71614e-19)
(-0.223137 0.173017 -3.11409e-19)
(-0.208889 0.164395 6.25779e-20)
(-0.19576 0.156273 -4.56265e-19)
(-0.18366 0.148283 -6.8703e-19)
(-0.172521 0.140377 1.76561e-18)
(-0.16231 0.132748 -2.54935e-18)
(-0.152971 0.125631 -6.94823e-20)
(-0.144454 0.119164 6.1268e-19)
(-0.136711 0.113304 2.13372e-18)
(-0.129694 0.1079 9.42242e-19)
(-0.123309 0.102796 -7.38474e-19)
(-0.117459 0.0979067 1.45685e-18)
(-0.11203 0.0931435 3.08016e-19)
(-0.107022 0.0883976 1.78552e-18)
(-0.102748 0.0835571 2.34266e-20)
(-0.100052 0.0785677 -9.77672e-19)
(-0.1004 0.073478 -6.18707e-19)
(-0.105385 0.068346 1.72648e-18)
(-0.115434 0.0632443 1.40527e-18)
(-0.128115 0.0583578 2.02556e-18)
(-0.136392 0.05416 1.70644e-18)
(-0.13007 0.0517594 -1.60056e-19)
(-0.100473 0.0526502 -2.2369e-18)
(-0.046451 0.0576355 8.67671e-18)
(0.0196615 0.0655772 -3.55704e-18)
(0.0768959 0.0738293 1.20747e-17)
(0.108632 0.0797722 3.12311e-18)
(0.108723 0.0816851 7.48121e-18)
(0.0800577 0.0790313 -1.23772e-17)
(0.0310072 0.0723131 1.41763e-17)
(-0.0270396 0.0627651 6.86873e-19)
(-0.0811318 0.052095 1.64274e-17)
(-0.119582 0.0420568 -1.34876e-17)
(-0.134175 0.0341226 1.34935e-17)
(-0.121491 0.0293258 4.83389e-18)
(-0.0839623 0.0281607 -7.33269e-18)
(-0.0319442 0.0302165 3.71356e-18)
(0.016536 0.0335733 -2.5934e-17)
(0.0444316 0.0356839 -2.99781e-19)
(0.0497076 0.035326 7.06259e-19)
(0.0429223 0.0332441 -7.68031e-19)
(0.0347454 0.0307656 5.57067e-18)
(0.0295504 0.0286069 6.23312e-18)
(0.027105 0.0269226 -3.53365e-18)
(0.0258465 0.0255905 3.30862e-19)
(0.0246851 0.0244498 -4.63577e-18)
(0.0233121 0.0234004 -4.35922e-19)
(0.0218344 0.0224094 8.72557e-18)
(0.0203938 0.0214722 -2.2418e-18)
(0.0190373 0.0205864 -1.16906e-18)
(0.0177514 0.0197483 1.806e-18)
(0.0165211 0.018956 -4.61497e-18)
(0.0153422 0.0182052 -6.49736e-18)
(0.0142173 0.0174916 -1.04222e-17)
(0.0131479 0.0168089 5.94689e-18)
(0.0121341 0.0161554 -1.15666e-17)
(0.0111755 0.0155222 8.27082e-18)
(0.0102701 0.0149188 2.71518e-18)
(0.00942341 0.0143211 -2.77398e-17)
(0.00859736 0.013778 -2.62813e-17)
(0.00842346 0.0141087 2.76997e-17)
(0.00786331 0.0135533 4.55632e-18)
(0.00725948 0.0129695 -2.46038e-17)
(0.00664694 0.0123879 4.08373e-17)
(0.00603313 0.0118964 5.94227e-18)
(0.00538948 0.0113085 -8.04777e-19)
(0.00476634 0.0109658 -6.8536e-17)
(0.00410428 0.0101872 -5.4893e-17)
(0.00363681 0.0103013 1.03686e-16)
(0.00298056 0.00870227 1.37389e-17)
(0.00285802 0.0105587 9.97642e-17)
(0.00177263 0.00594286 1.37989e-18)
(0.00267044 0.0139303 1.87245e-16)
(-0.270317 0.196751 -4.15014e-19)
(-0.278743 0.202634 -2.34433e-19)
(-0.229787 0.173091 -5.99401e-19)
(-0.214467 0.164399 2.3182e-19)
(-0.200101 0.155658 3.61296e-19)
(-0.186781 0.147579 1.98209e-19)
(-0.174474 0.140242 5.34742e-19)
(-0.16315 0.133519 -1.09824e-18)
(-0.15272 0.12711 -4.86123e-19)
(-0.143116 0.120689 -1.07554e-18)
(-0.134294 0.114165 1.33106e-19)
(-0.126199 0.107828 3.49966e-19)
(-0.118769 0.102113 4.64425e-19)
(-0.111982 0.0972329 -1.18111e-19)
(-0.105807 0.0929801 -2.21563e-18)
(-0.100207 0.0889352 -3.08675e-19)
(-0.0951461 0.0847814 6.97514e-20)
(-0.0905708 0.0804627 -1.75121e-19)
(-0.0863797 0.0760957 -1.01464e-18)
(-0.0824571 0.0718166 -2.30026e-18)
(-0.0787759 0.0676994 -8.64108e-19)
(-0.0755943 0.0637658 1.18685e-18)
(-0.0736984 0.0600082 1.64149e-18)
(-0.0744784 0.056357 -5.59932e-19)
(-0.079474 0.0526626 -2.85919e-18)
(-0.0889526 0.048816 -9.02283e-19)
(-0.100255 0.0449996 -5.71939e-19)
(-0.106523 0.0418021 2.78191e-18)
(-0.09866 0.0403673 -5.19702e-18)
(-0.0706192 0.0419194 4.98722e-19)
(-0.0252259 0.0465793 -1.83171e-18)
(0.0236024 0.0528085 -5.80001e-18)
(0.0584576 0.0581987 -5.47233e-18)
(0.0692235 0.0609455 6.81975e-18)
(0.05567 0.0603313 1.06555e-18)
(0.0240972 0.0565745 -3.40088e-18)
(-0.0161058 0.0505338 -1.07294e-17)
(-0.0546835 0.0434258 -4.98043e-18)
(-0.0826117 0.0365083 9.89794e-19)
(-0.0937601 0.0308015 -2.27733e-18)
(-0.0857682 0.0269529 1.39914e-17)
(-0.0596852 0.0253872 -5.66324e-19)
(-0.021452 0.0261073 9.10733e-18)
(0.0160769 0.0280202 1.2156e-17)
(0.0400102 0.029409 -6.45234e-19)
(0.0471543 0.0291808 2.11684e-18)
(0.0434781 0.0276127 -2.56474e-18)
(0.037068 0.02567 3.75826e-18)
(0.0319341 0.0238745 6.67541e-18)
(0.0287892 0.0224566 9.56831e-18)
(0.0269248 0.0213835 1.88056e-18)
(0.0254856 0.0205241 4.4172e-18)
(0.0240188 0.0197553 -4.32525e-18)
(0.0224707 0.0190162 -4.04976e-18)
(0.020934 0.0182964 3.74256e-18)
(0.0194742 0.0176084 -9.84587e-19)
(0.0181011 0.0169623 7.55946e-19)
(0.0168032 0.0163571 1.66483e-18)
(0.0155742 0.0157862 1.21513e-18)
(0.014412 0.0152409 1.47245e-18)
(0.0133149 0.0147166 -2.24425e-18)
(0.0122793 0.0142017 -8.92614e-18)
(0.0113033 0.0137052 -1.41555e-17)
(0.0103914 0.0132037 1.96454e-17)
(0.00951047 0.0127462 1.24315e-17)
(0.00934414 0.0131234 -6.86438e-18)
(0.0087224 0.0126239 1.54193e-17)
(0.00805688 0.0120942 4.55226e-18)
(0.00739122 0.0115645 6.31806e-18)
(0.00672953 0.0111161 -7.06423e-18)
(0.00604225 0.0105846 3.34652e-17)
(0.00536904 0.0102696 -1.93132e-18)
(0.00465369 0.00956299 5.97556e-17)
(0.00411584 0.00966329 2.97093e-17)
(0.00341083 0.00818486 -1.21191e-17)
(0.00322299 0.00987881 -1.06359e-17)
(0.00209597 0.00554691 1.17655e-17)
(0.00311295 0.0129174 -1.84372e-16)
(-0.249059 0.16898 -7.23634e-21)
(-0.257035 0.173938 -1.41718e-19)
(-0.211757 0.148466 1.40752e-20)
(-0.197435 0.141407 1.55906e-19)
(-0.183939 0.13414 -1.02282e-19)
(-0.171359 0.127249 -1.89902e-19)
(-0.159705 0.120724 -1.14268e-19)
(-0.148933 0.114399 3.62835e-19)
(-0.138981 0.108292 3.85746e-19)
(-0.129792 0.102487 3.0988e-19)
(-0.12131 0.0970442 -3.26803e-21)
(-0.113486 0.0920323 -1.16456e-19)
(-0.106284 0.0875015 4.32458e-20)
(-0.0996763 0.0834002 -1.49627e-19)
(-0.0936489 0.0795398 4.60685e-19)
(-0.088173 0.0756534 -1.77029e-19)
(-0.0832247 0.0716211 9.70162e-20)
(-0.078781 0.0675292 -1.75846e-19)
(-0.0747896 0.0635883 -8.53488e-19)
(-0.0711892 0.0599728 1.06944e-19)
(-0.0678793 0.0566879 6.2384e-19)
(-0.0647374 0.0536306 -7.97325e-19)
(-0.0617399 0.0507254 -9.46918e-19)
(-0.0591392 0.0479404 -5.8706e-19)
(-0.0577298 0.0452681 1.31322e-19)
(-0.0588894 0.0426132 3.75635e-19)
(-0.0639502 0.0398074 6.97429e-19)
(-0.0727125 0.0367806 -1.23601e-18)
(-0.0817664 0.0338291 9.48129e-19)
(-0.0848364 0.0314857 1.05158e-18)
(-0.0740695 0.0307717 -1.24218e-18)
(-0.0468838 0.0324703 2.81072e-18)
(-0.0102175 0.0361418 4.40311e-18)
(0.0220202 0.0403165 -1.37503e-18)
(0.037396 0.0432905 -6.14934e-18)
(0.0320801 0.0440367 5.20921e-19)
(0.0105545 0.042383 -1.71868e-18)
(-0.0183502 0.0387902 4.09248e-18)
(-0.0449617 0.0341685 1.78339e-18)
(-0.0614918 0.0295938 3.10594e-18)
(-0.0641804 0.0259445 4.8213e-18)
(-0.0533107 0.023656 4.65136e-18)
(-0.0311602 0.0229281 7.84236e-18)
(-0.00266071 0.0236061 -5.41133e-18)
(0.0239957 0.0250118 -4.71763e-19)
(0.0408224 0.0260939 1.9519e-18)
(0.0456623 0.0260727 -1.83679e-18)
(0.0425942 0.0249454 -1.29626e-18)
(0.0371478 0.0233254 4.33777e-18)
(0.0322763 0.0217524 -1.75732e-18)
(0.0287336 0.0204239 2.36473e-18)
(0.0263226 0.0193486 -2.81551e-18)
(0.0245472 0.0184536 -2.6279e-18)
(0.0229885 0.017667 4.4658e-18)
(0.0214666 0.0169483 -9.05049e-19)
(0.019976 0.0162893 3.37177e-19)
(0.0185531 0.0156919 -4.03461e-19)
(0.0172132 0.0151502 -6.77679e-21)
(0.0159559 0.0146534 9.69896e-19)
(0.014774 0.0141854 -8.03446e-19)
(0.0136627 0.0137378 5.89595e-19)
(0.0126166 0.0132959 3.52049e-18)
(0.011632 0.0128675 -2.73733e-18)
(0.0107117 0.0124278 -6.24243e-18)
(0.00982394 0.0120266 -3.27867e-18)
(0.00968961 0.0124288 6.36646e-18)
(0.00905238 0.0119591 -1.01282e-17)
(0.00837152 0.0114601 8.50811e-18)
(0.00769405 0.0109603 4.55855e-19)
(0.00701958 0.010535 -3.81888e-18)
(0.00632261 0.0100346 -2.4595e-17)
(0.00562813 0.00973176 -9.6741e-18)
(0.00490261 0.00906873 -2.08427e-17)
(0.0043147 0.00916621 -4.38846e-17)
(0.00362823 0.00776175 -6.29112e-18)
(0.0033427 0.00937414 3.40338e-17)
(0.00232591 0.00521063 -2.96429e-18)
(0.00329662 0.012101 3.40112e-17)
(-0.187744 0.112668 -8.85101e-21)
(-0.193874 0.115908 -2.95971e-20)
(-0.156583 0.0981695 9.89846e-22)
(-0.144964 0.0932133 -4.89618e-21)
(-0.134066 0.0880035 2.37309e-21)
(-0.123997 0.0829591 2.05517e-20)
(-0.114775 0.0779528 7.58196e-20)
(-0.106345 0.07298 2.83333e-20)
(-0.0986573 0.0683791 -1.05386e-20)
(-0.0916587 0.064444 5.22573e-20)
(-0.0853064 0.0611492 -3.98469e-20)
(-0.0795499 0.058196 -5.37178e-20)
(-0.074349 0.0552627 -2.18673e-19)
(-0.0696568 0.0521933 1.41508e-19)
(-0.0654363 0.0490196 1.62946e-19)
(-0.0616421 0.045856 -3.49038e-20)
(-0.0582366 0.0428558 -3.10002e-20)
(-0.0551875 0.0401372 1.53138e-19)
(-0.0524655 0.0377782 2.19421e-19)
(-0.0500512 0.0357838 1.02922e-19)
(-0.0479174 0.0340527 -3.57739e-20)
(-0.0460061 0.0324307 1.91013e-19)
(-0.0442185 0.0307969 5.33128e-20)
(-0.0424041 0.0291276 1.11638e-19)
(-0.040452 0.0275158 6.6172e-20)
(-0.0385192 0.026045 -1.02817e-19)
(-0.0373054 0.0246997 -1.37252e-19)
(-0.0381136 0.0233212 6.96946e-19)
(-0.0423238 0.0217312 4.3416e-19)
(-0.049987 0.0198742 -6.61226e-19)
(-0.0583352 0.0180143 -1.46958e-19)
(-0.0624112 0.0165972 -2.6146e-19)
(-0.056624 0.0162267 -8.51743e-19)
(-0.0402188 0.0171395 -1.59071e-18)
(-0.0190291 0.0189203 2.92377e-18)
(-0.00205249 0.0206751 3.0428e-18)
(0.00376356 0.021666 2.09183e-18)
(-0.00299991 0.0216216 3.76536e-19)
(-0.0186824 0.020699 4.86649e-19)
(-0.0366152 0.0192955 -1.83567e-18)
(-0.0496769 0.0178655 -3.33352e-18)
(-0.0528211 0.0167187 -2.33065e-18)
(-0.0444644 0.0159838 -5.92965e-18)
(-0.0261905 0.0156936 -2.2854e-18)
(-0.00246221 0.0158407 6.22136e-19)
(0.0201612 0.0162524 -6.8414e-19)
(0.0357215 0.0166226 -3.61965e-19)
(0.042219 0.0166791 1.66683e-18)
(0.0421065 0.0163753 -9.8048e-19)
(0.0390515 0.0158427 -8.31759e-19)
(0.0353413 0.0152356 3.88689e-19)
(0.0318969 0.0146655 1.04519e-18)
(0.0289889 0.0141751 2.3572e-18)
(0.0266024 0.013749 -8.57112e-19)
(0.0245878 0.0133598 3.90563e-19)
(0.0228097 0.0129983 2.36164e-20)
(0.0211953 0.0126699 -2.1143e-20)
(0.0197163 0.0123729 -1.27261e-20)
(0.0183545 0.0120983 -6.46705e-20)
(0.0170942 0.0118309 -2.77451e-19)
(0.0159201 0.0115634 -3.72172e-20)
(0.0148189 0.0112833 -8.93044e-19)
(0.0137818 0.0109992 2.65954e-18)
(0.0128017 0.0106866 -5.73335e-19)
(0.011864 0.0103949 1.74903e-18)
(0.0117377 0.0108348 -3.02956e-18)
(0.0109825 0.0104352 2.81804e-18)
(0.0101861 0.0100212 7.95665e-20)
(0.00941839 0.00960847 2.02541e-18)
(0.00867241 0.00925105 7.22537e-18)
(0.00790711 0.00884257 -8.0846e-19)
(0.00715234 0.00857436 1.68297e-18)
(0.00630617 0.00804037 -2.6304e-18)
(0.00564218 0.00806111 -2.22818e-18)
(0.00465195 0.00696308 6.21343e-18)
(0.00456403 0.00809334 -2.58709e-17)
(0.00261883 0.00496818 -3.58034e-18)
(0.0055917 0.0103315 5.88197e-17)
)
;

boundaryField
{
    inlet
    {
        type            calculated;
        value           nonuniform List<vector> 
27
(
(-0.0100084 0.47317 -5.43515e-16)
(-0.00820205 0.452572 -5.5958e-16)
(-0.00710115 0.434969 8.96144e-16)
(-0.00642056 0.423974 -1.39131e-15)
(-0.00577809 0.413888 -7.8178e-16)
(-0.00509005 0.402719 1.95282e-15)
(-0.00439782 0.391133 -4.72899e-16)
(-0.00374458 0.379866 6.56705e-16)
(-0.00313799 0.368748 1.91623e-16)
(-0.00257298 0.357757 -1.08895e-15)
(-0.00203899 0.346711 3.45576e-16)
(-0.0015363 0.335722 6.13243e-17)
(-0.00106492 0.324642 -9.48401e-17)
(-0.00062468 0.313458 1.35064e-16)
(-0.000207993 0.301902 -2.49564e-16)
(0.000187974 0.289685 1.82151e-16)
(0.000601117 0.276227 2.59839e-16)
(0.000981926 0.260905 5.57603e-17)
(0.00127346 0.250405 -2.35237e-16)
(0.00149795 0.242643 -4.32723e-16)
(0.00177918 0.233543 7.96219e-16)
(0.00207765 0.222934 1.94996e-16)
(0.00238526 0.210958 -5.60737e-16)
(0.00267045 0.195774 1.87245e-16)
(0.00311296 0.174871 -1.84372e-16)
(0.00329662 0.133458 3.40112e-17)
(0.0055917 0.0680971 5.88197e-17)
)
;
    }
    outlet
    {
        type            calculated;
        value           nonuniform List<vector> 
78
(
(-0.190266 0.112668 -8.85101e-21)
(-0.197428 0.115907 -2.95971e-20)
(-0.161134 0.0981694 9.89846e-22)
(-0.150485 0.0932129 -4.89618e-21)
(-0.140544 0.0880034 2.37309e-21)
(-0.131451 0.0829587 2.05517e-20)
(-0.123205 0.0779527 7.58196e-20)
(-0.115742 0.0729797 2.83333e-20)
(-0.108981 0.0683791 -1.05386e-20)
(-0.102894 0.0644438 5.22573e-20)
(-0.0974599 0.0611491 -3.98469e-20)
(-0.0926757 0.0581958 -5.37178e-20)
(-0.0884925 0.0552626 -2.18673e-19)
(-0.0848608 0.0521931 1.41508e-19)
(-0.081698 0.0490195 1.62946e-19)
(-0.0789567 0.0458558 -3.49038e-20)
(-0.0765804 0.0428557 -3.10002e-20)
(-0.0745696 0.040137 1.53138e-19)
(-0.0728976 0.0377781 2.19421e-19)
(-0.0715923 0.0357836 1.02922e-19)
(-0.0706295 0.0340526 -3.57739e-20)
(-0.0699954 0.0324305 1.91013e-19)
(-0.0695749 0.0307969 5.33128e-20)
(-0.0692429 0.0291275 1.11638e-19)
(-0.0688588 0.0275157 6.6172e-20)
(-0.0686178 0.0260449 -1.02817e-19)
(-0.0692113 0.0246996 -1.37252e-19)
(-0.0720091 0.0233211 6.96946e-19)
(-0.0783956 0.0217312 4.3416e-19)
(-0.0885262 0.0198741 -6.61226e-19)
(-0.0997507 0.0180143 -1.46958e-19)
(-0.107466 0.0165971 -2.6146e-19)
(-0.106528 0.0162267 -8.51743e-19)
(-0.0966937 0.0171394 -1.59071e-18)
(-0.0836736 0.0189203 2.92377e-18)
(-0.0754013 0.020675 3.0428e-18)
(-0.0767105 0.021666 2.09183e-18)
(-0.0867049 0.0216216 3.76536e-19)
(-0.0996963 0.0206991 4.86649e-19)
(-0.107914 0.0192955 -1.83567e-18)
(-0.104184 0.0178655 -3.33352e-18)
(-0.0850501 0.0167187 -2.33065e-18)
(-0.0521372 0.0159838 -5.92965e-18)
(-0.0114407 0.0156936 -2.2854e-18)
(0.0284523 0.0158407 6.22136e-19)
(0.0584838 0.0162524 -6.8414e-19)
(0.0731028 0.0166226 -3.61965e-19)
(0.0733816 0.0166791 1.66683e-18)
(0.0657229 0.0163753 -9.8048e-19)
(0.0562474 0.0158427 -8.31759e-19)
(0.0477345 0.0152356 3.88689e-19)
(0.0405972 0.0146655 1.04519e-18)
(0.0346483 0.0141751 2.3572e-18)
(0.0297046 0.013749 -8.57112e-19)
(0.0256203 0.0133598 3.90563e-19)
(0.0222443 0.0129983 2.36164e-20)
(0.0194512 0.0126699 -2.1143e-20)
(0.0171319 0.0123729 -1.27261e-20)
(0.0151955 0.0120983 -6.46705e-20)
(0.0135629 0.0118309 -2.77451e-19)
(0.0121692 0.0115634 -3.72172e-20)
(0.010961 0.0112833 -8.93044e-19)
(0.0099032 0.0109992 2.65954e-18)
(0.00896035 0.0106866 -5.73335e-19)
(0.00814975 0.0103949 1.74903e-18)
(0.00811771 0.0108348 -3.02956e-18)
(0.00727373 0.0104352 2.81804e-18)
(0.00653208 0.0100212 7.95665e-20)
(0.00569371 0.00960846 2.02541e-18)
(0.00533008 0.00925105 7.22537e-18)
(0.00408374 0.00884257 -8.0846e-19)
(0.00469483 0.00857436 1.68297e-18)
(0.00160733 0.00804036 -2.6304e-18)
(0.00560541 0.00806111 -2.22818e-18)
(-0.00365147 0.00696308 6.21343e-18)
(0.0104108 0.00809334 -2.58709e-17)
(-0.0181305 0.00496818 -3.58034e-18)
(0.0240795 0.0103315 5.88197e-17)
)
;
    }
    walls
    {
        type            calculated;
        value           nonuniform List<vector> 0();
    }
    frontAndBack
    {
        type            empty;
    }
    procBoundary7to3
    {
        type            processor;
        value           nonuniform List<vector> 
16
(
(0.325342 0.087149 -6.15397e-17)
(0.201585 0.139586 -1.17766e-17)
(0.0638361 0.18262 -1.07437e-17)
(-0.0638602 0.222386 5.3579e-18)
(-0.186399 0.260383 -2.00109e-19)
(-0.287286 0.27499 1.74374e-18)
(-0.406142 0.312351 8.3454e-18)
(-0.475156 0.336 -2.3842e-18)
(-0.492651 0.327909 8.24842e-19)
(-0.492651 0.327909 8.24842e-19)
(-0.480365 0.320839 4.23337e-18)
(-0.446137 0.305706 2.25397e-19)
(-0.395898 0.275873 4.46999e-19)
(-0.338789 0.235953 8.02039e-20)
(-0.312686 0.202819 1.77453e-19)
(-0.239896 0.134842 9.0412e-20)
)
;
    }
    procBoundary7to6
    {
        type            processor;
        value           nonuniform List<vector> 
91
(
(-0.0121959 0.0431579 3.46941e-16)
(-0.0034697 0.016054 4.16198e-16)
(-0.0034697 0.016054 4.16198e-16)
(-0.00669586 0.029115 5.70718e-17)
(-0.00669586 0.029115 5.70718e-17)
(-0.00621894 0.021429 -9.4627e-18)
(-0.00621894 0.021429 -9.4627e-18)
(-0.0077199 0.0236894 -1.20988e-15)
(-0.00691436 0.0251842 7.88498e-16)
(-0.00691436 0.0251842 7.88498e-16)
(-0.00893462 0.0247954 -1.19036e-16)
(-0.0080479 0.0247316 -7.28515e-16)
(-0.0080479 0.0247316 -7.28515e-16)
(-0.0107496 0.0264888 -1.01714e-15)
(-0.00979665 0.0257502 1.91204e-17)
(-0.00894197 0.0251968 -5.066e-16)
(-0.00894197 0.0251968 -5.066e-16)
(-0.0124903 0.0275716 -2.02223e-16)
(-0.0116374 0.0275491 -6.68e-16)
(-0.010641 0.0268195 1.80374e-16)
(-0.010641 0.0268195 1.80374e-16)
(-0.0159644 0.030321 1.55191e-15)
(-0.0146614 0.0296253 4.11485e-16)
(-0.0134268 0.028891 1.14682e-15)
(-0.0122509 0.0281296 -1.75311e-16)
(-0.0122509 0.0281296 -1.75311e-16)
(-0.0215491 0.0336719 -1.12648e-16)
(-0.0199625 0.0331396 2.5742e-17)
(-0.0184414 0.032527 -4.06495e-17)
(-0.0169899 0.0318537 -9.21057e-16)
(-0.015613 0.0311287 4.32425e-16)
(-0.015613 0.0311287 4.32425e-16)
(-0.0333409 0.0359452 2.02033e-16)
(-0.0310618 0.0360854 2.86679e-16)
(-0.0288911 0.0360861 -1.68921e-17)
(-0.0268306 0.0359562 1.96657e-16)
(-0.0248759 0.0357061 1.97491e-16)
(-0.0230262 0.0353399 3.79383e-17)
(-0.0212738 0.0348658 1.87066e-17)
(-0.0212738 0.0348658 1.87066e-17)
(-0.0741445 0.0293134 -2.83483e-18)
(-0.0697506 0.0308053 -9.39155e-18)
(-0.065503 0.0321553 -5.48e-18)
(-0.0613408 0.0333953 -3.42827e-17)
(-0.0573361 0.0345063 -2.78772e-17)
(-0.0535194 0.0354728 -4.84589e-17)
(-0.0498884 0.0362887 1.19672e-16)
(-0.0464335 0.0369577 -2.99739e-17)
(-0.0431511 0.0374798 6.51513e-17)
(-0.0400386 0.0378572 1.22592e-16)
(-0.037097 0.0380939 -6.4901e-17)
(-0.034321 0.0381941 -2.34626e-16)
(-0.034321 0.0381941 -2.34626e-16)
(0.332587 0.0289019 2.00871e-18)
(0.291065 0.0321533 -1.1237e-17)
(0.320174 0.0451337 -5.45346e-17)
(0.419503 0.0618301 -4.56436e-17)
(0.596938 0.0799298 1.48444e-17)
(0.833226 0.101693 3.13394e-18)
(1.09496 0.125494 -2.14941e-17)
(1.34812 0.147615 1.53926e-18)
(1.5603 0.164976 7.04677e-17)
(1.69896 0.174559 3.08304e-17)
(1.73257 0.172827 -5.43313e-17)
(1.63568 0.156494 -4.37608e-19)
(1.39572 0.123809 -2.14005e-17)
(1.01808 0.0750529 -5.39531e-17)
(0.527557 0.0127201 2.78297e-18)
(-0.034303 -0.058704 8.31523e-17)
(-0.615276 -0.133238 4.51856e-17)
(-1.15829 -0.204141 -7.69256e-17)
(-1.60787 -0.264113 -8.79198e-17)
(-1.91287 -0.304933 1.78099e-17)
(-2.04438 -0.32093 6.0616e-17)
(-1.98737 -0.308172 -9.70901e-18)
(-1.73644 -0.264695 -9.35502e-17)
(-1.30454 -0.1923 1.76279e-16)
(-0.758753 -0.100121 -3.099e-17)
(-0.241063 -0.006713 -4.67765e-17)
(0.0595462 0.0540372 6.82017e-18)
(0.086546 0.0645015 8.50661e-19)
(-0.0384687 0.0443823 -4.12724e-17)
(-0.145884 0.024512 1.55908e-17)
(-0.167589 0.0184818 -3.15003e-19)
(-0.135535 0.0232202 -2.05952e-17)
(-0.102438 0.0303044 1.06575e-17)
(-0.0890432 0.0345904 1.349e-17)
(-0.0875919 0.0359643 2.14349e-17)
(-0.0863827 0.036416 -8.55144e-18)
(-0.081944 0.0371587 7.77057e-18)
(-0.081944 0.0371587 7.77057e-18)
)
;
    }
}


// ************************************************************************* //
