/*--------------------------------*- C++ -*----------------------------------*\
| =========                 |                                                 |
| \\      /  F ield         | OpenFOAM: The Open Source CFD Toolbox           |
|  \\    /   O peration     | Version:  2306                                  |
|   \\  /    A nd           | Website:  www.openfoam.com                      |
|    \\/     M anipulation  |                                                 |
\*---------------------------------------------------------------------------*/
FoamFile
{
    version     2.0;
    format      ascii;
    arch        "LSB;label=32;scalar=64";
    class       volVectorField;
    location    "750";
    object      momentError;
}
// * * * * * * * * * * * * * * * * * * * * * * * * * * * * * * * * * * * * * //

dimensions      [0 1 -2 0 0 0 0];

internalField   nonuniform List<vector> 
1340
(
(-8.58483e-05 0.000145431 2.99402e-14)
(-9.78118e-05 8.26007e-05 -7.52055e-14)
(-5.17264e-05 2.01466e-05 9.5795e-14)
(-9.58639e-06 -2.9765e-05 -6.00386e-14)
(4.06137e-05 -5.21593e-05 -1.46125e-13)
(5.85128e-05 -5.13131e-05 -1.64675e-13)
(6.63836e-05 -4.51089e-05 1.32091e-14)
(6.61705e-05 -3.71412e-05 1.33035e-13)
(6.23759e-05 -2.96499e-05 3.99406e-14)
(5.71e-05 -2.34927e-05 -5.0307e-14)
(5.11836e-05 -1.82783e-05 -3.5475e-14)
(4.49981e-05 -1.44453e-05 -2.1818e-14)
(3.90073e-05 -1.09841e-05 3.90399e-14)
(3.27602e-05 -8.87334e-06 1.72961e-14)
(2.71276e-05 -6.89577e-06 2.50514e-14)
(2.1777e-05 -6.8895e-06 -3.38378e-14)
(2.06677e-05 -7.43515e-06 -2.46551e-14)
(2.37623e-05 -7.31641e-06 1.8184e-14)
(2.79426e-05 -6.73838e-06 1.24074e-14)
(3.32956e-05 -5.27188e-06 6.93017e-15)
(3.82938e-05 -5.13353e-06 -1.46248e-15)
(3.74848e-05 -2.39773e-06 -2.8451e-16)
(2.82104e-05 -5.93759e-06 2.30613e-16)
(2.75499e-05 -1.90168e-06 -4.51366e-16)
(3.69237e-05 -1.3021e-06 -1.86755e-15)
(4.34137e-05 -1.59236e-07 -1.26035e-15)
(4.22166e-05 -1.05604e-06 -3.83959e-15)
(8.20792e-05 1.88286e-06 -2.90603e-15)
(4.75048e-05 5.83744e-05 1.11416e-13)
(-7.94756e-06 7.51915e-05 5.95854e-14)
(-3.14137e-05 3.19909e-05 -8.25881e-14)
(-1.90297e-05 -1.11661e-05 -1.06483e-14)
(4.79183e-06 -4.38049e-05 1.01897e-13)
(3.38053e-05 -5.47811e-05 -5.20992e-15)
(5.03767e-05 -5.31751e-05 1.22903e-14)
(5.87608e-05 -4.66288e-05 -2.47923e-14)
(6.05768e-05 -3.86719e-05 -3.2588e-14)
(5.84314e-05 -3.10828e-05 1.41526e-14)
(5.45359e-05 -2.44469e-05 1.70869e-14)
(4.94903e-05 -1.90211e-05 -5.80437e-14)
(4.40855e-05 -1.45858e-05 2.69297e-14)
(3.83785e-05 -1.1167e-05 1.78451e-14)
(3.27758e-05 -8.25252e-06 1.46789e-14)
(2.73375e-05 -6.39592e-06 3.19093e-14)
(2.30025e-05 -5.14633e-06 4.1782e-14)
(2.19333e-05 -6.13166e-06 1.76494e-14)
(2.4699e-05 -6.0296e-06 -1.51654e-14)
(2.85884e-05 -5.78777e-06 8.16091e-16)
(3.35114e-05 -4.95948e-06 -5.68206e-15)
(3.90032e-05 -3.88698e-06 -2.08584e-15)
(3.77628e-05 -2.00893e-06 3.93334e-16)
(3.2343e-05 8.45943e-07 -3.86169e-17)
(4.56603e-05 -3.79948e-06 2.82906e-16)
(5.00807e-05 5.02994e-07 6.14069e-16)
(5.60398e-05 2.50511e-06 1.84953e-15)
(7.12974e-05 4.27703e-06 2.35467e-15)
(6.15888e-05 2.33567e-06 7.65761e-16)
(5.76714e-05 2.49941e-05 1.35491e-14)
(2.53444e-05 2.97352e-05 -1.17648e-13)
(7.43978e-06 3.63244e-06 -7.91933e-14)
(8.1975e-06 -2.15678e-05 -8.81236e-14)
(2.17726e-05 -4.02641e-05 9.75412e-14)
(3.84555e-05 -4.76686e-05 1.4533e-14)
(5.04035e-05 -4.74552e-05 -1.36542e-14)
(5.6766e-05 -4.31235e-05 -8.08997e-14)
(5.82153e-05 -3.70994e-05 -5.80885e-14)
(5.63559e-05 -3.05817e-05 3.78567e-14)
(5.28543e-05 -2.45484e-05 -2.13741e-14)
(4.83067e-05 -1.93388e-05 -4.39724e-14)
(4.32247e-05 -1.50856e-05 -4.00354e-15)
(3.78353e-05 -1.15346e-05 -4.02395e-14)
(3.24264e-05 -9.05245e-06 -4.30003e-14)
(2.71806e-05 -7.5503e-06 -8.43255e-14)
(2.29454e-05 -7.83781e-06 -6.39435e-14)
(2.17761e-05 -9.4333e-06 -1.79986e-14)
(2.41424e-05 -9.62119e-06 3.95038e-15)
(2.78381e-05 -8.72506e-06 -1.1475e-15)
(3.23147e-05 -7.1575e-06 -1.05286e-14)
(3.7455e-05 -5.45843e-06 4.47389e-15)
(3.65322e-05 -1.9575e-06 5.81762e-16)
(3.09457e-05 -4.73744e-06 -1.8133e-16)
(3.61531e-05 -2.06797e-06 -9.44023e-18)
(4.29187e-05 -6.41925e-07 -5.34146e-16)
(4.83787e-05 -7.7266e-07 -9.83104e-16)
(5.43312e-05 4.73952e-06 -1.46472e-15)
(8.23641e-05 -9.12046e-06 1.86787e-15)
(8.14899e-05 -1.42501e-05 7.34768e-14)
(5.99297e-05 4.93577e-06 -1.8417e-13)
(3.72166e-05 6.87608e-06 1.69127e-13)
(2.74789e-05 -1.05303e-05 2.01465e-15)
(2.59902e-05 -2.57971e-05 -1.20416e-13)
(3.34158e-05 -3.8242e-05 -7.02475e-14)
(4.28478e-05 -4.40663e-05 -1.98383e-14)
(5.07929e-05 -4.46751e-05 5.95862e-14)
(5.51555e-05 -4.16144e-05 1.29281e-13)
(5.6026e-05 -3.64111e-05 2.11142e-14)
(5.425e-05 -3.04343e-05 -4.73379e-14)
(5.11094e-05 -2.46379e-05 2.21983e-14)
(4.70261e-05 -1.94682e-05 5.00097e-14)
(4.23176e-05 -1.53013e-05 -3.67786e-15)
(3.72671e-05 -1.1756e-05 -7.78288e-15)
(3.2153e-05 -9.35975e-06 -2.14375e-14)
(2.72547e-05 -7.85515e-06 5.28071e-14)
(2.3342e-05 -8.06095e-06 3.09354e-14)
(2.21911e-05 -9.45586e-06 -1.07667e-14)
(2.41661e-05 -9.7614e-06 -1.69122e-14)
(2.76449e-05 -8.94343e-06 -6.96415e-15)
(3.20334e-05 -7.4524e-06 1.26255e-14)
(3.69627e-05 -5.84829e-06 -8.91383e-16)
(3.61228e-05 -2.33635e-06 -5.13494e-16)
(3.13359e-05 -2.31509e-06 2.01664e-16)
(3.57026e-05 -4.86817e-06 -3.98012e-17)
(4.45943e-05 5.22515e-06 -3.66989e-17)
(5.37473e-05 2.29409e-05 2.74261e-16)
(2.07561e-05 -0.00011797 5.11422e-16)
(-0.000635459 -0.00228743 -3.23459e-15)
(7.3261e-05 -2.63637e-05 -6.87532e-14)
(5.96546e-05 -1.0385e-05 -7.24484e-14)
(4.47892e-05 -9.26858e-06 1.5044e-13)
(3.81915e-05 -1.9441e-05 1.26935e-13)
(3.70481e-05 -2.85414e-05 3.56481e-14)
(4.1359e-05 -3.63247e-05 -5.19379e-14)
(4.71417e-05 -4.04174e-05 5.9181e-14)
(5.20663e-05 -4.1016e-05 4.54279e-14)
(5.46989e-05 -3.862e-05 -3.9819e-15)
(5.46856e-05 -3.42865e-05 -9.37211e-14)
(5.26817e-05 -2.90047e-05 3.96395e-15)
(4.96666e-05 -2.39258e-05 3.73007e-15)
(4.58245e-05 -1.93098e-05 2.06859e-16)
(4.1435e-05 -1.54991e-05 1.51383e-14)
(3.6649e-05 -1.22755e-05 -5.43058e-15)
(3.18131e-05 -1.02369e-05 1.23011e-14)
(2.71944e-05 -9.08721e-06 -2.67244e-14)
(2.34905e-05 -9.79377e-06 -1.53651e-14)
(2.22323e-05 -1.13211e-05 1.55018e-14)
(2.38393e-05 -1.19744e-05 2.09531e-14)
(2.71018e-05 -1.10567e-05 1.25528e-15)
(3.14706e-05 -9.26067e-06 -1.23696e-15)
(3.63268e-05 -6.82785e-06 -3.26001e-15)
(3.57999e-05 -2.77254e-06 6.54295e-16)
(3.13041e-05 -4.29314e-06 -1.04594e-16)
(3.50728e-05 -6.40963e-06 -5.30613e-16)
(4.18283e-05 -1.02277e-05 -2.81108e-17)
(4.33043e-05 -2.86405e-05 7.80998e-17)
(3.34281e-05 0.000237569 -6.98487e-17)
(0.000284518 0.00339649 -9.27967e-16)
(6.9937e-05 -5.19632e-05 4.6817e-15)
(6.56967e-05 -3.25352e-05 -7.8182e-14)
(5.7807e-05 -2.07389e-05 -2.9426e-14)
(4.88258e-05 -1.97137e-05 -3.50566e-14)
(4.46328e-05 -2.4752e-05 2.74176e-14)
(4.39565e-05 -3.00761e-05 1.35735e-13)
(4.6786e-05 -3.47812e-05 -3.0359e-14)
(5.05799e-05 -3.75492e-05 -5.88494e-14)
(5.34865e-05 -3.79009e-05 2.50168e-15)
(5.46509e-05 -3.58989e-05 -5.12986e-14)
(5.37529e-05 -3.22546e-05 1.70031e-14)
(5.13859e-05 -2.76766e-05 2.54112e-14)
(4.83538e-05 -2.32402e-05 3.93182e-14)
(4.47054e-05 -1.91747e-05 1.5049e-14)
(4.05522e-05 -1.56819e-05 -1.77031e-14)
(3.60267e-05 -1.27658e-05 2.27257e-14)
(3.1511e-05 -1.08045e-05 2.51827e-14)
(2.71969e-05 -9.8724e-06 1.82594e-14)
(2.38021e-05 -1.04808e-05 3.81566e-15)
(2.24616e-05 -1.18836e-05 -1.44098e-14)
(2.37421e-05 -1.2497e-05 1.18018e-14)
(2.66886e-05 -1.1798e-05 3.28036e-15)
(3.09559e-05 -9.91993e-06 -1.13711e-14)
(3.5667e-05 -7.48436e-06 1.22343e-15)
(3.54615e-05 -3.24979e-06 -1.18455e-16)
(3.1408e-05 -3.89877e-06 2.05608e-16)
(3.466e-05 -4.6118e-06 6.67325e-16)
(4.10641e-05 1.09792e-07 -1.6057e-16)
(4.66489e-05 4.16175e-06 -2.51357e-16)
(8.19558e-05 -6.58218e-05 5.63597e-16)
(0.000453503 -0.00112017 1.395e-15)
(5.93914e-05 -4.9802e-05 7.38142e-15)
(5.80548e-05 -3.54018e-05 1.10946e-14)
(5.39672e-05 -2.61695e-05 8.0639e-14)
(4.99646e-05 -2.58147e-05 -1.01462e-13)
(4.78693e-05 -2.81453e-05 -3.28009e-14)
(4.81164e-05 -3.09074e-05 -3.11479e-14)
(5.03797e-05 -3.35779e-05 1.17307e-13)
(5.308e-05 -3.52559e-05 -4.64459e-14)
(5.48023e-05 -3.51259e-05 -4.56716e-15)
(5.48241e-05 -3.32353e-05 1.85391e-14)
(5.3205e-05 -2.98805e-05 1.77852e-14)
(5.04609e-05 -2.58986e-05 1.20879e-14)
(4.73601e-05 -2.20553e-05 -7.68257e-14)
(4.37877e-05 -1.85542e-05 -2.81418e-14)
(3.98088e-05 -1.54097e-05 3.58171e-14)
(3.55104e-05 -1.28474e-05 1.42873e-15)
(3.12823e-05 -1.10068e-05 3.63862e-14)
(2.72759e-05 -1.03211e-05 -1.03903e-14)
(2.40977e-05 -1.08983e-05 1.50663e-15)
(2.27045e-05 -1.23209e-05 2.42355e-14)
(2.36176e-05 -1.30892e-05 -2.0363e-14)
(2.63017e-05 -1.27013e-05 -6.98989e-15)
(3.03474e-05 -1.10361e-05 6.58226e-15)
(3.49757e-05 -8.3266e-06 2.19798e-15)
(3.50284e-05 -3.98531e-06 -1.15822e-18)
(3.14904e-05 -4.28888e-06 -2.57143e-16)
(3.45939e-05 -4.85306e-06 6.37739e-16)
(4.17003e-05 -9.8978e-07 7.498e-17)
(4.84507e-05 -4.32358e-07 -1.08083e-15)
(5.7952e-05 5.10158e-06 5.42563e-17)
(7.79354e-05 3.02966e-05 -3.16312e-15)
(5.20668e-05 -5.0436e-05 3.14461e-15)
(5.15668e-05 -3.67729e-05 1.01651e-13)
(4.9972e-05 -2.98934e-05 1.36656e-13)
(4.89208e-05 -2.97758e-05 -5.29997e-14)
(4.89567e-05 -3.00288e-05 -7.25299e-14)
(5.01645e-05 -3.12012e-05 -5.54113e-14)
(5.25316e-05 -3.26141e-05 -1.02164e-13)
(5.47834e-05 -3.33573e-05 -5.52872e-15)
(5.57681e-05 -3.27405e-05 -4.30501e-14)
(5.5071e-05 -3.06975e-05 5.78123e-14)
(5.28536e-05 -2.75707e-05 1.93966e-14)
(4.98035e-05 -2.40464e-05 -3.07512e-14)
(4.6604e-05 -2.07972e-05 -3.26307e-15)
(4.30476e-05 -1.77793e-05 -2.54406e-14)
(3.91599e-05 -1.50315e-05 2.79092e-15)
(3.50554e-05 -1.27207e-05 -1.77681e-14)
(3.10639e-05 -1.11302e-05 -3.338e-14)
(2.7383e-05 -1.05417e-05 1.47958e-14)
(2.44079e-05 -1.11302e-05 -2.76257e-14)
(2.30019e-05 -1.24221e-05 -1.00665e-14)
(2.35894e-05 -1.3349e-05 6.28576e-15)
(2.5984e-05 -1.31764e-05 3.97123e-15)
(2.97461e-05 -1.18449e-05 1.56324e-15)
(3.4217e-05 -9.04725e-06 -1.03508e-15)
(3.45211e-05 -4.78769e-06 -4.35144e-16)
(3.14896e-05 -4.36536e-06 -7.72645e-17)
(3.43041e-05 -4.90328e-06 -1.03052e-15)
(4.11923e-05 -1.55907e-06 5.53558e-16)
(4.80159e-05 -2.75265e-07 3.06436e-15)
(5.59332e-05 3.74228e-06 5.12499e-17)
(6.99146e-05 -6.30467e-07 2.4981e-15)
(4.14212e-05 -6.04558e-05 9.71644e-14)
(4.5346e-05 -4.76771e-05 6.43189e-14)
(4.65944e-05 -3.79283e-05 -1.65789e-13)
(4.66671e-05 -3.38067e-05 -1.14058e-13)
(4.69029e-05 -3.2163e-05 -3.87775e-14)
(4.84417e-05 -3.0675e-05 7.08572e-14)
(5.08752e-05 -3.09219e-05 7.3203e-14)
(5.34998e-05 -3.1592e-05 2.72944e-14)
(5.572e-05 -3.17076e-05 2.50398e-14)
(5.63249e-05 -3.06087e-05 -2.67405e-14)
(5.52177e-05 -2.82903e-05 -8.73374e-14)
(5.26319e-05 -2.52633e-05 1.34148e-14)
(4.94015e-05 -2.21499e-05 2.7094e-14)
(4.60813e-05 -1.93898e-05 1.84378e-14)
(4.24972e-05 -1.67902e-05 5.10859e-14)
(3.86484e-05 -1.44363e-05 -2.84807e-14)
(3.46969e-05 -1.23497e-05 -2.12613e-14)
(3.09343e-05 -1.10103e-05 -1.53181e-14)
(2.75124e-05 -1.05211e-05 -3.15587e-15)
(2.47454e-05 -1.10921e-05 2.46382e-14)
(2.32891e-05 -1.22868e-05 1.6455e-14)
(2.36415e-05 -1.33169e-05 1.90875e-14)
(2.56972e-05 -1.34573e-05 6.47007e-15)
(2.9207e-05 -1.24361e-05 2.82497e-17)
(3.34041e-05 -9.86604e-06 2.21315e-15)
(3.39761e-05 -5.44678e-06 -3.08462e-16)
(3.13883e-05 -4.61425e-06 3.02124e-16)
(3.40318e-05 -4.7643e-06 -3.79826e-16)
(4.07578e-05 -1.48273e-06 3.18568e-17)
(4.79308e-05 -4.03075e-08 -1.76008e-15)
(5.61121e-05 2.88021e-06 4.24012e-16)
(6.82385e-05 4.54676e-06 4.6306e-15)
(3.85163e-05 -4.51796e-05 1.02133e-13)
(4.20084e-05 -3.8281e-05 1.87091e-14)
(4.36314e-05 -3.56347e-05 -2.79247e-15)
(4.55147e-05 -3.33097e-05 -9.34346e-14)
(4.73963e-05 -3.09657e-05 -3.88165e-14)
(5.04855e-05 -3.01227e-05 5.64922e-14)
(5.37462e-05 -3.05024e-05 6.41652e-14)
(5.59363e-05 -3.01376e-05 1.04452e-13)
(5.64653e-05 -2.85692e-05 9.98123e-14)
(5.51461e-05 -2.60675e-05 -2.10587e-14)
(5.24416e-05 -2.30857e-05 -8.11414e-15)
(4.91395e-05 -2.0329e-05 1.57313e-14)
(4.57711e-05 -1.79399e-05 3.48482e-15)
(4.21204e-05 -1.57128e-05 1.13504e-14)
(3.82853e-05 -1.36202e-05 3.09247e-14)
(3.44184e-05 -1.18457e-05 8.27724e-17)
(3.08679e-05 -1.06586e-05 -1.26205e-14)
(2.76766e-05 -1.0304e-05 -5.7631e-15)
(2.50984e-05 -1.08016e-05 2.63304e-15)
(2.36259e-05 -1.19399e-05 1.12642e-15)
(2.37743e-05 -1.29915e-05 -3.97039e-15)
(2.55095e-05 -1.34272e-05 -8.91574e-15)
(2.87132e-05 -1.26861e-05 5.54187e-16)
(3.2564e-05 -1.04193e-05 -1.41934e-15)
(3.33154e-05 -5.999e-06 4.5478e-16)
(3.1226e-05 -4.82376e-06 6.53939e-17)
(3.37499e-05 -4.75783e-06 2.16459e-16)
(4.02929e-05 -1.66207e-06 1.74731e-15)
(4.75604e-05 1.7686e-07 2.52535e-15)
(5.58909e-05 3.05011e-06 -1.92769e-15)
(6.73355e-05 5.02162e-06 -6.47519e-15)
(3.72096e-05 -3.77842e-05 9.94014e-15)
(3.99512e-05 -3.50563e-05 7.45267e-14)
(4.36983e-05 -3.36641e-05 -9.30757e-14)
(4.65589e-05 -3.13059e-05 1.36614e-15)
(4.96793e-05 -2.98681e-05 2.55346e-14)
(5.31318e-05 -2.94092e-05 -1.08716e-13)
(5.55642e-05 -2.86121e-05 -1.63281e-13)
(5.61111e-05 -2.66496e-05 2.25665e-14)
(5.48582e-05 -2.39363e-05 2.43315e-14)
(5.22113e-05 -2.10959e-05 -1.70256e-14)
(4.89744e-05 -1.86009e-05 -1.64716e-14)
(4.55986e-05 -1.64973e-05 -3.75643e-14)
(4.18863e-05 -1.45289e-05 3.35301e-14)
(3.80477e-05 -1.26531e-05 2.93744e-14)
(3.4269e-05 -1.10925e-05 9.06531e-15)
(3.08748e-05 -1.01142e-05 3.06018e-14)
(2.78908e-05 -9.83972e-06 2.85566e-14)
(2.54496e-05 -1.02987e-05 1.1427e-15)
(2.39925e-05 -1.13192e-05 -4.24729e-14)
(2.39451e-05 -1.23966e-05 -9.03095e-15)
(2.54166e-05 -1.30218e-05 -2.44325e-15)
(2.82575e-05 -1.26129e-05 -7.61526e-15)
(3.17743e-05 -1.06016e-05 -4.1365e-17)
(3.26202e-05 -6.48273e-06 -9.25466e-17)
(3.10278e-05 -4.92111e-06 2.19294e-16)
(3.34448e-05 -4.80304e-06 -2.34826e-16)
(3.97958e-05 -1.78902e-06 -1.81303e-16)
(4.71109e-05 4.51285e-07 2.32973e-17)
(5.56668e-05 3.45232e-06 -4.45353e-15)
(6.67775e-05 5.58771e-06 2.72921e-15)
(3.68302e-05 -3.47195e-05 -7.00859e-14)
(3.95176e-05 -3.20142e-05 7.50873e-14)
(4.50216e-05 -3.17108e-05 5.83729e-14)
(4.86633e-05 -3.01122e-05 7.79334e-14)
(5.21902e-05 -2.87889e-05 7.72713e-14)
(5.46871e-05 -2.71682e-05 -5.42474e-14)
(5.53546e-05 -2.48358e-05 -5.91122e-14)
(5.43021e-05 -2.19887e-05 4.22783e-14)
(5.18974e-05 -1.92825e-05 1.36122e-14)
(4.88456e-05 -1.69594e-05 2.77792e-15)
(4.55089e-05 -1.50944e-05 -5.28829e-15)
(4.17757e-05 -1.32493e-05 -8.11513e-14)
(3.79067e-05 -1.1581e-05 -3.57936e-14)
(3.42124e-05 -1.01782e-05 -1.46658e-14)
(3.09601e-05 -9.38371e-06 -3.1005e-14)
(2.81333e-05 -9.15789e-06 -1.60434e-14)
(2.58228e-05 -9.58598e-06 3.66988e-15)
(2.43779e-05 -1.05097e-05 2.51786e-14)
(2.41911e-05 -1.15787e-05 1.37406e-15)
(2.53993e-05 -1.23485e-05 1.15439e-14)
(2.78825e-05 -1.21957e-05 8.9567e-15)
(3.09914e-05 -1.04889e-05 1.08871e-15)
(3.18726e-05 -6.73331e-06 -1.28712e-15)
(3.07514e-05 -5.01895e-06 -2.04686e-16)
(3.3137e-05 -4.84985e-06 -2.23936e-16)
(3.92594e-05 -2.04754e-06 3.64188e-16)
(4.65906e-05 5.59664e-07 -2.99431e-16)
(5.53709e-05 3.90654e-06 1.83727e-15)
(6.61718e-05 6.5864e-06 2.59548e-15)
(3.72145e-05 -3.13485e-05 9.77224e-14)
(4.05182e-05 -2.97814e-05 6.41963e-15)
(4.80271e-05 -3.07368e-05 -5.21812e-14)
(5.09494e-05 -2.81944e-05 4.48759e-14)
(5.3382e-05 -2.57624e-05 9.55722e-14)
(5.42661e-05 -2.30555e-05 1.66068e-14)
(5.35125e-05 -2.02254e-05 -6.74012e-14)
(5.14741e-05 -1.76237e-05 3.37441e-14)
(4.86845e-05 -1.55013e-05 1.38587e-14)
(4.54491e-05 -1.36807e-05 1.93074e-15)
(4.1715e-05 -1.19409e-05 1.99985e-15)
(3.78733e-05 -1.03492e-05 -5.01722e-14)
(3.42491e-05 -9.15466e-06 6.3913e-15)
(3.11244e-05 -8.44298e-06 3.20088e-15)
(2.84174e-05 -8.29132e-06 2.2448e-16)
(2.62181e-05 -8.63041e-06 -3.34464e-16)
(2.47733e-05 -9.49289e-06 9.53634e-15)
(2.44793e-05 -1.04785e-05 1.79727e-14)
(2.54381e-05 -1.13624e-05 -8.9241e-15)
(2.75767e-05 -1.13537e-05 -6.21537e-15)
(3.02715e-05 -1.00104e-05 1.65616e-15)
(3.11713e-05 -6.65389e-06 1.03167e-15)
(3.04655e-05 -5.00374e-06 -3.46441e-16)
(3.28354e-05 -4.84718e-06 -1.5546e-16)
(3.86861e-05 -2.26397e-06 -1.80242e-15)
(4.59943e-05 7.0162e-07 2.26656e-15)
(5.49862e-05 4.32523e-06 1.93902e-15)
(6.54952e-05 7.63343e-06 -8.87373e-15)
(3.85598e-05 -2.92265e-05 -2.06117e-14)
(4.35873e-05 -2.85939e-05 3.45132e-14)
(5.05395e-05 -2.81986e-05 -2.64684e-14)
(5.18419e-05 -2.43064e-05 -3.31975e-14)
(5.29306e-05 -2.1268e-05 1.41589e-14)
(5.25064e-05 -1.8542e-05 3.36165e-14)
(5.08978e-05 -1.61048e-05 -4.79462e-14)
(4.84081e-05 -1.41318e-05 1.00895e-14)
(4.53476e-05 -1.23149e-05 2.92532e-14)
(4.16604e-05 -1.05903e-05 2.80917e-14)
(3.78891e-05 -9.0467e-06 2.81822e-14)
(3.43661e-05 -7.97879e-06 1.28359e-14)
(3.13411e-05 -7.36014e-06 5.79826e-15)
(2.87381e-05 -7.23634e-06 9.13037e-15)
(2.66145e-05 -7.52919e-06 1.09399e-14)
(2.51923e-05 -8.28587e-06 -1.34853e-14)
(2.47969e-05 -9.21243e-06 -1.64105e-14)
(2.55475e-05 -1.01264e-05 -7.62947e-16)
(2.73293e-05 -1.02752e-05 -2.97501e-15)
(2.96161e-05 -9.2128e-06 -1.56547e-15)
(3.04584e-05 -6.36746e-06 -4.87738e-16)
(3.01655e-05 -4.84708e-06 2.58054e-16)
(3.25258e-05 -4.7984e-06 1.64921e-15)
(3.80653e-05 -2.4198e-06 -1.76985e-15)
(4.53108e-05 7.00006e-07 -4.73619e-15)
(5.45053e-05 4.71326e-06 6.02338e-15)
(6.47854e-05 8.65438e-06 2.14024e-15)
(4.03462e-05 -2.70801e-05 -3.65764e-14)
(4.78941e-05 -2.6767e-05 -5.9227e-14)
(5.08728e-05 -2.33018e-05 -2.1536e-14)
(5.14039e-05 -1.95666e-05 -2.56364e-14)
(5.14926e-05 -1.69371e-05 -1.09423e-15)
(5.0212e-05 -1.4731e-05 4.38308e-15)
(4.805e-05 -1.27687e-05 -4.33725e-14)
(4.51287e-05 -1.09679e-05 7.7308e-15)
(4.15959e-05 -9.16774e-06 -2.5535e-14)
(3.79362e-05 -7.72357e-06 -1.64599e-14)
(3.45485e-05 -6.68832e-06 3.05061e-14)
(3.16159e-05 -6.16581e-06 -1.76402e-14)
(2.90971e-05 -6.00523e-06 -3.17496e-14)
(2.70283e-05 -6.28255e-06 2.42536e-15)
(2.56155e-05 -6.88843e-06 1.69043e-14)
(2.51437e-05 -7.76441e-06 2.45111e-15)
(2.56967e-05 -8.61213e-06 -3.6569e-15)
(2.715e-05 -8.91209e-06 1.08234e-15)
(2.90519e-05 -8.06171e-06 2.94351e-16)
(2.98512e-05 -5.79354e-06 -6.61484e-16)
(2.98944e-05 -4.53037e-06 4.49127e-16)
(3.22293e-05 -4.52942e-06 -1.2675e-15)
(3.74464e-05 -2.461e-06 -1.32135e-16)
(4.45512e-05 7.4834e-07 -2.16983e-16)
(5.39217e-05 5.1557e-06 2.06697e-15)
(6.39844e-05 9.63515e-06 8.07294e-15)
(3.90179e-05 -2.58986e-05 -2.1852e-14)
(4.31892e-05 -2.40462e-05 -5.9784e-14)
(5.00577e-05 -2.26015e-05 -9.68117e-15)
(4.99677e-05 -1.79839e-05 4.24498e-15)
(5.0322e-05 -1.54183e-05 -2.73765e-14)
(4.94332e-05 -1.33863e-05 5.82456e-14)
(4.75423e-05 -1.1433e-05 5.85408e-14)
(4.48182e-05 -9.56918e-06 -1.39515e-15)
(4.14535e-05 -7.75451e-06 2.07571e-14)
(3.79915e-05 -6.34941e-06 -1.46694e-14)
(3.47476e-05 -5.36779e-06 1.59347e-14)
(3.19187e-05 -4.85754e-06 3.72978e-14)
(2.94651e-05 -4.68056e-06 1.55836e-15)
(2.74437e-05 -4.88222e-06 -2.6631e-14)
(2.60313e-05 -5.38689e-06 -8.15157e-15)
(2.55043e-05 -6.18067e-06 7.64607e-15)
(2.58752e-05 -7.00332e-06 3.80747e-15)
(2.70356e-05 -7.36047e-06 6.89455e-15)
(2.85578e-05 -6.77264e-06 -2.89439e-15)
(2.93081e-05 -4.98861e-06 4.78926e-17)
(2.96237e-05 -4.06795e-06 -1.94227e-16)
(3.1938e-05 -4.05557e-06 1.13723e-16)
(3.67959e-05 -2.38731e-06 2.43658e-16)
(4.36932e-05 8.51988e-07 -1.76921e-15)
(5.32273e-05 5.47903e-06 -1.3566e-14)
(6.31071e-05 1.05393e-05 -1.42098e-14)
(4.02071e-05 -2.23067e-05 -4.60341e-14)
(4.64596e-05 -2.05441e-05 9.54309e-15)
(4.92638e-05 -1.7098e-05 4.26143e-14)
(4.91665e-05 -1.39019e-05 2.86931e-14)
(4.86733e-05 -1.20585e-05 -2.17628e-14)
(4.69294e-05 -1.01342e-05 1.93878e-14)
(4.44337e-05 -8.14622e-06 -1.61458e-14)
(4.12702e-05 -6.38729e-06 6.79328e-16)
(3.80427e-05 -4.97462e-06 1.84828e-14)
(3.49589e-05 -4.05209e-06 -1.61892e-14)
(3.2236e-05 -3.49576e-06 1.64406e-14)
(2.98421e-05 -3.32054e-06 1.33425e-14)
(2.78549e-05 -3.40555e-06 1.02309e-14)
(2.64481e-05 -3.81934e-06 -8.59358e-15)
(2.58784e-05 -4.45662e-06 -6.7273e-15)
(2.60871e-05 -5.28731e-06 -2.51489e-15)
(2.69758e-05 -5.64519e-06 -4.99838e-15)
(2.81804e-05 -5.31384e-06 5.99286e-16)
(2.88786e-05 -3.97382e-06 1.96788e-15)
(2.94124e-05 -3.38761e-06 -2.08799e-16)
(3.16628e-05 -3.36574e-06 1.18726e-15)
(3.61793e-05 -2.0165e-06 -7.04462e-16)
(4.27945e-05 1.06274e-06 1.52954e-15)
(5.24376e-05 5.91393e-06 9.63e-15)
(6.20881e-05 1.149e-05 7.21074e-15)
(3.87839e-05 -2.08987e-05 -7.79657e-14)
(4.18944e-05 -1.82865e-05 -4.35792e-14)
(4.83089e-05 -1.61634e-05 1.25075e-14)
(4.77474e-05 -1.26618e-05 -1.09356e-14)
(4.78597e-05 -1.07682e-05 -3.42821e-14)
(4.62216e-05 -8.8047e-06 -5.21845e-14)
(4.3918e-05 -6.79955e-06 2.35338e-14)
(4.10288e-05 -5.03539e-06 -2.29739e-14)
(3.80385e-05 -3.6668e-06 -1.05775e-14)
(3.51397e-05 -2.72554e-06 -2.23707e-14)
(3.25274e-05 -2.14617e-06 -4.10717e-14)
(3.01933e-05 -1.89168e-06 -1.27659e-14)
(2.82329e-05 -1.89524e-06 1.32926e-14)
(2.68317e-05 -2.18819e-06 1.14182e-14)
(2.6235e-05 -2.77328e-06 6.84963e-16)
(2.63241e-05 -3.52589e-06 4.40471e-15)
(2.69537e-05 -3.95107e-06 -2.54275e-15)
(2.78891e-05 -3.76816e-06 -6.59356e-17)
(2.85123e-05 -2.8765e-06 7.90587e-16)
(2.92148e-05 -2.49006e-06 -5.64683e-16)
(3.13794e-05 -2.53417e-06 2.56327e-16)
(3.556e-05 -1.39984e-06 1.23981e-15)
(4.18376e-05 1.40076e-06 -1.11484e-15)
(5.14455e-05 6.36591e-06 -1.63829e-15)
(6.09596e-05 1.23333e-05 7.72362e-15)
(3.92968e-05 -1.68064e-05 -8.89572e-14)
(4.46234e-05 -1.48202e-05 -1.20442e-14)
(4.73502e-05 -1.21975e-05 6.61014e-15)
(4.63284e-05 -9.58066e-06 4.73019e-14)
(4.53724e-05 -7.57543e-06 1.07966e-14)
(4.321e-05 -5.56095e-06 -1.75585e-14)
(4.06464e-05 -3.78753e-06 3.19508e-14)
(3.79306e-05 -2.45448e-06 9.19134e-16)
(3.52471e-05 -1.45428e-06 2.48675e-14)
(3.27659e-05 -8.56262e-07 1.12479e-14)
(3.05087e-05 -4.95306e-07 2.94391e-15)
(2.85819e-05 -4.18024e-07 2.15216e-15)
(2.72181e-05 -5.53429e-07 -6.94552e-15)
(2.66017e-05 -1.13736e-06 -3.21053e-15)
(2.65746e-05 -1.79064e-06 1.16745e-15)
(2.69934e-05 -2.27534e-06 1.31994e-15)
(2.76869e-05 -2.20149e-06 7.60294e-16)
(2.82647e-05 -1.66471e-06 -7.29532e-16)
(2.90557e-05 -1.45015e-06 4.34226e-17)
(3.11416e-05 -1.48236e-06 -2.52967e-15)
(3.49938e-05 -5.58917e-07 1.78009e-15)
(4.09288e-05 2.05183e-06 6.53282e-15)
(5.02743e-05 6.88747e-06 -2.57344e-15)
(5.9734e-05 1.33861e-05 -8.08335e-15)
(3.71572e-05 -1.5416e-05 2.50406e-14)
(4.19378e-05 -1.39926e-05 -2.6772e-15)
(4.55743e-05 -1.16911e-05 2.65378e-14)
(4.50772e-05 -8.84476e-06 -2.16546e-14)
(4.42414e-05 -6.5573e-06 1.36285e-14)
(4.24071e-05 -4.47364e-06 -1.45133e-14)
(4.01239e-05 -2.72429e-06 1.04244e-14)
(3.77064e-05 -1.34062e-06 1.15768e-14)
(3.5253e-05 -3.0795e-07 -4.086e-15)
(3.29283e-05 3.96101e-07 1.69034e-14)
(3.07528e-05 8.27683e-07 -9.92641e-15)
(2.88714e-05 1.03838e-06 -1.06632e-14)
(2.75484e-05 9.35926e-07 9.05088e-15)
(2.69598e-05 4.43177e-07 -3.94531e-15)
(2.6825e-05 -2.00411e-07 -8.01692e-15)
(2.70635e-05 -6.63746e-07 4.13735e-16)
(2.75417e-05 -7.16455e-07 4.71081e-16)
(2.8064e-05 -3.94038e-07 -8.83032e-16)
(2.88932e-05 -3.17644e-07 9.72874e-16)
(3.0883e-05 -3.00454e-07 -7.83002e-16)
(3.44195e-05 4.51691e-07 -5.88052e-16)
(3.99757e-05 2.88705e-06 3.33845e-17)
(4.89088e-05 7.51592e-06 2.52519e-15)
(5.83532e-05 1.43881e-05 4.35027e-16)
(3.57217e-05 -1.44968e-05 1.76215e-14)
(3.76942e-05 -1.27571e-05 -5.96959e-15)
(4.47403e-05 -1.17898e-05 5.20584e-15)
(4.3467e-05 -8.1614e-06 6.02655e-15)
(4.2878e-05 -5.76678e-06 -1.20489e-14)
(4.13588e-05 -3.61796e-06 1.32332e-14)
(3.94009e-05 -1.8553e-06 -5.32165e-15)
(3.73105e-05 -3.83998e-07 6.24155e-15)
(3.51219e-05 6.95943e-07 -2.04312e-14)
(3.29848e-05 1.50696e-06 -4.15813e-15)
(3.09202e-05 2.03166e-06 1.63894e-14)
(2.91294e-05 2.36736e-06 -8.85771e-15)
(2.78877e-05 2.26523e-06 -9.26702e-15)
(2.73092e-05 1.84418e-06 4.51092e-15)
(2.70946e-05 1.23267e-06 5.42047e-15)
(2.71607e-05 7.95677e-07 2.9601e-15)
(2.74743e-05 6.90708e-07 -1.93759e-15)
(2.79313e-05 8.61818e-07 3.06912e-16)
(2.87749e-05 8.98491e-07 -4.64625e-18)
(3.06526e-05 9.51542e-07 2.61316e-15)
(3.38999e-05 1.65592e-06 -2.93088e-15)
(3.90533e-05 3.89338e-06 -5.29529e-15)
(4.75148e-05 8.41179e-06 1.26508e-15)
(5.6837e-05 1.54399e-05 3.89944e-15)
(3.53592e-05 -1.21401e-05 -5.35642e-15)
(4.02329e-05 -1.07529e-05 1.10044e-14)
(4.3109e-05 -8.14645e-06 6.58951e-15)
(4.11756e-05 -5.02991e-06 -2.65219e-14)
(4.02016e-05 -3.04361e-06 -2.28005e-14)
(3.85137e-05 -1.12076e-06 -1.42408e-14)
(3.67417e-05 3.79673e-07 7.71998e-15)
(3.48597e-05 1.58115e-06 2.19053e-14)
(3.29192e-05 2.46232e-06 -1.4746e-14)
(3.09998e-05 3.13334e-06 -2.40149e-15)
(2.9311e-05 3.47805e-06 8.55895e-15)
(2.81835e-05 3.43852e-06 -1.64313e-15)
(2.76245e-05 3.02015e-06 -3.9715e-16)
(2.73441e-05 2.49087e-06 1.02485e-15)
(2.72596e-05 2.08315e-06 4.47159e-15)
(2.74186e-05 1.99124e-06 -9.2884e-16)
(2.78056e-05 2.07513e-06 -1.29666e-15)
(2.86282e-05 2.13826e-06 -6.07514e-16)
(3.038e-05 2.23848e-06 2.95228e-16)
(3.33418e-05 2.96226e-06 1.68647e-15)
(3.80643e-05 5.03878e-06 2.66531e-15)
(4.59791e-05 9.45383e-06 3.2185e-15)
(5.50843e-05 1.65612e-05 -2.95653e-15)
(3.46394e-05 -1.13229e-05 -4.89231e-14)
(3.58876e-05 -9.80596e-06 -2.74709e-14)
(4.18296e-05 -7.97312e-06 2.30635e-15)
(3.95804e-05 -4.67328e-06 -2.43891e-15)
(3.87916e-05 -2.53333e-06 -2.05945e-15)
(3.73882e-05 -5.87918e-07 1.24847e-14)
(3.60158e-05 1.06068e-06 -6.07661e-16)
(3.44277e-05 2.31286e-06 -4.07951e-15)
(3.27276e-05 3.29151e-06 -3.41422e-15)
(3.09912e-05 4.01932e-06 2.59254e-15)
(2.94772e-05 4.35307e-06 5.31808e-15)
(2.84581e-05 4.32589e-06 4.452e-15)
(2.79351e-05 3.95745e-06 4.04436e-15)
(2.75723e-05 3.50004e-06 1.85914e-15)
(2.73616e-05 3.18411e-06 2.08367e-15)
(2.73948e-05 3.13206e-06 4.18621e-16)
(2.77148e-05 3.21767e-06 6.27552e-17)
(2.8498e-05 3.33152e-06 1.51174e-16)
(3.01314e-05 3.53403e-06 1.15746e-15)
(3.28188e-05 4.30852e-06 1.64681e-15)
(3.71188e-05 6.3325e-06 -5.45059e-15)
(4.44427e-05 1.06235e-05 -6.10199e-15)
(5.31869e-05 1.79142e-05 4.56469e-15)
(3.41949e-05 -9.16163e-06 -1.14965e-15)
(3.75452e-05 -7.47354e-06 7.55176e-15)
(3.92434e-05 -4.85424e-06 1.89296e-14)
(3.68136e-05 -2.10441e-06 -6.15886e-15)
(3.60721e-05 -8.0371e-08 1.12585e-14)
(3.49852e-05 1.63089e-06 9.19953e-15)
(3.38523e-05 2.96849e-06 3.00084e-15)
(3.23957e-05 3.99643e-06 2.19096e-15)
(3.08972e-05 4.6725e-06 -8.58824e-15)
(2.95725e-05 5.01005e-06 -5.36981e-15)
(2.86675e-05 4.95198e-06 2.94002e-15)
(2.81759e-05 4.6657e-06 1.29127e-15)
(2.77533e-05 4.30838e-06 -7.01177e-15)
(2.74125e-05 4.11671e-06 -6.37001e-15)
(2.7337e-05 4.13829e-06 1.9917e-15)
(2.75882e-05 4.27807e-06 -5.44449e-16)
(2.83109e-05 4.48083e-06 5.67991e-16)
(2.98073e-05 4.80792e-06 -3.30764e-15)
(3.22218e-05 5.6811e-06 1.19266e-15)
(3.60845e-05 7.69612e-06 7.32059e-15)
(4.27381e-05 1.19276e-05 -1.84273e-15)
(5.10506e-05 1.93246e-05 -1.93481e-15)
(3.24687e-05 -8.71622e-06 -3.76455e-15)
(3.49062e-05 -7.20087e-06 -1.3135e-14)
(3.74013e-05 -4.8107e-06 -3.14334e-14)
(3.50268e-05 -1.62319e-06 9.35482e-15)
(3.4527e-05 4.21256e-07 -1.00169e-14)
(3.39025e-05 2.19173e-06 6.19417e-15)
(3.3067e-05 3.52883e-06 -1.53594e-14)
(3.20253e-05 4.54738e-06 -7.66545e-15)
(3.07715e-05 5.12789e-06 2.24674e-14)
(2.96525e-05 5.37659e-06 -1.27651e-14)
(2.88684e-05 5.32434e-06 -5.46837e-15)
(2.8375e-05 5.10784e-06 -2.14899e-15)
(2.78812e-05 4.90693e-06 -2.08586e-15)
(2.74394e-05 4.85674e-06 5.63698e-15)
(2.72696e-05 4.99321e-06 2.07258e-15)
(2.74602e-05 5.21315e-06 1.10416e-15)
(2.81209e-05 5.54287e-06 -1.25137e-16)
(2.94828e-05 6.01356e-06 2.38576e-15)
(3.16396e-05 7.02977e-06 -2.25826e-15)
(3.50818e-05 9.06622e-06 -6.73069e-15)
(4.10507e-05 1.33005e-05 9.94276e-16)
(4.88248e-05 2.07292e-05 4.68895e-15)
(3.16368e-05 -8.0589e-06 4.88591e-15)
(3.11491e-05 -6.77236e-06 1.70076e-14)
(3.59419e-05 -4.34561e-06 9.47933e-15)
(3.3205e-05 -1.14881e-06 -6.35249e-15)
(3.29316e-05 1.00417e-06 -3.23253e-15)
(3.25754e-05 2.65566e-06 -1.42267e-14)
(3.22778e-05 4.0476e-06 1.93694e-14)
(3.15669e-05 4.85764e-06 3.8803e-15)
(3.06906e-05 5.35759e-06 -1.07202e-16)
(2.97152e-05 5.49262e-06 1.62633e-14)
(2.89946e-05 5.48143e-06 2.06284e-15)
(2.84879e-05 5.39069e-06 -1.30643e-15)
(2.79071e-05 5.35571e-06 -9.60738e-16)
(2.73833e-05 5.47342e-06 1.37386e-15)
(2.71346e-05 5.73356e-06 3.3406e-17)
(2.72589e-05 6.07288e-06 -5.7657e-16)
(2.78394e-05 6.53785e-06 -4.82825e-16)
(2.90573e-05 7.17665e-06 -7.21177e-18)
(3.09547e-05 8.35175e-06 -1.66016e-15)
(3.39562e-05 1.04591e-05 -5.97874e-15)
(3.92068e-05 1.47048e-05 -5.35564e-15)
(4.6372e-05 2.2156e-05 -7.04203e-15)
(2.97622e-05 -5.91157e-06 -6.84266e-15)
(3.1165e-05 -3.7284e-06 1.57112e-15)
(3.30024e-05 -8.11187e-07 2.10456e-14)
(3.07695e-05 1.6261e-06 -8.36203e-15)
(3.12689e-05 3.13434e-06 -7.52948e-16)
(3.12722e-05 4.27128e-06 8.66783e-15)
(3.12062e-05 4.95661e-06 -1.70576e-15)
(3.05239e-05 5.28766e-06 -4.53599e-15)
(2.97711e-05 5.39528e-06 2.17008e-15)
(2.90523e-05 5.44693e-06 -7.9869e-16)
(2.85069e-05 5.52916e-06 -5.80595e-15)
(2.78539e-05 5.67403e-06 2.83946e-15)
(2.72626e-05 5.96122e-06 -3.32286e-16)
(2.69632e-05 6.34989e-06 -6.63194e-16)
(2.70285e-05 6.82265e-06 -1.35985e-16)
(2.75346e-05 7.43364e-06 -1.76085e-16)
(2.8608e-05 8.24451e-06 -1.08847e-15)
(3.02643e-05 9.5859e-06 2.7662e-15)
(3.28477e-05 1.17873e-05 1.09587e-14)
(3.73983e-05 1.60394e-05 8.8178e-15)
(4.38447e-05 2.35089e-05 5.98605e-15)
(2.8719e-05 -4.88207e-06 2.11751e-14)
(2.86276e-05 -2.90972e-06 -1.00558e-15)
(3.0834e-05 -1.69364e-07 -1.74747e-14)
(2.90641e-05 1.93961e-06 1.16325e-14)
(2.99027e-05 3.31743e-06 1.87874e-14)
(3.04738e-05 4.05288e-06 -8.3052e-15)
(3.06771e-05 4.70057e-06 3.49509e-15)
(3.04071e-05 4.8725e-06 -8.36807e-16)
(2.9704e-05 5.12944e-06 -1.86027e-14)
(2.8997e-05 5.34768e-06 4.53446e-15)
(2.83899e-05 5.61478e-06 5.0954e-15)
(2.76793e-05 5.95219e-06 -8.00845e-16)
(2.70411e-05 6.38451e-06 3.20708e-16)
(2.6697e-05 6.9141e-06 -9.76169e-16)
(2.66991e-05 7.52193e-06 -1.23007e-15)
(2.71185e-05 8.28129e-06 2.87755e-16)
(2.80338e-05 9.26593e-06 -4.77523e-16)
(2.94453e-05 1.07757e-05 1.85479e-15)
(3.16052e-05 1.30877e-05 -4.54002e-15)
(3.54224e-05 1.7357e-05 -7.75744e-15)
(4.11292e-05 2.48255e-05 4.85122e-17)
(2.75494e-05 -4.02673e-06 6.27801e-15)
(2.52995e-05 -2.15574e-06 2.18317e-14)
(2.96212e-05 -1.65716e-07 -1.66378e-15)
(2.76536e-05 2.1023e-06 -2.82273e-14)
(2.86543e-05 2.78925e-06 -1.30844e-14)
(2.95305e-05 3.61652e-06 9.11922e-15)
(3.01152e-05 3.83274e-06 -6.59795e-15)
(3.00709e-05 4.34313e-06 -1.01219e-15)
(2.94584e-05 4.82737e-06 -5.41797e-15)
(2.88016e-05 5.23786e-06 -3.41238e-15)
(2.81676e-05 5.67898e-06 4.3824e-15)
(2.74183e-05 6.18196e-06 -2.99866e-15)
(2.67556e-05 6.74437e-06 -4.58224e-15)
(2.63816e-05 7.39927e-06 -7.70558e-16)
(2.63293e-05 8.13701e-06 1.21613e-15)
(2.66645e-05 9.03642e-06 -1.11459e-15)
(2.74245e-05 1.01863e-05 -2.01701e-16)
(2.86072e-05 1.18456e-05 -2.40488e-15)
(3.03709e-05 1.42654e-05 5.32573e-15)
(3.34907e-05 1.85255e-05 1.08948e-14)
(3.83935e-05 2.59255e-05 -4.30252e-16)
(2.42081e-05 -1.48328e-06 4.20272e-15)
(2.47329e-05 8.42275e-08 -1.39872e-14)
(2.80482e-05 1.38065e-06 5.12481e-15)
(2.72768e-05 2.34465e-06 1.89138e-16)
(2.86741e-05 2.51405e-06 -1.32069e-14)
(2.94219e-05 3.06831e-06 1.17174e-14)
(2.9351e-05 3.90871e-06 -1.10581e-15)
(2.90222e-05 4.59791e-06 1.07983e-14)
(2.84747e-05 5.20482e-06 -2.63439e-16)
(2.78255e-05 5.80481e-06 4.77392e-15)
(2.70528e-05 6.4163e-06 7.43681e-15)
(2.63715e-05 7.10542e-06 3.65436e-15)
(2.5967e-05 7.86759e-06 2.14621e-15)
(2.58523e-05 8.73227e-06 -4.86481e-16)
(2.6088e-05 9.76376e-06 1.40441e-15)
(2.66832e-05 1.10727e-05 6.38745e-16)
(2.76254e-05 1.28696e-05 4.05189e-16)
(2.89964e-05 1.53956e-05 -3.41166e-15)
(3.14231e-05 1.96164e-05 -9.37513e-15)
(3.55564e-05 2.69014e-05 -4.3468e-15)
(2.40214e-05 -6.13039e-07 1.59027e-15)
(2.2421e-05 -3.36773e-07 3.1832e-15)
(2.73614e-05 8.07622e-07 1.39826e-14)
(2.6433e-05 1.47892e-06 2.03121e-14)
(2.78003e-05 1.78743e-06 -2.25914e-15)
(2.81942e-05 2.69302e-06 -1.26121e-14)
(2.84719e-05 3.6185e-06 -1.61049e-15)
(2.83799e-05 4.42346e-06 -1.33917e-14)
(2.80094e-05 5.28316e-06 -7.88617e-16)
(2.74177e-05 5.97424e-06 4.48475e-16)
(2.66284e-05 6.66598e-06 -1.41849e-15)
(2.59297e-05 7.43968e-06 -3.50949e-15)
(2.54996e-05 8.29564e-06 -2.74076e-15)
(2.53259e-05 9.26173e-06 5.59486e-16)
(2.54653e-05 1.04129e-05 -7.06878e-16)
(2.59016e-05 1.18472e-05 -6.72107e-16)
(2.6622e-05 1.37653e-05 9.67259e-16)
(2.7631e-05 1.63574e-05 -1.0196e-15)
(2.94408e-05 2.05165e-05 6.73669e-15)
(3.27395e-05 2.75708e-05 6.53314e-15)
(2.2256e-05 -1.35814e-07 2.23901e-14)
(2.39069e-05 1.67034e-07 5.00712e-15)
(2.74281e-05 9.70811e-07 -1.28642e-14)
(2.62118e-05 1.64521e-06 -1.26886e-14)
(2.71002e-05 2.46717e-06 8.31614e-15)
(2.73745e-05 3.32615e-06 1.59839e-15)
(2.75579e-05 4.43938e-06 4.04481e-15)
(2.73487e-05 5.32797e-06 -2.56546e-15)
(2.69286e-05 6.16296e-06 -2.38225e-15)
(2.61211e-05 6.95134e-06 -1.60383e-15)
(2.54033e-05 7.78335e-06 -1.86212e-16)
(2.49346e-05 8.72748e-06 7.33776e-16)
(2.4691e-05 9.79133e-06 -1.18516e-15)
(2.47215e-05 1.10472e-05 8.30015e-16)
(2.4988e-05 1.25986e-05 -6.07719e-16)
(2.54819e-05 1.46056e-05 -6.32898e-16)
(2.61522e-05 1.72746e-05 2.36485e-15)
(2.73663e-05 2.13516e-05 -4.18241e-15)
(2.98456e-05 2.80646e-05 -2.61482e-15)
(2.25522e-05 3.65296e-08 -2.51332e-14)
(2.31965e-05 5.66619e-08 -1.07003e-14)
(2.65371e-05 8.68021e-07 8.60799e-16)
(2.52566e-05 1.62006e-06 8.31103e-15)
(2.59249e-05 2.33782e-06 1.18002e-14)
(2.62367e-05 3.38784e-06 2.73763e-15)
(2.6493e-05 4.40975e-06 -5.4039e-15)
(2.66659e-05 5.34921e-06 7.80813e-16)
(2.62751e-05 6.35823e-06 -4.24399e-15)
(2.55467e-05 7.19774e-06 3.12985e-15)
(2.48179e-05 8.10703e-06 -6.619e-17)
(2.4311e-05 9.12147e-06 -7.56023e-17)
(2.40039e-05 1.02731e-05 8.80842e-16)
(2.3931e-05 1.16057e-05 5.54849e-16)
(2.40411e-05 1.32429e-05 1.23035e-15)
(2.43248e-05 1.5294e-05 -3.09452e-15)
(2.46898e-05 1.79986e-05 -2.92422e-15)
(2.54089e-05 2.19761e-05 -1.04435e-15)
(2.70457e-05 2.82144e-05 -1.44377e-15)
(2.20942e-05 -2.25123e-08 -9.0784e-17)
(2.18248e-05 -7.99878e-08 -4.63891e-15)
(2.61783e-05 1.04003e-06 5.41908e-15)
(2.44555e-05 1.8143e-06 3.18193e-15)
(2.48404e-05 2.54797e-06 8.37496e-15)
(2.50336e-05 3.49145e-06 9.01174e-15)
(2.55705e-05 4.33716e-06 2.86927e-16)
(2.57027e-05 5.453e-06 -6.42287e-15)
(2.5538e-05 6.45023e-06 3.5612e-16)
(2.48887e-05 7.40878e-06 -1.71699e-15)
(2.41438e-05 8.41333e-06 6.16711e-16)
(2.36005e-05 9.52004e-06 1.11841e-15)
(2.32198e-05 1.07398e-05 -1.00776e-15)
(2.30367e-05 1.21553e-05 -8.3974e-16)
(2.29892e-05 1.38412e-05 4.52656e-16)
(2.30564e-05 1.59321e-05 -2.26219e-16)
(2.31196e-05 1.86344e-05 4.47967e-15)
(2.33834e-05 2.24488e-05 8.40766e-15)
(2.43578e-05 2.82185e-05 -8.18037e-15)
(2.12803e-05 2.25197e-07 -9.25234e-15)
(2.27345e-05 8.94326e-07 -1.27746e-14)
(2.53832e-05 2.04418e-06 8.89552e-15)
(2.34997e-05 2.85101e-06 4.54493e-15)
(2.40792e-05 3.57492e-06 -4.77742e-15)
(2.43678e-05 4.44635e-06 -3.42268e-15)
(2.47687e-05 5.38339e-06 3.69438e-15)
(2.47008e-05 6.44793e-06 2.03184e-15)
(2.40806e-05 7.56899e-06 1.15406e-15)
(2.33724e-05 8.67969e-06 7.2343e-16)
(2.28124e-05 9.87188e-06 -1.87396e-15)
(2.2382e-05 1.11545e-05 -2.73206e-16)
(2.21025e-05 1.26173e-05 -2.04132e-16)
(2.19189e-05 1.43243e-05 -1.9817e-15)
(2.17859e-05 1.64028e-05 3.65537e-15)
(2.16002e-05 1.90456e-05 1.60266e-15)
(2.15082e-05 2.26157e-05 -3.79586e-15)
(2.18353e-05 2.79276e-05 9.64208e-15)
(2.12562e-05 6.39135e-07 4.41459e-15)
(2.16434e-05 1.0454e-06 -1.02058e-14)
(2.42423e-05 2.23323e-06 -4.25011e-15)
(2.25601e-05 3.05298e-06 6.21402e-15)
(2.30073e-05 3.68797e-06 -1.45115e-15)
(2.35228e-05 4.30038e-06 -2.76264e-15)
(2.37714e-05 5.22284e-06 -5.43641e-15)
(2.36818e-05 6.40522e-06 2.25775e-15)
(2.31323e-05 7.68406e-06 2.46964e-15)
(2.24815e-05 8.92261e-06 -2.06507e-15)
(2.19279e-05 1.01909e-05 4.14245e-16)
(2.14546e-05 1.15428e-05 -7.75365e-16)
(2.10893e-05 1.30306e-05 1.45989e-16)
(2.0772e-05 1.47436e-05 2.47842e-15)
(2.04552e-05 1.67864e-05 -1.51869e-15)
(2.00391e-05 1.93085e-05 -6.25405e-15)
(1.96024e-05 2.2651e-05 -1.80432e-15)
(1.94341e-05 2.75134e-05 -3.80369e-15)
(2.06075e-05 8.85402e-07 1.51489e-14)
(2.01981e-05 1.05727e-06 1.04321e-14)
(2.35836e-05 2.49221e-06 -3.71657e-15)
(2.17347e-05 3.18483e-06 -1.90662e-15)
(2.23534e-05 3.56809e-06 -8.85758e-15)
(2.25132e-05 4.14927e-06 4.60775e-15)
(2.26836e-05 5.04126e-06 3.02889e-15)
(2.2529e-05 6.41085e-06 -2.85018e-15)
(2.20079e-05 7.82922e-06 -3.57919e-15)
(2.14738e-05 9.14662e-06 -1.67096e-15)
(2.09643e-05 1.04724e-05 2.40525e-15)
(2.04808e-05 1.18492e-05 1.43304e-16)
(2.00573e-05 1.33361e-05 5.00469e-16)
(1.96345e-05 1.50119e-05 -1.3877e-15)
(1.91682e-05 1.69722e-05 1.253e-15)
(1.85654e-05 1.93277e-05 3.84068e-15)
(1.78557e-05 2.238e-05 -3.06964e-16)
(1.72239e-05 2.69331e-05 -1.26855e-15)
(1.95171e-05 1.4015e-06 1.38261e-14)
(2.01576e-05 2.2452e-06 -3.85672e-15)
(2.27593e-05 3.23041e-06 -6.08843e-16)
(2.12111e-05 3.52621e-06 6.4248e-15)
(2.17281e-05 3.95758e-06 -1.59457e-15)
(2.14672e-05 5.07159e-06 8.65731e-16)
(2.11566e-05 6.64944e-06 4.5358e-15)
(2.07884e-05 8.06802e-06 -5.70161e-16)
(2.03867e-05 9.36795e-06 1.71407e-16)
(1.99388e-05 1.07067e-05 -2.73046e-16)
(1.94566e-05 1.20715e-05 -5.80368e-16)
(1.89866e-05 1.35389e-05 1.15377e-15)
(1.84737e-05 1.51616e-05 3.71695e-16)
(1.78766e-05 1.70152e-05 -3.8908e-15)
(1.71164e-05 1.92102e-05 -4.82193e-15)
(1.60531e-05 2.20293e-05 -2.3522e-15)
(1.50623e-05 2.60126e-05 1.16497e-15)
(1.94849e-05 1.82402e-06 -1.69507e-16)
(1.9233e-05 2.32166e-06 -2.04351e-15)
(2.18476e-05 3.16802e-06 3.66751e-15)
(2.07365e-05 3.36058e-06 2.2269e-16)
(2.06752e-05 4.15155e-06 -1.42358e-15)
(2.00642e-05 5.5995e-06 4.07883e-15)
(1.97777e-05 7.06615e-06 1.90971e-16)
(1.95821e-05 8.3328e-06 -1.29128e-15)
(1.92808e-05 9.57964e-06 1.78947e-15)
(1.88788e-05 1.0837e-05 -2.13401e-16)
(1.84149e-05 1.21648e-05 -1.50076e-16)
(1.7917e-05 1.35828e-05 -1.38532e-15)
(1.73439e-05 1.51277e-05 1.69932e-15)
(1.66504e-05 1.68631e-05 6.15338e-15)
(1.57226e-05 1.8879e-05 -7.2257e-16)
(1.44882e-05 2.14083e-05 -1.19993e-15)
(1.88282e-05 1.92388e-06 9.10457e-15)
(1.81648e-05 2.07433e-06 -1.72651e-15)
(2.15776e-05 3.04551e-06 3.38019e-15)
(1.9814e-05 3.70676e-06 -3.04083e-15)
(1.9402e-05 4.89773e-06 -5.49674e-15)
(1.8701e-05 6.1834e-06 -3.11135e-16)
(1.85716e-05 7.40669e-06 1.19493e-15)
(1.84261e-05 8.52027e-06 3.50077e-16)
(1.81931e-05 9.55708e-06 7.34147e-16)
(1.78519e-05 1.07976e-05 8.24976e-16)
(1.73638e-05 1.20988e-05 8.98998e-17)
(1.68489e-05 1.34688e-05 8.79009e-16)
(1.62229e-05 1.4941e-05 -1.41091e-15)
(1.54431e-05 1.65783e-05 -5.90404e-15)
(1.44087e-05 1.84301e-05 2.02544e-15)
(1.30958e-05 2.05823e-05 6.98097e-15)
(1.77306e-05 2.10958e-06 -1.01354e-14)
(1.8065e-05 3.01116e-06 2.33646e-15)
(2.00506e-05 4.49757e-06 8.22147e-15)
(1.78462e-05 5.46069e-06 -8.53801e-16)
(1.7634e-05 6.51509e-06 -3.21486e-15)
(1.73995e-05 7.49207e-06 -1.04094e-15)
(1.73958e-05 8.24456e-06 -1.06383e-15)
(1.71727e-05 9.32584e-06 1.17525e-15)
(1.67246e-05 1.05934e-05 -6.20591e-16)
(1.62938e-05 1.18699e-05 -2.27986e-16)
(1.57841e-05 1.31926e-05 -4.9209e-16)
(1.51277e-05 1.45966e-05 5.19297e-16)
(1.42946e-05 1.61284e-05 7.64728e-15)
(1.32265e-05 1.78197e-05 3.04086e-15)
(1.1833e-05 1.9718e-05 -5.59719e-15)
(1.73741e-05 2.63375e-06 -3.66649e-15)
(1.67394e-05 3.55317e-06 -2.85199e-15)
(1.84984e-05 4.82167e-06 4.34903e-15)
(1.68203e-05 5.58399e-06 -1.82878e-15)
(1.65903e-05 6.38817e-06 -3.53306e-16)
(1.66312e-05 6.93354e-06 -4.08374e-15)
(1.64189e-05 7.8345e-06 1.27125e-15)
(1.59203e-05 9.05918e-06 1.60794e-15)
(1.56081e-05 1.02812e-05 -1.05041e-15)
(1.52096e-05 1.15078e-05 -2.40566e-17)
(1.47195e-05 1.27877e-05 8.49778e-16)
(1.40461e-05 1.41325e-05 -9.79599e-16)
(1.31788e-05 1.55646e-05 -5.07313e-15)
(1.20632e-05 1.71256e-05 -3.52015e-15)
(1.06432e-05 1.88422e-05 -2.43748e-15)
(1.62246e-05 2.91373e-06 -1.02362e-14)
(1.52804e-05 3.50353e-06 -1.09468e-15)
(1.76315e-05 4.72428e-06 7.58512e-15)
(1.58925e-05 5.30591e-06 7.42422e-16)
(1.60493e-05 5.70685e-06 -6.5296e-17)
(1.56864e-05 6.53485e-06 1.2989e-15)
(1.50797e-05 7.73424e-06 -1.71732e-15)
(1.4746e-05 8.81265e-06 5.71908e-16)
(1.44707e-05 9.94283e-06 1.17166e-15)
(1.41333e-05 1.11078e-05 -9.45885e-16)
(1.36514e-05 1.23177e-05 -5.32641e-16)
(1.29849e-05 1.35904e-05 1.08607e-15)
(1.21033e-05 1.49206e-05 5.55379e-16)
(1.09825e-05 1.63506e-05 2.33859e-15)
(9.53588e-06 1.78779e-05 4.61857e-15)
(1.45197e-05 3.35268e-06 -1.89297e-15)
(1.45637e-05 4.08764e-06 -4.88138e-15)
(1.65897e-05 4.79332e-06 -3.61746e-15)
(1.48578e-05 5.46735e-06 2.87394e-15)
(1.44179e-05 6.6873e-06 -2.75849e-15)
(1.3898e-05 7.65768e-06 -9.70582e-16)
(1.36287e-05 8.6089e-06 2.47058e-15)
(1.34104e-05 9.63078e-06 -7.18422e-16)
(1.30809e-05 1.07051e-05 3.34108e-16)
(1.26232e-05 1.18569e-05 1.57853e-16)
(1.19571e-05 1.29985e-05 3.25065e-16)
(1.10739e-05 1.42364e-05 -3.43233e-15)
(9.94036e-06 1.55247e-05 -3.19926e-15)
(8.50849e-06 1.68911e-05 1.1231e-15)
(1.42195e-05 3.35744e-06 -1.37187e-14)
(1.40208e-05 3.61593e-06 -1.53834e-15)
(1.5293e-05 4.69839e-06 4.27045e-15)
(1.36339e-05 5.70151e-06 -3.35202e-15)
(1.32907e-05 6.74695e-06 -1.71063e-16)
(1.28633e-05 7.60494e-06 2.99288e-16)
(1.26197e-05 8.43888e-06 1.44275e-16)
(1.23918e-05 9.38793e-06 3.41747e-16)
(1.20637e-05 1.03962e-05 -8.14077e-16)
(1.16348e-05 1.13816e-05 -8.40931e-17)
(1.09969e-05 1.24431e-05 4.11821e-16)
(1.009e-05 1.35091e-05 3.45792e-15)
(8.98443e-06 1.46639e-05 4.80392e-15)
(7.55865e-06 1.58671e-05 -1.17125e-15)
(1.36174e-05 2.96777e-06 9.31834e-15)
(1.27299e-05 3.53697e-06 -5.04803e-15)
(1.4139e-05 4.8288e-06 4.93477e-15)
(1.2532e-05 5.77818e-06 4.93494e-15)
(1.22668e-05 6.73532e-06 -3.54335e-15)
(1.18892e-05 7.48758e-06 -9.72949e-16)
(1.16474e-05 8.2854e-06 1.5646e-15)
(1.14063e-05 9.16468e-06 -6.65743e-16)
(1.1159e-05 1.0034e-05 6.08972e-16)
(1.07558e-05 1.0925e-05 8.55208e-17)
(1.01022e-05 1.17547e-05 8.01907e-16)
(9.2312e-06 1.27384e-05 -3.14176e-16)
(8.0738e-06 1.37782e-05 -2.60635e-15)
(6.69619e-06 1.484e-05 -1.07452e-16)
(1.17941e-05 3.42417e-06 -6.14722e-15)
(1.13137e-05 4.47427e-06 -2.64342e-15)
(1.23371e-05 5.7358e-06 5.2315e-15)
(1.10843e-05 6.51053e-06 1.73519e-15)
(1.09534e-05 7.25746e-06 -1.08329e-15)
(1.06603e-05 8.00944e-06 3.52848e-16)
(1.05328e-05 8.82693e-06 -1.91201e-16)
(1.02977e-05 9.56145e-06 6.61322e-16)
(1.00033e-05 1.01736e-05 -1.7133e-17)
(9.36551e-06 1.10089e-05 8.92447e-16)
(8.33259e-06 1.19483e-05 -3.78073e-16)
(7.23832e-06 1.29003e-05 -6.53952e-16)
(5.91623e-06 1.38099e-05 5.77682e-16)
(1.07932e-05 3.34435e-06 -1.38798e-15)
(1.01492e-05 4.20436e-06 -3.44739e-15)
(1.10368e-05 5.45692e-06 1.026e-15)
(1.00343e-05 6.13763e-06 1.14653e-15)
(9.93969e-06 6.89205e-06 2.69983e-15)
(9.72764e-06 7.62016e-06 -4.53661e-16)
(9.67557e-06 8.24841e-06 7.38958e-17)
(9.75124e-06 8.67982e-06 1.46467e-16)
(9.34457e-06 9.39346e-06 -2.65428e-16)
(8.42838e-06 1.03167e-05 -1.13763e-15)
(7.52043e-06 1.12006e-05 1.70999e-16)
(6.45549e-06 1.20301e-05 -3.44067e-16)
(5.22687e-06 1.28229e-05 1.41316e-15)
(9.73643e-06 3.24586e-06 -1.02853e-14)
(8.96011e-06 4.12671e-06 7.17668e-16)
(9.96133e-06 5.16828e-06 4.87219e-15)
(9.04526e-06 5.83382e-06 -3.10407e-15)
(8.95353e-06 6.54652e-06 -7.83594e-16)
(8.92958e-06 7.03513e-06 2.40791e-15)
(9.27099e-06 7.36462e-06 -2.02845e-15)
(9.049e-06 7.97761e-06 2.36114e-16)
(8.33356e-06 8.91994e-06 9.19091e-16)
(7.59247e-06 9.75298e-06 -1.02122e-15)
(6.71484e-06 1.05186e-05 -1.11274e-15)
(5.76455e-06 1.12455e-05 1.58025e-15)
(4.60097e-06 1.18978e-05 -1.769e-15)
(8.92439e-06 3.52763e-06 -1.19904e-15)
(7.90325e-06 3.96295e-06 1.22425e-15)
(8.90508e-06 5.05577e-06 1.00087e-16)
(8.11555e-06 5.67995e-06 -5.27377e-16)
(8.23464e-06 6.12481e-06 2.02048e-15)
(8.5414e-06 6.35715e-06 -6.5879e-16)
(8.4937e-06 6.89147e-06 -3.94149e-16)
(8.02971e-06 7.77934e-06 6.05472e-17)
(7.46624e-06 8.55186e-06 -3.25944e-16)
(6.7936e-06 9.27849e-06 1.50455e-15)
(6.05209e-06 9.92762e-06 -6.29638e-16)
(5.13724e-06 1.0509e-05 -3.23981e-15)
(4.07151e-06 1.10738e-05 3.05628e-15)
(7.52886e-06 4.09791e-06 4.62261e-15)
(7.11097e-06 4.77032e-06 2.05696e-15)
(8.07959e-06 5.60035e-06 -1.13758e-16)
(7.66156e-06 5.65721e-06 -1.97773e-15)
(7.78205e-06 6.09073e-06 1.03561e-15)
(7.53972e-06 6.84936e-06 1.31651e-16)
(7.14918e-06 7.53679e-06 -4.55435e-16)
(6.68732e-06 8.23355e-06 9.56426e-17)
(6.131e-06 8.83193e-06 -1.24839e-16)
(5.44622e-06 9.38433e-06 7.55566e-16)
(4.6094e-06 9.89766e-06 9.01269e-16)
(3.59027e-06 1.0312e-05 -6.41739e-16)
(7.10153e-06 4.07344e-06 -4.93143e-15)
(6.63721e-06 4.43697e-06 -1.75017e-15)
(7.60216e-06 5.266e-06 1.14037e-16)
(6.9125e-06 5.43248e-06 1.21534e-15)
(6.92855e-06 6.05328e-06 3.66816e-16)
(6.67072e-06 6.63699e-06 -6.25622e-16)
(6.39182e-06 7.26034e-06 -1.31533e-16)
(5.99411e-06 7.83423e-06 2.9694e-17)
(5.53037e-06 8.39454e-06 -1.75978e-16)
(4.90949e-06 8.88944e-06 6.72347e-16)
(4.14519e-06 9.29747e-06 5.16552e-16)
(3.2338e-06 9.54417e-06 -9.33826e-16)
(6.73198e-06 3.70398e-06 5.70206e-15)
(6.15609e-06 4.12534e-06 6.18291e-15)
(6.7796e-06 4.94866e-06 -1.43327e-15)
(6.15422e-06 5.27164e-06 -9.76179e-16)
(6.11229e-06 5.76505e-06 -4.34641e-17)
(5.97888e-06 6.27582e-06 -3.07258e-16)
(5.69002e-06 6.81505e-06 2.45467e-16)
(5.37335e-06 7.36996e-06 -1.25568e-16)
(4.94158e-06 7.88561e-06 -3.42582e-16)
(4.44599e-06 8.34315e-06 6.23084e-16)
(3.83695e-06 8.61903e-06 1.76221e-16)
(6.17275e-06 3.344e-06 -7.54594e-16)
(5.4712e-06 3.72069e-06 8.52205e-16)
(6.1061e-06 4.59518e-06 -9.57886e-16)
(5.41557e-06 4.89823e-06 -6.98361e-16)
(5.48011e-06 5.27895e-06 1.5217e-15)
(5.27177e-06 5.76776e-06 5.36147e-16)
(5.03268e-06 6.28809e-06 2.19137e-16)
(4.72184e-06 6.8055e-06 -1.64908e-16)
(4.41705e-06 7.31672e-06 1.02925e-16)
(4.07307e-06 7.67037e-06 -6.21875e-16)
(3.61739e-06 7.83006e-06 -6.39615e-16)
(4.93188e-06 3.36413e-06 -3.17874e-15)
(4.61978e-06 3.93703e-06 -8.25475e-16)
(5.3425e-06 4.53527e-06 -7.14112e-16)
(4.70566e-06 4.77709e-06 -5.00772e-16)
(4.61644e-06 5.25996e-06 -3.48183e-16)
(4.34882e-06 5.71043e-06 -7.63915e-16)
(4.12327e-06 6.21133e-06 6.58617e-16)
(3.93426e-06 6.58422e-06 1.06615e-16)
(3.87257e-06 6.78876e-06 -1.12942e-15)
(3.41275e-06 7.03867e-06 -1.13471e-16)
(4.57192e-06 3.16661e-06 -1.32947e-15)
(4.13173e-06 3.5381e-06 -2.2197e-15)
(4.59119e-06 4.17184e-06 1.94537e-15)
(4.06574e-06 4.34856e-06 6.91721e-16)
(3.97372e-06 4.74595e-06 6.49568e-16)
(3.7516e-06 5.1563e-06 2.75665e-16)
(3.62597e-06 5.49721e-06 1.90697e-16)
(3.75609e-06 5.71836e-06 3.8641e-16)
(3.56747e-06 6.01777e-06 5.48853e-16)
(3.01832e-06 6.32486e-06 1.01895e-15)
(4.05987e-06 2.92791e-06 -4.35829e-15)
(3.62893e-06 3.27614e-06 -7.14646e-16)
(4.09368e-06 3.80641e-06 -1.89345e-16)
(3.542e-06 3.9244e-06 3.70856e-16)
(3.43669e-06 4.27866e-06 1.26164e-16)
(3.2982e-06 4.55402e-06 -9.35903e-17)
(3.41134e-06 4.77077e-06 1.83839e-18)
(3.31837e-06 5.0368e-06 -1.79913e-15)
(3.14175e-06 5.34767e-06 1.26303e-16)
(2.72951e-06 5.64773e-06 1.97768e-15)
(3.72541e-06 2.66256e-06 3.63182e-15)
(3.25776e-06 2.95043e-06 -2.27798e-15)
(3.54068e-06 3.38568e-06 -1.75114e-15)
(3.06572e-06 3.51857e-06 7.23155e-16)
(3.02181e-06 3.78075e-06 -1.17871e-16)
(3.03323e-06 3.97848e-06 3.00917e-16)
(2.98561e-06 4.21124e-06 -1.00708e-16)
(3.03807e-06 4.45592e-06 6.99241e-16)
(2.80964e-06 4.75019e-06 1.56983e-15)
(2.33369e-06 5.04955e-06 -1.14093e-15)
(3.34896e-06 2.34262e-06 -2.40853e-16)
(2.8545e-06 2.55724e-06 -2.39512e-17)
(3.13736e-06 2.97429e-06 -2.17796e-15)
(2.68054e-06 3.08785e-06 1.66325e-15)
(2.70679e-06 3.2884e-06 1.36796e-16)
(2.65163e-06 3.49621e-06 -6.54162e-16)
(2.77252e-06 3.68515e-06 7.72452e-16)
(2.61959e-06 3.94145e-06 -1.52123e-16)
(2.36722e-06 4.23111e-06 -1.89169e-15)
(2.01505e-06 4.50403e-06 2.21567e-16)
(2.57079e-06 2.21192e-06 3.23361e-15)
(2.25732e-06 2.43368e-06 2.01918e-15)
(2.68341e-06 2.79614e-06 -1.19386e-16)
(2.30221e-06 2.88048e-06 1.68709e-16)
(2.43957e-06 3.05139e-06 1.26175e-16)
(2.34909e-06 3.27123e-06 -5.2908e-16)
(2.29538e-06 3.50539e-06 -5.57558e-16)
(2.04988e-06 3.74986e-06 1.31249e-15)
(1.59744e-06 4.02838e-06 7.64505e-16)
(2.41127e-06 2.04083e-06 1.2448e-15)
(1.98161e-06 2.16733e-06 -1.49919e-15)
(2.28709e-06 2.54355e-06 -6.95351e-16)
(2.05686e-06 2.57455e-06 1.66929e-15)
(2.04776e-06 2.76615e-06 -1.02246e-15)
(2.09534e-06 2.95094e-06 3.31379e-16)
(1.93486e-06 3.16515e-06 -4.22231e-16)
(1.61205e-06 3.43228e-06 2.63328e-17)
(1.26696e-06 3.61077e-06 1.24066e-15)
(2.09831e-06 1.88434e-06 8.91184e-16)
(1.72865e-06 2.03559e-06 4.90789e-16)
(2.04991e-06 2.35051e-06 4.75976e-16)
(1.73661e-06 2.38942e-06 1.2596e-16)
(1.84042e-06 2.54876e-06 -8.96533e-16)
(1.72224e-06 2.7263e-06 3.16089e-16)
(1.57087e-06 2.9363e-06 4.7937e-16)
(1.35407e-06 3.10477e-06 -3.88507e-16)
(1.89828e-06 1.77597e-06 9.58481e-17)
(1.4997e-06 1.90687e-06 5.68552e-16)
(1.73672e-06 2.21587e-06 7.74128e-18)
(1.54742e-06 2.21801e-06 -1.49154e-16)
(1.48791e-06 2.36205e-06 -1.70398e-16)
(1.47616e-06 2.51861e-06 -9.11737e-17)
(1.33768e-06 2.68644e-06 5.5305e-17)
(1.07607e-06 2.84489e-06 2.36909e-16)
(1.61631e-06 1.70842e-06 3.03916e-17)
(1.28032e-06 1.82869e-06 -2.44308e-16)
(1.55272e-06 2.07934e-06 -5.58868e-16)
(1.30602e-06 2.08906e-06 5.98021e-16)
(1.34146e-06 2.20442e-06 -2.27436e-16)
(1.1873e-06 2.31915e-06 3.57597e-16)
(1.04074e-06 2.47033e-06 -1.21601e-16)
(8.74298e-07 2.58812e-06 -1.07758e-15)
(1.46582e-06 1.75064e-06 1.19773e-15)
(1.11557e-06 1.73511e-06 4.83512e-16)
(1.30749e-06 1.98326e-06 2.34956e-16)
(1.17149e-06 2.0151e-06 -3.39099e-16)
(1.08569e-06 2.09719e-06 1.05457e-16)
(1.02856e-06 2.19818e-06 1.7721e-17)
(8.88634e-07 2.27852e-06 -4.70806e-16)
(6.86796e-07 2.36589e-06 8.6862e-16)
(1.11903e-06 1.77629e-06 9.26845e-17)
(9.23194e-07 1.78376e-06 -2.45332e-16)
(1.13768e-06 2.08258e-06 7.11251e-16)
(9.92226e-07 2.0197e-06 -5.57762e-16)
(8.67414e-07 2.07851e-06 6.01919e-16)
(7.33372e-07 2.12949e-06 -1.49074e-16)
(5.79687e-07 2.17491e-06 -2.23714e-16)
(1.01668e-06 1.71498e-06 2.57146e-15)
(8.98062e-07 1.70945e-06 3.7844e-16)
(1.06751e-06 1.97992e-06 -7.30798e-16)
(8.49797e-07 1.9044e-06 7.82015e-16)
(8.38563e-07 1.96823e-06 -7.49382e-16)
(6.71162e-07 1.9945e-06 -1.4838e-16)
(4.8245e-07 2.01099e-06 8.64829e-16)
(9.57068e-07 1.54792e-06 2.50135e-15)
(8.04826e-07 1.55776e-06 2.88455e-16)
(9.61702e-07 1.86311e-06 -2.42484e-17)
(8.21133e-07 1.78309e-06 -3.35872e-16)
(7.21609e-07 1.84287e-06 2.18984e-16)
(6.15672e-07 1.86735e-06 -8.55774e-16)
(4.59825e-07 1.88183e-06 -5.07735e-16)
(8.75418e-07 1.40606e-06 5.49521e-16)
(7.41982e-07 1.42769e-06 3.44474e-16)
(8.99288e-07 1.69154e-06 -2.43519e-16)
(7.12016e-07 1.6432e-06 -1.95018e-16)
(7.1212e-07 1.69828e-06 -1.95167e-17)
(5.79166e-07 1.72469e-06 4.00726e-16)
(4.07053e-07 1.76119e-06 1.32404e-16)
(8.21254e-07 1.23842e-06 -1.8283e-15)
(6.67952e-07 1.26445e-06 -5.30623e-16)
(7.72427e-07 1.51183e-06 5.1406e-17)
(6.73142e-07 1.46522e-06 6.73211e-17)
(6.04418e-07 1.53913e-06 4.68838e-17)
(4.9947e-07 1.59511e-06 -7.28955e-16)
(3.73568e-07 1.62184e-06 -2.30066e-17)
(7.02863e-07 1.06983e-06 5.53548e-16)
(5.81724e-07 1.11263e-06 8.92099e-16)
(7.02143e-07 1.31645e-06 1.22397e-16)
(5.39327e-07 1.30565e-06 -1.02177e-16)
(5.27117e-07 1.38289e-06 -1.38377e-16)
(4.32353e-07 1.42126e-06 1.20189e-16)
(2.97918e-07 1.46014e-06 1.18779e-15)
(6.2465e-07 9.16976e-07 -5.91398e-16)
(4.92924e-07 9.52035e-07 1.84538e-17)
(5.49305e-07 1.14057e-06 6.47474e-17)
(4.65255e-07 1.12235e-06 3.69875e-16)
(4.19419e-07 1.18693e-06 1.81183e-16)
(3.3686e-07 1.24107e-06 -6.40931e-16)
(4.95028e-07 7.8663e-07 7.18624e-16)
(3.98666e-07 8.24577e-07 1.19561e-15)
(4.87522e-07 9.64655e-07 -9.92566e-16)
(3.57837e-07 9.50813e-07 -3.58275e-18)
(3.23959e-07 9.98726e-07 1.72586e-16)
(2.47465e-07 1.03001e-06 -8.12726e-17)
(4.2558e-07 7.26885e-07 -2.32681e-16)
(3.37633e-07 7.11889e-07 2.7968e-16)
(3.69995e-07 8.26238e-07 -4.67321e-16)
(3.14816e-07 8.2611e-07 -2.60074e-17)
(2.66331e-07 8.48799e-07 9.57933e-17)
(1.99879e-07 8.64341e-07 1.02563e-16)
(3.2079e-07 6.76343e-07 9.26373e-16)
(2.69501e-07 6.8945e-07 2.36078e-16)
(2.94542e-07 7.95884e-07 -3.90967e-16)
(2.24285e-07 7.56121e-07 -5.07566e-17)
(1.78467e-07 7.56678e-07 2.17555e-16)
(2.63118e-07 6.21668e-07 5.71491e-16)
(2.34961e-07 6.23048e-07 -2.43757e-16)
(2.88651e-07 7.2297e-07 3.07847e-16)
(2.08317e-07 6.79445e-07 1.67328e-16)
(1.75401e-07 6.7937e-07 -8.2136e-17)
(2.52564e-07 5.67973e-07 -8.08871e-16)
(2.12549e-07 5.72663e-07 -4.47124e-17)
(2.15629e-07 6.7697e-07 -2.23413e-17)
(1.84623e-07 6.41597e-07 1.17265e-16)
(1.56511e-07 6.4626e-07 9.00819e-17)
(1.87014e-07 5.55437e-07 4.50706e-16)
(1.45941e-07 5.68833e-07 -1.48579e-16)
(1.83437e-07 6.62049e-07 2.54686e-16)
(1.4499e-07 6.35909e-07 -5.05369e-16)
(1.30126e-07 6.48392e-07 -3.044e-16)
(1.7011e-07 6.00424e-07 2.62913e-16)
(1.14969e-07 6.00923e-07 3.70173e-16)
(9.95793e-08 7.10082e-07 -7.3128e-18)
(9.45401e-08 6.91939e-07 -7.32435e-17)
(8.88856e-08 7.09451e-07 -5.35893e-17)
(9.0291e-08 8.06635e-07 -1.58832e-16)
(4.13301e-08 8.46785e-07 1.84983e-16)
(3.28884e-08 8.68463e-07 1.17426e-16)
(4.79517e-08 8.91172e-07 -3.04647e-16)
(5.88172e-08 9.09529e-07 -5.37711e-16)
)
;

boundaryField
{
    inlet
    {
        type            calculated;
        value           nonuniform List<vector> 5((8.83331e-08 0.563163 -1.58832e-16) (4.05074e-08 0.581065 1.84983e-16) (3.1948e-08 0.596705 1.17426e-16) (4.73032e-08 0.610269 -3.04647e-16) (5.78841e-08 0.621186 -5.37711e-16));
    }
    outlet
    {
        type            calculated;
        value           nonuniform List<vector> 0();
    }
    walls
    {
        type            calculated;
        value           nonuniform List<vector> 
28
(
(-17.5142 -16.8971 3.01797e-14)
(-14.2755 -16.6643 -7.59357e-14)
(-9.43111 -13.2287 9.57339e-14)
(-3.12578 -5.20132 -5.96243e-14)
(1.49498 2.8999 -1.46285e-13)
(3.93775 8.81796 -1.64677e-13)
(4.91885 12.5971 1.38216e-14)
(4.9791 14.3771 1.34522e-13)
(4.60672 14.9114 3.96868e-14)
(4.02249 14.463 -5.08373e-14)
(3.43545 13.6616 -3.60667e-14)
(2.90958 12.7383 -2.10753e-14)
(2.50389 12.0996 3.89304e-14)
(2.17577 11.6518 1.7443e-14)
(1.94041 11.6778 2.45643e-14)
(1.75475 12.1617 -3.47439e-14)
(1.56205 13.1167 -2.44179e-14)
(1.24469 13.4847 1.90337e-14)
(0.865648 12.963 1.25621e-14)
(0.53202 12.5613 6.73927e-15)
(0.228143 11.9376 -1.44843e-15)
(-0.0319931 10.4868 -2.73596e-16)
(-0.206803 8.58325 2.11944e-16)
(-0.302244 6.87822 -1.80723e-16)
(-0.345635 5.52171 -1.60624e-15)
(-0.35699 4.45694 -1.29888e-15)
(-0.348522 3.61107 -2.75105e-15)
(-0.33122 2.95596 -2.67376e-15)
)
;
    }
    frontAndBack
    {
        type            empty;
    }
    procBoundary1to0
    {
        type            processor;
        value           nonuniform List<vector> 
94
(
(3.67911e-05 -5.67092e-05 1.44969e-14)
(3.67911e-05 -5.67092e-05 1.44969e-14)
(3.5817e-05 -4.3455e-05 -1.81813e-14)
(3.5817e-05 -4.3455e-05 -1.81813e-14)
(3.49565e-05 -3.69517e-05 1.13893e-14)
(3.49565e-05 -3.69517e-05 1.13893e-14)
(3.57776e-05 -3.36965e-05 6.26817e-15)
(3.57776e-05 -3.36965e-05 6.26817e-15)
(3.65138e-05 -3.04911e-05 1.37784e-13)
(3.65138e-05 -3.04911e-05 1.37784e-13)
(3.74296e-05 -2.85803e-05 2.73527e-14)
(3.74296e-05 -2.85803e-05 2.73527e-14)
(3.61397e-05 -2.76625e-05 8.47618e-15)
(3.77572e-05 -2.44652e-05 -1.83897e-14)
(3.77572e-05 -2.44652e-05 -1.83897e-14)
(3.64698e-05 -2.31426e-05 -4.37669e-14)
(3.75684e-05 -1.93598e-05 -3.41276e-14)
(3.75684e-05 -1.93598e-05 -3.41276e-14)
(3.58801e-05 -1.78254e-05 5.53494e-14)
(3.45563e-05 -1.65251e-05 1.59154e-14)
(3.48628e-05 -1.36914e-05 -1.46923e-14)
(3.48628e-05 -1.36914e-05 -1.46923e-14)
(3.37188e-05 -1.28089e-05 -3.75741e-14)
(3.37119e-05 -1.06566e-05 -2.14129e-14)
(3.37119e-05 -1.06566e-05 -2.14129e-14)
(3.23563e-05 -9.91094e-06 1.18401e-14)
(3.14147e-05 -9.33947e-06 1.94324e-14)
(3.12363e-05 -7.40579e-06 5.06815e-14)
(3.12363e-05 -7.40579e-06 5.06815e-14)
(2.99544e-05 -6.62276e-06 -3.06466e-14)
(2.90806e-05 -5.64835e-06 2.0832e-14)
(2.73598e-05 -3.10323e-06 1.88335e-14)
(2.73598e-05 -3.10323e-06 1.88335e-14)
(2.64308e-05 -1.99005e-06 -2.77166e-14)
(2.4426e-05 -4.29141e-07 -5.91455e-15)
(2.4426e-05 -4.29141e-07 -5.91455e-15)
(2.34185e-05 -2.51393e-07 2.36626e-15)
(2.26408e-05 -3.98083e-07 3.62588e-15)
(2.24168e-05 6.25418e-08 -9.97149e-15)
(2.24168e-05 6.25418e-08 -9.97149e-15)
(2.16836e-05 3.65059e-07 -4.17912e-15)
(2.12172e-05 6.97719e-07 9.52904e-16)
(2.11091e-05 1.11818e-06 7.57584e-15)
(2.11091e-05 1.11818e-06 7.57584e-15)
(2.03438e-05 1.50136e-06 -8.16837e-15)
(1.97785e-05 1.58364e-06 1.87005e-14)
(1.92453e-05 1.90788e-06 1.63816e-14)
(1.92453e-05 1.90788e-06 1.63816e-14)
(1.84065e-05 2.08471e-06 -1.41095e-14)
(1.75086e-05 2.23171e-06 2.14038e-15)
(1.61591e-05 2.93872e-06 -1.27445e-14)
(1.61591e-05 2.93872e-06 -1.27445e-14)
(1.50619e-05 2.93605e-06 2.41837e-15)
(1.41794e-05 2.62629e-06 -2.0701e-15)
(1.30181e-05 2.79045e-06 4.77822e-15)
(1.30181e-05 2.79045e-06 4.77822e-15)
(1.18748e-05 2.65739e-06 -3.64027e-15)
(1.08125e-05 2.68402e-06 -1.23689e-15)
(9.96968e-06 2.99773e-06 -1.14185e-15)
(8.63853e-06 3.8659e-06 -2.90721e-15)
(8.63853e-06 3.8659e-06 -2.90721e-15)
(8.09041e-06 3.77602e-06 -2.88564e-15)
(7.5844e-06 3.43963e-06 -4.08548e-15)
(7.10984e-06 3.08879e-06 -3.61182e-15)
(5.97662e-06 3.05936e-06 3.93273e-15)
(5.97662e-06 3.05936e-06 3.93273e-15)
(5.40092e-06 2.81077e-06 -5.99989e-15)
(4.83738e-06 2.60807e-06 5.54661e-15)
(4.36493e-06 2.393e-06 -3.76241e-15)
(3.97999e-06 2.13522e-06 2.20927e-16)
(3.23988e-06 2.08704e-06 1.86762e-15)
(3.23988e-06 2.08704e-06 1.86762e-15)
(2.92948e-06 1.86587e-06 1.66651e-16)
(2.612e-06 1.71594e-06 3.90839e-15)
(2.34333e-06 1.60337e-06 -1.11644e-15)
(2.04602e-06 1.55313e-06 -6.2025e-16)
(1.77579e-06 1.59313e-06 7.01046e-16)
(1.35918e-06 1.80826e-06 -2.51977e-15)
(1.35918e-06 1.80826e-06 -2.51977e-15)
(1.22103e-06 1.72943e-06 1.81653e-15)
(1.15523e-06 1.58472e-06 1.86261e-15)
(1.07014e-06 1.43286e-06 1.16025e-15)
(9.94361e-07 1.23614e-06 -2.88525e-16)
(8.75594e-07 1.05785e-06 -2.66157e-16)
(7.62279e-07 8.88392e-07 2.74721e-16)
(6.26677e-07 7.65824e-07 1.12551e-15)
(5.09638e-07 7.02674e-07 -4.31355e-16)
(3.67699e-07 6.95105e-07 -6.41216e-16)
(3.67699e-07 6.95105e-07 -6.41216e-16)
(3.12511e-07 6.36643e-07 -1.1442e-15)
(2.74612e-07 5.86448e-07 -7.66834e-17)
(2.39331e-07 5.73554e-07 2.61048e-16)
(1.91752e-07 6.01499e-07 -1.92601e-16)
(1.10913e-07 7.7436e-07 1.93698e-15)
)
;
    }
    procBoundary1to2
    {
        type            processor;
        value           nonuniform List<vector> 
84
(
(5.86342e-05 -3.33206e-07 1.26139e-15)
(0.000103011 4.53549e-07 -1.55107e-15)
(0.000110008 -7.63292e-05 3.78952e-17)
(-0.000411145 -0.00181104 7.59218e-15)
(0.000168418 0.00262105 -6.88105e-16)
(0.00040434 -0.000885119 -1.19134e-14)
(0.000111223 0.000105175 7.24377e-15)
(7.7462e-05 -3.00412e-07 -3.42321e-15)
(8.04482e-05 1.34919e-05 -1.09983e-15)
(7.93753e-05 1.24012e-05 -4.81431e-16)
(7.98746e-05 1.22454e-05 2.33579e-15)
(8.00191e-05 1.30533e-05 7.27915e-15)
(8.00714e-05 1.37054e-05 -1.25875e-14)
(7.9866e-05 1.45851e-05 7.45344e-16)
(7.94828e-05 1.57159e-05 7.28474e-16)
(7.87751e-05 1.68762e-05 -1.03633e-15)
(7.78395e-05 1.84131e-05 3.09242e-15)
(7.65138e-05 1.98883e-05 1.59437e-15)
(7.49425e-05 2.14247e-05 5.65209e-15)
(7.29761e-05 2.29023e-05 -9.50888e-15)
(7.0713e-05 2.47006e-05 5.55268e-15)
(6.79823e-05 2.65077e-05 -2.00697e-15)
(6.50075e-05 2.83075e-05 -7.54342e-18)
(6.16699e-05 3.0033e-05 1.01938e-16)
(5.81444e-05 3.16334e-05 2.43618e-15)
(5.43097e-05 3.31869e-05 -9.86177e-17)
(5.03619e-05 3.44965e-05 4.49177e-15)
(4.62742e-05 3.56029e-05 -8.96029e-15)
(4.22071e-05 3.6277e-05 7.56006e-15)
(3.81657e-05 3.67108e-05 -8.13957e-15)
(3.42499e-05 3.67346e-05 -1.75599e-15)
(3.05238e-05 3.65516e-05 7.90579e-15)
(2.70164e-05 3.59499e-05 1.32755e-15)
(2.37691e-05 3.52147e-05 -6.34254e-15)
(2.07631e-05 3.42265e-05 4.02123e-15)
(1.80616e-05 3.31084e-05 -2.96917e-15)
(1.55722e-05 3.19334e-05 -1.86155e-15)
(1.35191e-05 3.02514e-05 -7.37776e-16)
(1.31931e-05 2.43973e-05 4.84958e-15)
(1.31931e-05 2.43973e-05 4.84958e-15)
(1.16405e-05 2.3211e-05 -6.37953e-15)
(1.01964e-05 2.19824e-05 1.45759e-15)
(8.91378e-06 2.08036e-05 8.91734e-16)
(7.73025e-06 1.95776e-05 -3.5201e-15)
(6.71837e-06 1.8341e-05 -1.43803e-15)
(5.79492e-06 1.7089e-05 -4.27821e-15)
(5.01171e-06 1.58472e-05 1.24486e-15)
(4.30327e-06 1.46464e-05 1.78145e-15)
(3.72663e-06 1.35011e-05 -5.82939e-16)
(3.20345e-06 1.24483e-05 -2.2906e-15)
(2.75976e-06 1.14767e-05 1.71922e-15)
(2.39931e-06 1.06276e-05 8.71183e-16)
(2.14916e-06 9.68232e-06 -1.12014e-15)
(2.98179e-06 8.65909e-06 -2.12018e-15)
(2.98179e-06 8.65909e-06 -2.12018e-15)
(2.71645e-06 7.91667e-06 1.27129e-15)
(2.54309e-06 7.18364e-06 -1.76698e-15)
(2.20671e-06 6.47238e-06 7.03658e-16)
(2.05387e-06 5.80587e-06 1.16527e-15)
(1.71373e-06 5.2172e-06 -1.37791e-15)
(1.45186e-06 4.70648e-06 -1.68283e-16)
(1.10137e-06 4.20803e-06 1.84824e-15)
(8.1444e-07 3.74421e-06 -1.24001e-15)
(1.00224e-06 3.21062e-06 -4.96602e-16)
(1.00224e-06 3.21062e-06 -4.96602e-16)
(7.45576e-07 2.92049e-06 1.46591e-15)
(6.08992e-07 2.64743e-06 -1.30465e-16)
(4.21157e-07 2.38444e-06 6.42586e-16)
(3.42676e-07 2.1706e-06 2.81697e-15)
(2.30216e-07 1.98597e-06 -3.40414e-16)
(2.21501e-07 1.83903e-06 1.68646e-15)
(1.93966e-07 1.71146e-06 7.49271e-16)
(1.80182e-07 1.60237e-06 8.21053e-16)
(1.41171e-07 1.48393e-06 -1.06435e-17)
(1.84072e-07 1.24066e-06 -1.4422e-15)
(1.84072e-07 1.24066e-06 -1.4422e-15)
(1.59811e-07 1.02757e-06 1.55501e-16)
(1.01959e-07 8.35099e-07 -9.35342e-16)
(1.01965e-07 7.13704e-07 5.25165e-17)
(8.65706e-08 6.33219e-07 1.74299e-16)
(9.25214e-08 6.09028e-07 -6.26371e-16)
(6.68486e-08 6.15784e-07 1.59278e-15)
(5.24948e-08 6.8399e-07 -1.05418e-15)
(4.17612e-08 9.13044e-07 -6.32218e-16)
)
;
    }
    procBoundary1to5
    {
        type            processor;
        value           nonuniform List<vector> 
13
(
(1.66098e-06 7.8889e-05 -1.07345e-13)
(1.66098e-06 7.8889e-05 -1.07345e-13)
(8.57747e-05 3.20924e-05 1.27347e-13)
(8.78469e-05 4.63187e-06 -6.4571e-14)
(8.78469e-05 4.63187e-06 -6.4571e-14)
(9.91893e-05 -3.89883e-05 -2.08222e-14)
(8.37324e-05 -4.69336e-05 1.86885e-13)
(8.37324e-05 -4.69336e-05 1.86885e-13)
(7.06801e-05 -7.1036e-05 -5.83378e-15)
(5.75298e-05 -6.8544e-05 -3.94504e-15)
(5.09249e-05 -6.24296e-05 6.10928e-14)
(5.09249e-05 -6.24296e-05 6.10928e-14)
(3.97858e-05 -7.10061e-05 5.06889e-14)
)
;
    }
}


// ************************************************************************* //
