/*--------------------------------*- C++ -*----------------------------------*\
| =========                 |                                                 |
| \\      /  F ield         | OpenFOAM: The Open Source CFD Toolbox           |
|  \\    /   O peration     | Version:  2306                                  |
|   \\  /    A nd           | Website:  www.openfoam.com                      |
|    \\/     M anipulation  |                                                 |
\*---------------------------------------------------------------------------*/
FoamFile
{
    version     2.0;
    format      ascii;
    arch        "LSB;label=32;scalar=64";
    class       volVectorField;
    location    "700";
    object      momentError;
}
// * * * * * * * * * * * * * * * * * * * * * * * * * * * * * * * * * * * * * //

dimensions      [0 1 -2 0 0 0 0];

internalField   nonuniform List<vector> 
1340
(
(1.25631e-05 -7.51722e-05 -2.94634e-15)
(1.81263e-05 -6.97649e-05 -2.40515e-14)
(2.57143e-05 -6.66507e-05 1.5062e-14)
(3.23067e-05 -6.02427e-05 4.42747e-14)
(3.65881e-05 -4.91415e-05 1.4497e-14)
(1.44382e-05 -7.11415e-05 -6.00337e-15)
(1.78902e-05 -6.5126e-05 9.69786e-15)
(2.331e-05 -6.18432e-05 2.38081e-14)
(2.87455e-05 -5.45578e-05 -3.81651e-14)
(3.5696e-05 -4.45592e-05 -2.82787e-14)
(3.75986e-05 -3.59069e-05 -1.81813e-14)
(1.39941e-05 -6.75307e-05 2.60356e-15)
(1.73407e-05 -6.1783e-05 5.17369e-15)
(2.19386e-05 -5.70915e-05 -1.37213e-14)
(2.73578e-05 -4.94653e-05 1.79637e-14)
(3.232e-05 -4.08797e-05 3.2191e-14)
(3.57686e-05 -3.3527e-05 1.62802e-15)
(3.6896e-05 -2.88163e-05 1.13893e-14)
(1.25705e-05 -6.3859e-05 -1.68984e-15)
(1.64319e-05 -5.77762e-05 -7.01589e-15)
(2.09777e-05 -5.24307e-05 3.88152e-15)
(2.57811e-05 -4.51425e-05 1.96278e-16)
(3.00955e-05 -3.74989e-05 -2.05691e-14)
(3.3028e-05 -3.14325e-05 1.64721e-14)
(3.54775e-05 -2.75016e-05 -4.4762e-14)
(3.72265e-05 -2.47024e-05 6.26817e-15)
(1.16468e-05 -5.9704e-05 -1.88598e-15)
(1.57293e-05 -5.37992e-05 4.62989e-15)
(2.00326e-05 -4.82063e-05 4.2569e-15)
(2.43002e-05 -4.12054e-05 -1.875e-14)
(2.81477e-05 -3.44316e-05 -5.85234e-14)
(3.10519e-05 -2.9382e-05 3.6602e-14)
(3.34897e-05 -2.60194e-05 -7.66483e-14)
(3.61337e-05 -2.35211e-05 2.58947e-14)
(3.72837e-05 -2.12467e-05 1.37784e-13)
(1.06555e-05 -5.54238e-05 8.9199e-16)
(1.49752e-05 -4.98e-05 3.92501e-16)
(1.90342e-05 -4.42429e-05 -1.03354e-14)
(2.28458e-05 -3.77373e-05 -7.62022e-15)
(2.63204e-05 -3.16437e-05 3.0147e-15)
(2.91944e-05 -2.74382e-05 1.70371e-14)
(3.17596e-05 -2.47366e-05 9.70805e-16)
(3.4088e-05 -2.26945e-05 -7.22268e-14)
(3.60317e-05 -2.07409e-05 6.96891e-14)
(3.75946e-05 -1.95669e-05 2.73527e-14)
(9.87287e-06 -5.11339e-05 1.09052e-15)
(1.41501e-05 -4.58786e-05 -4.00262e-15)
(1.79917e-05 -4.06262e-05 1.48912e-15)
(2.14736e-05 -3.4557e-05 1.98392e-14)
(2.47153e-05 -2.92791e-05 4.59637e-14)
(2.7473e-05 -2.57115e-05 -7.6033e-14)
(3.00964e-05 -2.35119e-05 6.16777e-14)
(3.25142e-05 -2.18602e-05 -3.6791e-14)
(3.44309e-05 -2.02959e-05 -6.9363e-14)
(3.65057e-05 -1.90384e-05 8.47619e-15)
(9.15502e-06 -4.70246e-05 -1.83212e-15)
(1.33248e-05 -4.21452e-05 -1.54217e-16)
(1.69432e-05 -3.71877e-05 1.4356e-16)
(2.02311e-05 -3.17159e-05 1.59692e-14)
(2.31869e-05 -2.70141e-05 1.12726e-15)
(2.58104e-05 -2.40118e-05 3.17713e-14)
(2.85086e-05 -2.23032e-05 -1.61859e-14)
(3.10542e-05 -2.09148e-05 -4.8239e-14)
(3.32055e-05 -1.94263e-05 -3.13535e-14)
(3.52771e-05 -1.80161e-05 -6.74604e-14)
(3.77363e-05 -1.6246e-05 -1.83897e-14)
(8.54332e-06 -4.30703e-05 -2.13499e-17)
(1.252e-05 -3.85533e-05 -6.79617e-15)
(1.59402e-05 -3.40028e-05 2.95975e-15)
(1.90356e-05 -2.90245e-05 9.02564e-15)
(2.17455e-05 -2.48825e-05 -1.16838e-14)
(2.42575e-05 -2.2351e-05 -1.19101e-14)
(2.70254e-05 -2.10685e-05 -1.99068e-14)
(2.97009e-05 -1.98115e-05 -1.52709e-14)
(3.20062e-05 -1.8383e-05 3.16776e-14)
(3.41561e-05 -1.68453e-05 8.43418e-14)
(3.66394e-05 -1.52865e-05 -4.37669e-14)
(7.99047e-06 -3.93435e-05 -8.35026e-16)
(1.17369e-05 -3.51949e-05 6.40672e-16)
(1.49408e-05 -3.10046e-05 -4.73709e-16)
(1.78619e-05 -2.65835e-05 -1.32263e-14)
(2.04343e-05 -2.29119e-05 9.08457e-15)
(2.29015e-05 -2.08379e-05 -6.57053e-15)
(2.56484e-05 -1.97824e-05 -1.3573e-15)
(2.84394e-05 -1.86342e-05 7.30511e-14)
(3.08314e-05 -1.72312e-05 7.48733e-15)
(3.30207e-05 -1.55845e-05 5.97147e-14)
(3.53089e-05 -1.39844e-05 6.86915e-14)
(3.73662e-05 -1.16871e-05 -3.41277e-14)
(7.45916e-06 -3.58287e-05 1.35946e-16)
(1.09595e-05 -3.20603e-05 -5.88249e-15)
(1.39659e-05 -2.82742e-05 -8.24497e-15)
(1.67147e-05 -2.42881e-05 -9.69129e-15)
(1.92159e-05 -2.11574e-05 1.21007e-14)
(2.16378e-05 -1.94086e-05 5.11905e-14)
(2.43709e-05 -1.84997e-05 -4.15828e-15)
(2.71748e-05 -1.74135e-05 2.46248e-14)
(2.96436e-05 -1.59988e-05 -1.82139e-15)
(3.18309e-05 -1.43804e-05 -7.13095e-14)
(3.39924e-05 -1.26066e-05 -3.71784e-14)
(3.58654e-05 -1.04177e-05 5.53495e-14)
(6.94864e-06 -3.26275e-05 -2.9276e-18)
(1.02381e-05 -2.91927e-05 2.65652e-15)
(1.30503e-05 -2.57479e-05 8.61422e-15)
(1.56437e-05 -2.22412e-05 3.30168e-15)
(1.80394e-05 -1.95089e-05 1.10845e-15)
(2.04396e-05 -1.80782e-05 -6.98712e-15)
(2.31308e-05 -1.7244e-05 7.87782e-14)
(2.59301e-05 -1.62211e-05 -2.69607e-16)
(2.84301e-05 -1.48417e-05 -9.5792e-14)
(3.05126e-05 -1.31964e-05 -2.17966e-14)
(3.26264e-05 -1.13897e-05 1.28179e-14)
(3.46715e-05 -9.41281e-06 1.59154e-14)
(6.49855e-06 -2.96752e-05 6.75388e-16)
(9.60499e-06 -2.65601e-05 5.40484e-15)
(1.22333e-05 -2.34778e-05 -3.12702e-15)
(1.46522e-05 -2.0347e-05 2.60643e-14)
(1.69536e-05 -1.80344e-05 2.40106e-14)
(1.92814e-05 -1.68053e-05 -3.57925e-16)
(2.19408e-05 -1.60564e-05 2.13581e-14)
(2.46857e-05 -1.50671e-05 -3.76688e-14)
(2.71677e-05 -1.37474e-05 -2.42401e-14)
(2.92277e-05 -1.21464e-05 -7.96647e-14)
(3.1088e-05 -1.03066e-05 5.24294e-14)
(3.32744e-05 -8.54472e-06 8.19226e-14)
(3.46265e-05 -6.87776e-06 -1.46923e-14)
(6.16731e-06 -2.70176e-05 7.43479e-16)
(9.03368e-06 -2.41752e-05 1.95201e-16)
(1.14808e-05 -2.14278e-05 -8.64717e-15)
(1.37397e-05 -1.86644e-05 4.01748e-15)
(1.59134e-05 -1.66255e-05 -4.69715e-15)
(1.81985e-05 -1.56252e-05 -4.9921e-15)
(2.07638e-05 -1.49306e-05 -6.91307e-14)
(2.34828e-05 -1.39993e-05 4.70088e-14)
(2.59184e-05 -1.2737e-05 1.99787e-14)
(2.78993e-05 -1.11392e-05 1.40361e-14)
(2.97127e-05 -9.39155e-06 -5.60437e-14)
(3.16429e-05 -7.84767e-06 1.66222e-15)
(3.35953e-05 -6.30705e-06 -3.75742e-14)
(5.84129e-06 -2.45698e-05 6.51536e-16)
(8.51375e-06 -2.20692e-05 -2.03544e-15)
(1.07672e-05 -1.95812e-05 4.32486e-15)
(1.28687e-05 -1.71136e-05 -1.13356e-14)
(1.49498e-05 -1.53905e-05 -3.33734e-14)
(1.71401e-05 -1.45253e-05 1.79e-16)
(1.96312e-05 -1.38997e-05 -1.03306e-15)
(2.22671e-05 -1.29969e-05 -8.29339e-15)
(2.46771e-05 -1.17879e-05 4.82687e-14)
(2.66336e-05 -1.02529e-05 -1.92334e-14)
(2.83573e-05 -8.55007e-06 -5.63806e-15)
(3.02235e-05 -7.07193e-06 -6.53731e-15)
(3.21445e-05 -5.85252e-06 1.03534e-14)
(3.32673e-05 -4.4723e-06 -2.14129e-14)
(5.55619e-06 -2.24178e-05 -1.48565e-15)
(8.01927e-06 -2.01169e-05 -9.9594e-16)
(1.01245e-05 -1.79124e-05 9.86356e-15)
(1.2069e-05 -1.57498e-05 -1.18475e-14)
(1.4016e-05 -1.42258e-05 5.62814e-15)
(1.61269e-05 -1.35224e-05 -1.9536e-14)
(1.85136e-05 -1.29267e-05 -8.86703e-16)
(2.1089e-05 -1.20852e-05 -2.0636e-14)
(2.34606e-05 -1.09131e-05 2.14846e-14)
(2.53613e-05 -9.39284e-06 -2.17531e-14)
(2.70646e-05 -7.76542e-06 3.30865e-15)
(2.89268e-05 -6.38844e-06 2.67129e-15)
(3.07975e-05 -5.29874e-06 3.21687e-14)
(3.20502e-05 -4.02898e-06 1.18401e-14)
(5.20217e-06 -2.04327e-05 3.2026e-18)
(7.68078e-06 -1.83733e-05 8.88271e-16)
(9.60608e-06 -1.63697e-05 1.491e-15)
(1.13729e-05 -1.45153e-05 2.17036e-15)
(1.31665e-05 -1.32155e-05 3.04073e-14)
(1.51406e-05 -1.25667e-05 4.2592e-15)
(1.74484e-05 -1.20252e-05 -7.87779e-15)
(1.99195e-05 -1.12094e-05 5.93905e-15)
(2.22596e-05 -1.00767e-05 5.06648e-15)
(2.4155e-05 -8.61205e-06 5.36575e-14)
(2.58063e-05 -7.02884e-06 2.03839e-14)
(2.76509e-05 -5.72611e-06 5.3512e-15)
(2.95356e-05 -4.69501e-06 -5.20655e-14)
(3.12125e-05 -3.79738e-06 1.94324e-14)
(5.13692e-06 -1.85804e-05 -4.67905e-16)
(7.3994e-06 -1.6578e-05 -2.67641e-15)
(9.17735e-06 -1.5025e-05 -6.08245e-15)
(1.07119e-05 -1.33901e-05 -2.6357e-15)
(1.23222e-05 -1.22181e-05 -1.28188e-14)
(1.4207e-05 -1.16861e-05 -1.37147e-15)
(1.63964e-05 -1.1155e-05 5.60485e-14)
(1.8804e-05 -1.03871e-05 1.36717e-14)
(2.10717e-05 -9.29713e-06 -4.42824e-14)
(2.29312e-05 -7.86235e-06 -9.69053e-15)
(2.4588e-05 -6.35726e-06 2.51642e-15)
(2.64376e-05 -5.10278e-06 2.42052e-14)
(2.84038e-05 -4.1135e-06 -1.49937e-14)
(3.00196e-05 -3.28879e-06 -2.8023e-14)
(3.07627e-05 -2.08102e-06 5.06815e-14)
(5.00912e-06 -1.66677e-05 -1.12892e-15)
(7.00198e-06 -1.51637e-05 -9.00994e-16)
(8.67861e-06 -1.37813e-05 -9.09083e-16)
(1.00544e-05 -1.23927e-05 -9.40776e-16)
(1.15392e-05 -1.136e-05 2.17958e-14)
(1.32945e-05 -1.08468e-05 5.71169e-16)
(1.53883e-05 -1.03484e-05 -4.33181e-15)
(1.76846e-05 -9.60094e-06 9.4047e-15)
(1.98973e-05 -8.5658e-06 3.3829e-14)
(2.17339e-05 -7.2027e-06 -6.37704e-14)
(2.3357e-05 -5.73307e-06 -3.18603e-14)
(2.5193e-05 -4.49179e-06 -4.83827e-15)
(2.72015e-05 -3.54559e-06 3.59983e-14)
(2.90163e-05 -2.59921e-06 -1.80581e-14)
(2.96118e-05 -1.53872e-06 -3.06466e-14)
(4.66849e-06 -1.51149e-05 8.47542e-17)
(6.55104e-06 -1.36744e-05 -7.48369e-16)
(7.98063e-06 -1.26953e-05 1.30915e-15)
(9.32871e-06 -1.15322e-05 1.80216e-15)
(1.07562e-05 -1.05491e-05 1.88227e-14)
(1.24268e-05 -1.00738e-05 -1.96807e-14)
(1.44014e-05 -9.56704e-06 -4.71374e-16)
(1.6609e-05 -8.8753e-06 -2.16027e-14)
(1.8735e-05 -7.88494e-06 -1.676e-14)
(2.05184e-05 -6.57e-06 4.87659e-14)
(2.21244e-05 -5.17299e-06 -2.77047e-14)
(2.39717e-05 -3.95991e-06 -1.96939e-14)
(2.59015e-05 -2.94759e-06 -1.74454e-14)
(2.78458e-05 -2.04718e-06 3.33003e-14)
(2.88164e-05 -8.28563e-07 2.0832e-14)
(4.53475e-06 -1.37713e-05 5.88357e-17)
(5.9376e-06 -1.25734e-05 1.97648e-15)
(7.22728e-06 -1.17375e-05 -6.52102e-15)
(8.57645e-06 -1.066e-05 6.4343e-16)
(9.99898e-06 -9.80073e-06 -2.99634e-14)
(1.1587e-05 -9.32135e-06 2.12451e-15)
(1.34741e-05 -8.84355e-06 4.36261e-15)
(1.55562e-05 -8.17002e-06 -4.52174e-14)
(1.76108e-05 -7.23308e-06 1.12631e-14)
(1.93427e-05 -6.00797e-06 -3.2637e-15)
(2.08935e-05 -4.64071e-06 2.7207e-14)
(2.26514e-05 -3.4531e-06 1.78668e-15)
(2.46535e-05 -2.47566e-06 -2.22547e-14)
(2.63665e-05 -1.62445e-06 -2.44089e-14)
(2.77523e-05 -1.06829e-07 4.36175e-15)
(2.67318e-05 1.52427e-06 1.88335e-14)
(4.13854e-06 -1.27383e-05 8.39053e-16)
(5.43874e-06 -1.16022e-05 2.46943e-15)
(6.61699e-06 -1.07874e-05 -2.30109e-16)
(7.89627e-06 -9.84351e-06 5.88941e-16)
(9.26824e-06 -9.06136e-06 2.66557e-15)
(1.08019e-05 -8.62554e-06 -1.57627e-14)
(1.25717e-05 -8.14849e-06 1.26622e-14)
(1.45669e-05 -7.51757e-06 1.80457e-14)
(1.65136e-05 -6.63534e-06 -1.17166e-14)
(1.8176e-05 -5.45583e-06 -8.22144e-15)
(1.96854e-05 -4.17376e-06 3.96664e-15)
(2.14038e-05 -3.04215e-06 3.39794e-14)
(2.33239e-05 -2.12085e-06 4.41729e-14)
(2.48815e-05 -1.0664e-06 1.62148e-15)
(2.59988e-05 2.25723e-07 -1.31126e-14)
(2.58554e-05 2.34706e-06 -2.77166e-14)
(5.03832e-06 -1.06801e-05 2.84936e-16)
(6.1155e-06 -9.97587e-06 -5.08303e-16)
(7.29009e-06 -9.07399e-06 1.16298e-14)
(8.59685e-06 -8.38974e-06 8.99028e-15)
(1.0044e-05 -7.96286e-06 8.00104e-15)
(1.17265e-05 -7.51737e-06 -6.02784e-15)
(1.35994e-05 -6.90385e-06 4.16233e-14)
(1.54582e-05 -6.07903e-06 -2.36068e-14)
(1.70573e-05 -4.97962e-06 -1.21361e-14)
(1.84942e-05 -3.74907e-06 -4.08795e-14)
(2.01227e-05 -2.66176e-06 -2.24313e-14)
(2.19359e-05 -1.79026e-06 -3.22564e-14)
(2.3558e-05 -7.59395e-07 6.94248e-15)
(2.41886e-05 6.0318e-07 9.86538e-15)
(2.4417e-05 2.44077e-06 9.82803e-15)
(2.3492e-05 3.59508e-06 -5.91455e-15)
(4.65306e-06 -1.00084e-05 3.17512e-15)
(5.66196e-06 -9.1957e-06 2.14075e-16)
(6.74895e-06 -8.38123e-06 -9.77588e-15)
(7.96889e-06 -7.74466e-06 -8.04318e-15)
(9.33937e-06 -7.36364e-06 4.8038e-15)
(1.09156e-05 -6.91957e-06 1.22906e-14)
(1.2694e-05 -6.3533e-06 -1.01235e-14)
(1.44479e-05 -5.56783e-06 1.79636e-14)
(1.59635e-05 -4.5195e-06 1.86492e-15)
(1.7353e-05 -3.36762e-06 -8.62361e-15)
(1.89435e-05 -2.36411e-06 2.38592e-15)
(2.06075e-05 -1.52959e-06 5.40963e-15)
(2.1983e-05 -5.80979e-07 -1.98463e-14)
(2.26807e-05 8.54541e-07 9.84134e-16)
(2.27825e-05 2.2525e-06 1.49876e-15)
(2.25734e-05 3.4248e-06 2.36626e-15)
(4.30711e-06 -9.25439e-06 -2.40768e-16)
(5.2456e-06 -8.50608e-06 -5.61595e-15)
(6.24975e-06 -7.72791e-06 -3.24199e-15)
(7.39876e-06 -7.1678e-06 2.10676e-14)
(8.67525e-06 -6.79221e-06 -1.72004e-14)
(1.017e-05 -6.38007e-06 1.30524e-14)
(1.18275e-05 -5.82873e-06 -1.11136e-14)
(1.35004e-05 -5.08666e-06 -1.56634e-14)
(1.49458e-05 -4.10855e-06 1.36464e-14)
(1.62681e-05 -3.00042e-06 2.78263e-14)
(1.77637e-05 -2.06969e-06 -1.96637e-14)
(1.93962e-05 -1.34966e-06 2.2359e-14)
(2.06055e-05 -4.69228e-07 1.55031e-14)
(2.11433e-05 9.34729e-07 -1.92663e-14)
(2.14374e-05 2.13654e-06 -8.25497e-15)
(2.18534e-05 2.891e-06 3.62589e-15)
(3.96107e-06 -8.55815e-06 -2.06843e-15)
(4.84584e-06 -7.82888e-06 2.91383e-15)
(5.78862e-06 -7.12391e-06 5.04488e-15)
(6.85748e-06 -6.60133e-06 -1.84942e-14)
(8.06507e-06 -6.26625e-06 2.46588e-14)
(9.45247e-06 -5.86466e-06 -3.94694e-15)
(1.10315e-05 -5.35139e-06 3.52615e-16)
(1.25961e-05 -4.64557e-06 -4.6127e-15)
(1.39658e-05 -3.69584e-06 -3.57386e-14)
(1.52498e-05 -2.66889e-06 1.8177e-14)
(1.67497e-05 -1.81761e-06 8.89044e-15)
(1.82369e-05 -1.16384e-06 -5.0882e-14)
(1.92874e-05 -1.75113e-07 8.95088e-15)
(1.98083e-05 1.00864e-06 1.50698e-14)
(2.01777e-05 2.03528e-06 -1.12034e-14)
(2.10525e-05 2.69859e-06 -2.6106e-14)
(2.14609e-05 2.92135e-06 -9.9715e-15)
(3.64738e-06 -7.86011e-06 2.18063e-15)
(4.47893e-06 -7.19638e-06 1.36839e-15)
(5.35626e-06 -6.5321e-06 -4.75101e-15)
(6.36002e-06 -6.07904e-06 8.68122e-15)
(7.48058e-06 -5.75748e-06 -9.89151e-15)
(8.78718e-06 -5.3943e-06 1.04274e-14)
(1.02562e-05 -4.89746e-06 -2.72046e-14)
(1.17405e-05 -4.23436e-06 -1.61225e-15)
(1.30468e-05 -3.34055e-06 2.6119e-14)
(1.42687e-05 -2.34595e-06 -6.7033e-15)
(1.5729e-05 -1.541e-06 2.66108e-14)
(1.71684e-05 -8.36679e-07 1.71922e-14)
(1.81812e-05 6.90795e-08 -7.02436e-15)
(1.86513e-05 1.25133e-06 3.08882e-14)
(1.90254e-05 2.19679e-06 1.68982e-14)
(2.01124e-05 2.68243e-06 4.21442e-15)
(2.08563e-05 2.90204e-06 -4.17913e-15)
(3.36781e-06 -7.21956e-06 2.48927e-16)
(4.1409e-06 -6.56831e-06 -6.65912e-15)
(4.95834e-06 -5.97914e-06 2.95593e-15)
(5.88777e-06 -5.56014e-06 6.40413e-15)
(6.93682e-06 -5.28374e-06 -7.25084e-15)
(8.14843e-06 -4.93399e-06 -1.05125e-14)
(9.53546e-06 -4.48422e-06 6.24893e-15)
(1.09218e-05 -3.84914e-06 -2.65332e-14)
(1.21459e-05 -2.98628e-06 1.82761e-15)
(1.3332e-05 -2.05253e-06 4.47339e-14)
(1.47496e-05 -1.26788e-06 7.8392e-16)
(1.61556e-05 -5.24187e-07 -2.59607e-15)
(1.6977e-05 4.12515e-07 -1.45208e-14)
(1.75044e-05 1.54616e-06 -7.64377e-15)
(1.80648e-05 2.39102e-06 1.39483e-14)
(1.93072e-05 2.65161e-06 -3.42762e-15)
(2.05062e-05 2.94752e-06 9.52905e-16)
(3.11819e-06 -6.57673e-06 -3.3494e-17)
(3.82793e-06 -5.98928e-06 3.26143e-15)
(4.58472e-06 -5.44012e-06 2.03078e-15)
(5.45569e-06 -5.07917e-06 -1.20888e-14)
(6.42183e-06 -4.81365e-06 1.69634e-14)
(7.56076e-06 -4.5027e-06 4.9775e-15)
(8.83974e-06 -4.07528e-06 2.36667e-14)
(1.0153e-05 -3.47898e-06 3.75391e-14)
(1.13036e-05 -2.67305e-06 -4.61211e-14)
(1.24121e-05 -1.76356e-06 -4.30418e-14)
(1.37486e-05 -9.86913e-07 2.19213e-15)
(1.50952e-05 -2.54401e-07 4.4914e-15)
(1.59547e-05 6.80011e-07 -1.17057e-14)
(1.6373e-05 1.71556e-06 -2.33026e-14)
(1.70971e-05 2.44662e-06 8.7321e-15)
(1.83418e-05 2.72134e-06 1.01128e-15)
(1.99408e-05 3.00151e-06 -2.23981e-14)
(2.03387e-05 3.05725e-06 7.57585e-15)
(2.87858e-06 -5.99129e-06 -6.31197e-16)
(3.5318e-06 -5.43107e-06 4.91377e-15)
(4.24028e-06 -4.9436e-06 -2.37474e-15)
(5.0449e-06 -4.60482e-06 4.42295e-15)
(5.94992e-06 -4.37393e-06 -1.43374e-14)
(6.99427e-06 -4.07889e-06 -1.52003e-14)
(8.20093e-06 -3.6905e-06 1.58023e-14)
(9.41085e-06 -3.13159e-06 1.44525e-14)
(1.04829e-05 -2.35763e-06 1.54798e-14)
(1.15283e-05 -1.51358e-06 -8.84009e-15)
(1.28044e-05 -7.65126e-07 -1.10877e-14)
(1.40474e-05 -3.10643e-08 1.52338e-15)
(1.48193e-05 8.88353e-07 5.54263e-15)
(1.53393e-05 1.82631e-06 -1.08243e-14)
(1.6093e-05 2.49616e-06 -2.25282e-15)
(1.74455e-05 2.82845e-06 1.46255e-14)
(1.91275e-05 2.975e-06 -4.18883e-15)
(1.97263e-05 3.29239e-06 -8.16838e-15)
(2.65279e-06 -5.42784e-06 1.13266e-16)
(3.26123e-06 -4.92967e-06 -2.09693e-15)
(3.91837e-06 -4.47435e-06 4.84228e-15)
(4.66937e-06 -4.17747e-06 8.48594e-15)
(5.49868e-06 -3.95166e-06 2.0126e-15)
(6.4709e-06 -3.68939e-06 -2.19815e-14)
(7.57821e-06 -3.31936e-06 -2.80507e-14)
(8.71125e-06 -2.80429e-06 6.22141e-15)
(9.70989e-06 -2.08942e-06 3.65193e-15)
(1.06665e-05 -1.28137e-06 2.92853e-14)
(1.18335e-05 -5.63982e-07 1.38445e-14)
(1.30196e-05 1.29731e-07 5.02881e-15)
(1.38002e-05 9.64264e-07 2.00249e-14)
(1.42438e-05 1.87737e-06 1.63944e-15)
(1.50328e-05 2.49375e-06 -1.39061e-14)
(1.64659e-05 2.84148e-06 -5.24067e-15)
(1.82166e-05 2.99652e-06 -2.65847e-15)
(1.92796e-05 3.22784e-06 1.87005e-14)
(2.44917e-06 -4.93919e-06 2.69392e-15)
(3.01476e-06 -4.46442e-06 -3.70219e-15)
(3.62496e-06 -4.06444e-06 -2.52784e-15)
(4.31565e-06 -3.77854e-06 -2.37244e-15)
(5.085e-06 -3.57755e-06 7.06155e-16)
(5.97306e-06 -3.31906e-06 2.09429e-14)
(7.0037e-06 -2.9854e-06 1.89337e-14)
(8.04332e-06 -2.49998e-06 -2.60886e-15)
(8.96094e-06 -1.82615e-06 4.81813e-15)
(9.85232e-06 -1.08756e-06 -1.45575e-14)
(1.09431e-05 -4.26328e-07 -2.06315e-14)
(1.20148e-05 2.2077e-07 -9.09073e-15)
(1.27046e-05 1.00759e-06 1.15812e-15)
(1.32277e-05 1.80394e-06 4.9116e-15)
(1.39373e-05 2.38378e-06 -8.40185e-15)
(1.53976e-05 2.69336e-06 1.08764e-14)
(1.72744e-05 2.80423e-06 -6.27109e-15)
(1.85937e-05 3.1043e-06 -1.23482e-14)
(1.86982e-05 3.34689e-06 1.63816e-14)
(2.26916e-06 -4.48526e-06 -2.49825e-16)
(2.79135e-06 -4.07055e-06 3.05363e-15)
(3.35261e-06 -3.69678e-06 -3.69437e-15)
(3.99676e-06 -3.44054e-06 1.9581e-15)
(4.69794e-06 -3.23343e-06 -1.02802e-14)
(5.52428e-06 -2.993e-06 -8.75286e-15)
(6.45947e-06 -2.66894e-06 2.61866e-15)
(7.42848e-06 -2.21639e-06 1.06939e-14)
(8.27336e-06 -1.60178e-06 3.53045e-15)
(9.08104e-06 -9.06537e-07 2.31355e-15)
(1.00666e-05 -3.01854e-07 -1.85844e-14)
(1.10789e-05 2.66391e-07 -7.37757e-15)
(1.17637e-05 9.36693e-07 6.20355e-15)
(1.21882e-05 1.68078e-06 -2.57357e-15)
(1.29129e-05 2.20012e-06 1.55404e-14)
(1.4353e-05 2.47032e-06 1.21793e-14)
(1.6138e-05 2.70096e-06 8.45894e-15)
(1.7669e-05 2.95387e-06 -9.92152e-15)
(1.79924e-05 3.39372e-06 -1.41095e-14)
(2.10146e-06 -4.1072e-06 -5.17475e-16)
(2.58451e-06 -3.72015e-06 6.28172e-16)
(3.10495e-06 -3.38904e-06 6.25379e-15)
(3.69692e-06 -3.13841e-06 5.75106e-15)
(4.3512e-06 -2.94391e-06 -4.51409e-15)
(5.09984e-06 -2.70023e-06 -3.19472e-15)
(5.97179e-06 -2.39356e-06 -1.12815e-14)
(6.84947e-06 -1.9653e-06 3.88065e-15)
(7.62509e-06 -1.38292e-06 -7.89364e-15)
(8.37406e-06 -7.59586e-07 1.47565e-14)
(9.29886e-06 -2.19533e-07 1.39168e-14)
(1.0213e-05 2.85377e-07 5.74011e-15)
(1.08137e-05 8.99236e-07 5.35425e-15)
(1.12834e-05 1.53635e-06 1.23528e-14)
(1.18878e-05 2.03588e-06 -4.94851e-15)
(1.31896e-05 2.32021e-06 -2.24581e-14)
(1.50532e-05 2.58502e-06 -5.41304e-15)
(1.65556e-05 2.89217e-06 1.99144e-14)
(1.71849e-05 3.40061e-06 2.14038e-15)
(1.94781e-06 -3.76492e-06 1.08898e-16)
(2.39787e-06 -3.42679e-06 -1.195e-15)
(2.87503e-06 -3.11591e-06 2.26532e-15)
(3.42481e-06 -2.89126e-06 -2.99457e-15)
(4.0225e-06 -2.69062e-06 4.38372e-15)
(4.71676e-06 -2.45819e-06 1.24083e-14)
(5.50783e-06 -2.15126e-06 -5.04603e-15)
(6.32116e-06 -1.74747e-06 -1.32481e-14)
(7.03483e-06 -1.21128e-06 -1.75169e-14)
(7.71601e-06 -6.24949e-07 4.15483e-16)
(8.55842e-06 -1.3302e-07 -4.20712e-15)
(9.43493e-06 3.10436e-07 -4.66795e-16)
(1.00324e-05 8.39201e-07 1.02195e-14)
(1.03932e-05 1.45567e-06 -1.46553e-14)
(1.09833e-05 1.91359e-06 -4.35867e-15)
(1.21058e-05 2.19158e-06 7.96633e-15)
(1.37446e-05 2.468e-06 -1.03959e-14)
(1.53374e-05 2.72892e-06 4.45257e-15)
(1.61335e-05 3.34829e-06 5.77903e-15)
(1.58018e-05 3.9362e-06 -1.27445e-14)
(1.81206e-06 -3.48302e-06 -6.2429e-17)
(2.22759e-06 -3.15853e-06 1.4265e-15)
(2.66552e-06 -2.8861e-06 -5.21799e-15)
(3.16946e-06 -2.66971e-06 -4.89449e-15)
(3.72519e-06 -2.48497e-06 -1.42221e-15)
(4.35829e-06 -2.24615e-06 1.32248e-14)
(5.09203e-06 -1.95504e-06 -6.07085e-15)
(5.83089e-06 -1.56334e-06 -1.03096e-14)
(6.48277e-06 -1.05128e-06 1.44267e-14)
(7.12047e-06 -5.18021e-07 -6.30217e-15)
(7.91662e-06 -6.98131e-08 1.15717e-14)
(8.71474e-06 3.41741e-07 -9.46974e-15)
(9.23974e-06 8.51863e-07 -1.07948e-15)
(9.63294e-06 1.39693e-06 1.35082e-14)
(1.00974e-05 1.84227e-06 -2.04682e-14)
(1.11028e-05 2.11232e-06 -4.35561e-15)
(1.27145e-05 2.31322e-06 2.17823e-14)
(1.39966e-05 2.67399e-06 -9.2823e-16)
(1.48618e-05 3.15821e-06 -2.84567e-15)
(1.47918e-05 3.82857e-06 2.41837e-15)
(1.69144e-06 -3.21376e-06 5.03783e-16)
(2.06973e-06 -2.93008e-06 -1.88018e-15)
(2.46885e-06 -2.67293e-06 -2.59338e-15)
(2.93767e-06 -2.483e-06 8.59423e-15)
(3.44583e-06 -2.29701e-06 -8.55346e-15)
(4.03834e-06 -2.07063e-06 -1.10325e-14)
(4.70306e-06 -1.78007e-06 1.56851e-14)
(5.39171e-06 -1.4042e-06 -5.7106e-15)
(5.99085e-06 -9.28001e-07 -6.0331e-15)
(6.5713e-06 -4.15171e-07 -8.2202e-16)
(7.29853e-06 7.3549e-09 -3.4524e-15)
(8.06392e-06 3.86394e-07 1.98985e-14)
(8.58582e-06 8.44407e-07 9.57894e-16)
(8.8796e-06 1.38688e-06 -5.43242e-15)
(9.33743e-06 1.78853e-06 3.2326e-15)
(1.01852e-05 2.03322e-06 -5.8176e-15)
(1.14742e-05 2.24784e-06 1.82514e-15)
(1.29042e-05 2.51061e-06 1.22534e-14)
(1.36695e-05 2.95927e-06 -4.06363e-15)
(1.39606e-05 3.41542e-06 -2.0701e-15)
(1.57408e-06 -2.97714e-06 -2.30845e-16)
(1.91689e-06 -2.70602e-06 1.51782e-16)
(2.28538e-06 -2.47752e-06 1.23759e-15)
(2.71568e-06 -2.29855e-06 -6.44826e-15)
(3.19336e-06 -2.13087e-06 1.79119e-15)
(3.73352e-06 -1.90767e-06 -1.63102e-14)
(4.3579e-06 -1.63163e-06 8.49041e-15)
(4.98232e-06 -1.2701e-06 2.45726e-14)
(5.53458e-06 -8.08595e-07 -2.09941e-14)
(6.07702e-06 -3.3532e-07 -1.93368e-14)
(6.76419e-06 6.34665e-08 -9.66526e-15)
(7.45729e-06 4.32531e-07 -1.38551e-15)
(7.9126e-06 8.90152e-07 5.62549e-15)
(8.24294e-06 1.37187e-06 4.09354e-15)
(8.60297e-06 1.7545e-06 2.22675e-15)
(9.38977e-06 1.96719e-06 -1.57196e-14)
(1.06212e-05 2.08504e-06 -1.67395e-14)
(1.16697e-05 2.3065e-06 7.46543e-15)
(1.26634e-05 2.54387e-06 4.94247e-15)
(1.31288e-05 2.88951e-06 -6.91624e-15)
(1.27642e-05 3.4849e-06 4.77822e-15)
(1.45843e-06 -2.73849e-06 1.18109e-16)
(1.77248e-06 -2.49586e-06 3.31688e-16)
(2.11046e-06 -2.2795e-06 1.75232e-15)
(2.51083e-06 -2.12629e-06 1.24685e-15)
(2.94911e-06 -1.96472e-06 1.04666e-14)
(3.45443e-06 -1.76108e-06 1.92842e-14)
(4.02433e-06 -1.49246e-06 -2.16402e-14)
(4.60831e-06 -1.15203e-06 1.1913e-14)
(5.11981e-06 -7.20129e-07 1.0436e-14)
(5.61587e-06 -2.59228e-07 7.57902e-15)
(6.24183e-06 1.29231e-07 -2.145e-15)
(6.90509e-06 4.83772e-07 8.36421e-15)
(7.3606e-06 9.03646e-07 8.31847e-16)
(7.61211e-06 1.38495e-06 -3.51236e-15)
(7.99444e-06 1.72133e-06 5.70759e-15)
(8.69347e-06 1.89239e-06 -1.32498e-15)
(9.74536e-06 2.00003e-06 9.43214e-16)
(1.10157e-05 2.048e-06 -5.17363e-15)
(1.17805e-05 2.22526e-06 -5.33638e-15)
(1.20169e-05 2.64449e-06 8.53062e-15)
(1.1655e-05 3.28412e-06 -3.64027e-15)
(1.34687e-06 -2.52044e-06 4.32093e-16)
(1.63533e-06 -2.28263e-06 -1.86166e-15)
(1.94773e-06 -2.09193e-06 -1.27222e-15)
(2.31424e-06 -1.9469e-06 2.2979e-15)
(2.7224e-06 -1.80643e-06 -6.83131e-15)
(3.18513e-06 -1.61106e-06 4.91203e-15)
(3.71893e-06 -1.36633e-06 -8.18557e-15)
(4.25338e-06 -1.04189e-06 -1.6818e-14)
(4.72574e-06 -6.27468e-07 -2.27155e-15)
(5.19243e-06 -1.9731e-07 9.25952e-15)
(5.78351e-06 1.772e-07 9.62987e-15)
(6.38236e-06 5.31894e-07 3.50264e-15)
(6.7833e-06 9.58322e-07 2.88567e-15)
(7.08539e-06 1.38949e-06 -1.50708e-15)
(7.41009e-06 1.71114e-06 5.87932e-15)
(8.10239e-06 1.85919e-06 -2.4414e-15)
(9.17714e-06 1.88167e-06 3.82035e-15)
(1.01539e-05 1.93636e-06 7.06633e-15)
(1.09818e-05 2.11258e-06 -1.71502e-15)
(1.11175e-05 2.58266e-06 7.80583e-15)
(1.06176e-05 3.23338e-06 -1.23689e-15)
(1.24035e-06 -2.29757e-06 2.39257e-16)
(1.50377e-06 -2.08752e-06 -3.92902e-16)
(1.79231e-06 -1.90495e-06 5.28063e-16)
(2.13345e-06 -1.77687e-06 -1.92374e-15)
(2.5051e-06 -1.64066e-06 -5.09914e-15)
(2.93855e-06 -1.46511e-06 -1.64758e-14)
(3.42308e-06 -1.23279e-06 1.80049e-14)
(3.92658e-06 -9.30012e-07 -1.04012e-14)
(4.36408e-06 -5.46589e-07 -2.87725e-16)
(4.79017e-06 -1.2698e-07 8.2473e-15)
(5.32612e-06 2.39497e-07 -1.71305e-14)
(5.89787e-06 5.85252e-07 -1.18997e-14)
(6.30292e-06 9.84338e-07 -3.19278e-15)
(6.54808e-06 1.42564e-06 3.15394e-15)
(6.91848e-06 1.72224e-06 4.88527e-15)
(7.58325e-06 1.84717e-06 -3.19476e-15)
(8.56477e-06 1.89677e-06 -1.88552e-15)
(9.65475e-06 1.91392e-06 7.03327e-15)
(1.01179e-05 2.2611e-06 -4.9687e-16)
(1.00805e-05 2.87677e-06 5.65481e-15)
(9.80169e-06 3.46981e-06 -1.14185e-15)
(1.1324e-06 -2.0974e-06 2.77738e-16)
(1.37391e-06 -1.89869e-06 -5.29214e-16)
(1.64514e-06 -1.73365e-06 5.32655e-16)
(1.95874e-06 -1.60616e-06 -4.14485e-16)
(2.30593e-06 -1.48251e-06 6.04873e-15)
(2.69807e-06 -1.3143e-06 7.74142e-15)
(3.1534e-06 -1.10118e-06 -2.55386e-15)
(3.60987e-06 -8.1784e-07 1.79295e-15)
(4.01567e-06 -4.51166e-07 -2.5668e-15)
(4.41328e-06 -6.30738e-08 -8.24216e-15)
(4.91569e-06 2.90303e-07 9.11422e-15)
(5.42639e-06 6.37822e-07 -4.42375e-20)
(5.78121e-06 1.04943e-06 -5.3517e-16)
(6.0744e-06 1.45467e-06 -5.15569e-16)
(6.41133e-06 1.75788e-06 -7.97669e-15)
(7.08292e-06 1.90423e-06 3.26202e-15)
(8.07293e-06 1.96844e-06 -4.21921e-15)
(8.76746e-06 2.24706e-06 1.08782e-16)
(9.16032e-06 2.81592e-06 6.65452e-15)
(9.14988e-06 3.32444e-06 -6.05897e-15)
(8.94954e-06 3.85706e-06 -1.96568e-15)
(8.48641e-06 4.24981e-06 -2.90722e-15)
(1.02729e-06 -1.90532e-06 -3.02468e-16)
(1.25377e-06 -1.73277e-06 -5.0308e-17)
(1.5058e-06 -1.57321e-06 -1.52121e-15)
(1.7979e-06 -1.45439e-06 -3.5388e-15)
(2.11291e-06 -1.32926e-06 -5.14826e-16)
(2.47618e-06 -1.17386e-06 -4.96175e-15)
(2.88728e-06 -9.68489e-07 -7.51247e-15)
(3.31285e-06 -7.05549e-07 3.51565e-15)
(3.68653e-06 -3.66641e-07 2.38412e-15)
(4.04607e-06 8.82564e-09 3.8473e-15)
(4.49414e-06 3.53579e-07 -6.43233e-15)
(4.97392e-06 6.91906e-07 8.48396e-15)
(5.32827e-06 1.07654e-06 -7.26376e-15)
(5.56179e-06 1.49662e-06 -4.3006e-15)
(5.9214e-06 1.7938e-06 1.28463e-14)
(6.53229e-06 1.95804e-06 -3.40436e-15)
(7.24549e-06 2.24037e-06 2.13668e-15)
(7.80145e-06 2.70351e-06 -1.8292e-15)
(8.14112e-06 3.14378e-06 -6.10032e-16)
(8.33882e-06 3.57138e-06 3.38146e-15)
(8.32031e-06 3.87499e-06 3.66589e-15)
(8.00058e-06 4.10407e-06 -2.88565e-15)
(9.3107e-07 -1.74293e-06 -6.47689e-16)
(1.14206e-06 -1.57809e-06 5.87056e-16)
(1.37652e-06 -1.4361e-06 5.47188e-17)
(1.6445e-06 -1.31501e-06 2.45974e-15)
(1.93557e-06 -1.1962e-06 -1.66376e-15)
(2.26275e-06 -1.0399e-06 -2.95183e-17)
(2.64276e-06 -8.48219e-07 8.95956e-15)
(3.02593e-06 -5.96477e-07 9.45046e-15)
(3.36627e-06 -2.73116e-07 2.79046e-16)
(3.69708e-06 7.45219e-08 1.31109e-14)
(4.10837e-06 4.03062e-07 6.21914e-15)
(4.52577e-06 7.35166e-07 -1.20331e-14)
(4.82211e-06 1.12119e-06 4.28636e-16)
(5.08771e-06 1.50805e-06 -5.06198e-15)
(5.39592e-06 1.79826e-06 -1.50995e-15)
(5.84189e-06 2.07899e-06 8.24861e-15)
(6.36011e-06 2.44508e-06 -1.45842e-14)
(6.84081e-06 2.79086e-06 -1.91054e-15)
(7.32365e-06 3.12555e-06 8.16175e-15)
(7.65371e-06 3.3806e-06 1.22803e-15)
(7.90117e-06 3.50753e-06 -1.42142e-15)
(7.55204e-06 3.73509e-06 -4.08549e-15)
(8.44752e-07 -1.59154e-06 9.82386e-18)
(1.03853e-06 -1.45176e-06 2.68974e-16)
(1.25479e-06 -1.31732e-06 1.71389e-15)
(1.50463e-06 -1.20242e-06 4.88954e-15)
(1.76787e-06 -1.07754e-06 2.16884e-15)
(2.07064e-06 -9.2555e-07 4.12859e-15)
(2.40858e-06 -7.34101e-07 3.75797e-16)
(2.76268e-06 -4.92707e-07 -1.38871e-14)
(3.06923e-06 -1.914e-07 1.55893e-14)
(3.36071e-06 1.44898e-07 1.25383e-15)
(3.71603e-06 4.59019e-07 4.26213e-16)
(4.09588e-06 7.69371e-07 6.35586e-15)
(4.37689e-06 1.11768e-06 3.44632e-15)
(4.58316e-06 1.49278e-06 7.24527e-15)
(4.82444e-06 1.79632e-06 6.20649e-15)
(5.15641e-06 2.07685e-06 -6.02643e-15)
(5.60964e-06 2.34721e-06 2.55087e-15)
(6.03797e-06 2.58688e-06 8.21538e-15)
(6.53112e-06 2.78071e-06 -4.16943e-15)
(7.17848e-06 2.87812e-06 -4.45699e-15)
(7.42201e-06 3.07847e-06 1.32551e-15)
(7.11894e-06 3.36162e-06 -3.61183e-15)
(7.64329e-07 -1.46314e-06 2.36417e-16)
(9.4304e-07 -1.33346e-06 -4.42362e-16)
(1.14355e-06 -1.21558e-06 -1.66331e-15)
(1.37219e-06 -1.1018e-06 -7.21173e-16)
(1.61736e-06 -9.80718e-07 3.67846e-15)
(1.88779e-06 -8.2528e-07 4.37747e-15)
(2.20043e-06 -6.37727e-07 -8.54675e-15)
(2.51255e-06 -4.02146e-07 -3.17595e-15)
(2.78798e-06 -1.09027e-07 -2.0255e-14)
(3.04847e-06 2.01648e-07 9.56062e-16)
(3.36714e-06 4.95431e-07 2.24926e-15)
(3.6831e-06 7.84982e-07 -2.62765e-15)
(3.90468e-06 1.11213e-06 -4.92818e-15)
(4.10841e-06 1.43154e-06 5.79019e-15)
(4.30926e-06 1.69758e-06 9.31726e-15)
(4.59473e-06 1.9172e-06 -3.54369e-15)
(4.96127e-06 2.12039e-06 -8.04418e-15)
(5.42301e-06 2.25353e-06 4.41171e-15)
(6.02895e-06 2.33167e-06 1.77984e-15)
(6.47183e-06 2.46138e-06 -2.29364e-15)
(6.79908e-06 2.63919e-06 1.50394e-15)
(6.65458e-06 2.97311e-06 3.5701e-15)
(5.98615e-06 3.33492e-06 3.93273e-15)
(6.89824e-07 -1.34483e-06 4.12947e-16)
(8.56309e-07 -1.23744e-06 -1.22726e-15)
(1.04022e-06 -1.12739e-06 -1.36386e-15)
(1.25238e-06 -1.02204e-06 -8.91934e-16)
(1.47428e-06 -8.98488e-07 1.35939e-15)
(1.72368e-06 -7.46236e-07 -6.3332e-15)
(2.001e-06 -5.56177e-07 1.83085e-15)
(2.28592e-06 -3.27342e-07 5.59932e-15)
(2.53027e-06 -4.94984e-08 6.97688e-15)
(2.75535e-06 2.51536e-07 -1.04815e-14)
(3.02526e-06 5.28983e-07 -8.94629e-16)
(3.31052e-06 7.89141e-07 4.1982e-15)
(3.5184e-06 1.06277e-06 -8.98154e-15)
(3.66975e-06 1.34599e-06 3.99907e-16)
(3.84223e-06 1.56336e-06 5.87793e-15)
(4.07719e-06 1.73e-06 -2.50144e-15)
(4.46901e-06 1.85817e-06 -3.78421e-15)
(4.91194e-06 1.93902e-06 -3.53451e-15)
(5.42816e-06 2.02521e-06 6.24687e-15)
(6.0728e-06 2.11002e-06 -1.08746e-15)
(6.21924e-06 2.33788e-06 -5.58957e-15)
(5.9793e-06 2.64635e-06 6.1516e-15)
(5.44529e-06 3.05406e-06 -5.9999e-15)
(6.24923e-07 -1.23935e-06 1.85779e-16)
(7.77865e-07 -1.1368e-06 -4.36574e-16)
(9.45096e-07 -1.04426e-06 1.1072e-15)
(1.13819e-06 -9.4591e-07 3.83266e-15)
(1.34379e-06 -8.31233e-07 -1.996e-15)
(1.56815e-06 -6.78322e-07 5.46146e-15)
(1.82317e-06 -4.94402e-07 -2.53395e-15)
(2.07414e-06 -2.68482e-07 -4.9311e-15)
(2.29049e-06 2.02661e-09 1.00486e-14)
(2.49048e-06 2.82516e-07 1.31345e-14)
(2.73213e-06 5.41144e-07 -1.06909e-14)
(2.97013e-06 7.81674e-07 -5.5845e-15)
(3.1368e-06 1.03303e-06 -6.08569e-16)
(3.29941e-06 1.26369e-06 8.62619e-15)
(3.46017e-06 1.44017e-06 -1.36206e-15)
(3.69335e-06 1.56678e-06 -1.06279e-14)
(4.01359e-06 1.671e-06 6.13765e-15)
(4.44712e-06 1.73433e-06 4.18411e-15)
(4.99918e-06 1.78917e-06 -1.24506e-15)
(5.37806e-06 1.92792e-06 7.31099e-16)
(5.68656e-06 2.12794e-06 -2.68045e-15)
(5.50075e-06 2.42533e-06 -1.61204e-15)
(4.90975e-06 2.81542e-06 5.54662e-15)
(5.69072e-07 -1.13136e-06 6.96511e-17)
(7.07581e-07 -1.04518e-06 -1.00497e-16)
(8.5869e-07 -9.60842e-07 2.0574e-15)
(1.03592e-06 -8.75159e-07 -4.19482e-15)
(1.22104e-06 -7.64992e-07 4.17503e-16)
(1.429e-06 -6.20697e-07 -4.4178e-15)
(1.65477e-06 -4.39314e-07 -7.65801e-15)
(1.88584e-06 -2.21192e-07 -6.82577e-16)
(2.07659e-06 3.38369e-08 -1.28529e-14)
(2.24811e-06 3.05666e-07 -5.38945e-16)
(2.45173e-06 5.51137e-07 2.9217e-15)
(2.67022e-06 7.70575e-07 2.15948e-15)
(2.83307e-06 9.87219e-07 1.48774e-15)
(2.95885e-06 1.20376e-06 -6.67344e-15)
(3.10833e-06 1.36058e-06 -2.59522e-15)
(3.30847e-06 1.47215e-06 -3.92029e-15)
(3.64938e-06 1.5488e-06 8.10519e-15)
(4.03614e-06 1.5943e-06 6.7704e-16)
(4.47101e-06 1.66485e-06 -1.38382e-15)
(5.00484e-06 1.74931e-06 2.17706e-15)
(5.10129e-06 1.96274e-06 2.2273e-16)
(4.89241e-06 2.26744e-06 -7.19863e-16)
(4.4595e-06 2.56971e-06 -3.76242e-15)
(5.10846e-07 -1.02124e-06 -3.70942e-16)
(6.33987e-07 -9.40719e-07 5.8642e-16)
(7.72608e-07 -8.70229e-07 -1.86434e-15)
(9.34383e-07 -7.95036e-07 1.04139e-15)
(1.10728e-06 -6.98297e-07 -3.98368e-16)
(1.2941e-06 -5.61637e-07 4.80452e-15)
(1.5053e-06 -3.90593e-07 2.60438e-16)
(1.70885e-06 -1.82233e-07 -6.32203e-15)
(1.88069e-06 6.2618e-08 1.4224e-15)
(2.03296e-06 3.12501e-07 -6.62124e-15)
(2.21607e-06 5.41434e-07 4.34424e-15)
(2.39563e-06 7.4791e-07 8.24389e-15)
(2.52367e-06 9.56012e-07 8.09939e-15)
(2.65642e-06 1.14054e-06 -3.74191e-17)
(2.79368e-06 1.27707e-06 -4.09518e-15)
(2.99786e-06 1.3682e-06 -5.44028e-15)
(3.27625e-06 1.43601e-06 -1.43343e-15)
(3.64946e-06 1.47225e-06 6.46694e-15)
(4.1019e-06 1.50602e-06 -5.76801e-16)
(4.38633e-06 1.61546e-06 2.64736e-15)
(4.61613e-06 1.79446e-06 1.98927e-15)
(4.49775e-06 2.01096e-06 1.80189e-16)
(4.08689e-06 2.28857e-06 2.20927e-16)
(4.59618e-07 -9.17434e-07 -4.40141e-18)
(5.74872e-07 -8.50914e-07 -2.06805e-17)
(7.00533e-07 -7.83707e-07 -1.03743e-15)
(8.46789e-07 -7.17625e-07 4.8601e-15)
(1.00062e-06 -6.27772e-07 -3.16099e-16)
(1.17164e-06 -5.03477e-07 1.4564e-15)
(1.35874e-06 -3.40874e-07 4.44852e-15)
(1.54782e-06 -1.46794e-07 6.44007e-15)
(1.70261e-06 7.84933e-08 1.06011e-14)
(1.83639e-06 3.14876e-07 -6.34268e-17)
(1.99122e-06 5.27886e-07 -7.34845e-16)
(2.15731e-06 7.14889e-07 -5.52488e-15)
(2.28171e-06 8.92494e-07 -1.05368e-16)
(2.37959e-06 1.06443e-06 3.85202e-15)
(2.50127e-06 1.18011e-06 2.04136e-15)
(2.67235e-06 1.254e-06 -4.72437e-15)
(2.96653e-06 1.29764e-06 1.59209e-15)
(3.29858e-06 1.31469e-06 3.33433e-16)
(3.66341e-06 1.35689e-06 -5.16736e-15)
(4.06208e-06 1.41213e-06 1.73911e-15)
(4.14381e-06 1.55401e-06 1.34002e-15)
(4.05097e-06 1.733e-06 6.95186e-16)
(3.78982e-06 1.99162e-06 -4.63549e-15)
(3.33823e-06 2.27701e-06 1.86762e-15)
(4.08222e-07 -8.22791e-07 2.65526e-16)
(5.12261e-07 -7.59133e-07 -8.71106e-17)
(6.27713e-07 -7.00042e-07 -6.36208e-16)
(7.60404e-07 -6.38737e-07 -9.60853e-16)
(9.01199e-07 -5.58978e-07 -2.05288e-15)
(1.05289e-06 -4.42129e-07 -5.7985e-15)
(1.22483e-06 -2.92963e-07 -4.76532e-15)
(1.39308e-06 -1.10559e-07 5.62842e-15)
(1.53488e-06 9.87379e-08 -6.04841e-15)
(1.65905e-06 3.09443e-07 -7.33811e-16)
(1.80378e-06 5.00929e-07 -2.17232e-15)
(1.94359e-06 6.72294e-07 2.03341e-15)
(2.044e-06 8.39929e-07 -5.93437e-15)
(2.15328e-06 9.83213e-07 -1.19538e-15)
(2.26742e-06 1.08138e-06 -1.53532e-16)
(2.43841e-06 1.13905e-06 -2.07065e-15)
(2.67467e-06 1.17809e-06 5.64747e-15)
(2.9871e-06 1.19091e-06 6.52489e-15)
(3.36601e-06 1.20207e-06 -3.82092e-15)
(3.61432e-06 1.27014e-06 -2.57284e-15)
(3.84094e-06 1.36543e-06 2.04054e-15)
(3.70959e-06 1.52754e-06 6.09507e-16)
(3.37263e-06 1.75194e-06 -2.86253e-15)
(3.03111e-06 2.04023e-06 1.66652e-16)
(3.62732e-07 -7.44661e-07 -1.79624e-16)
(4.57534e-07 -6.90971e-07 2.019e-16)
(5.63325e-07 -6.32209e-07 1.41475e-15)
(6.84236e-07 -5.72698e-07 -2.52922e-15)
(8.08392e-07 -4.93728e-07 2.83732e-15)
(9.44265e-07 -3.84371e-07 -1.33387e-15)
(1.09246e-06 -2.41057e-07 -5.72952e-16)
(1.2482e-06 -7.07605e-08 -9.84882e-15)
(1.37873e-06 1.1834e-07 3.00818e-15)
(1.49232e-06 3.09992e-07 -6.99479e-15)
(1.62085e-06 4.80921e-07 1.2031e-16)
(1.75802e-06 6.32354e-07 -7.33092e-16)
(1.86312e-06 7.76485e-07 6.59467e-15)
(1.94944e-06 9.16391e-07 2.78172e-16)
(2.05672e-06 1.00963e-06 -1.11759e-15)
(2.20192e-06 1.06727e-06 -4.01259e-16)
(2.44961e-06 1.09687e-06 -4.11073e-16)
(2.72836e-06 1.10147e-06 -4.14196e-15)
(3.03412e-06 1.12117e-06 -1.75673e-15)
(3.37802e-06 1.14653e-06 3.8605e-15)
(3.45667e-06 1.24816e-06 -4.56493e-16)
(3.39922e-06 1.39541e-06 4.52625e-15)
(3.12598e-06 1.59589e-06 -3.55695e-15)
(2.71465e-06 1.87834e-06 3.9084e-15)
(3.20659e-07 -6.25325e-07 2.37022e-16)
(4.02421e-07 -5.70159e-07 1.92038e-16)
(4.96305e-07 -5.23571e-07 1.0993e-15)
(6.03748e-07 -4.77548e-07 3.51435e-15)
(7.16425e-07 -4.14274e-07 1.46023e-15)
(8.35792e-07 -3.17321e-07 3.6984e-15)
(9.72631e-07 -1.88609e-07 4.95452e-15)
(1.10985e-06 -2.952e-08 -1.77066e-15)
(1.23175e-06 1.46209e-07 2.78547e-15)
(1.33931e-06 3.11477e-07 7.85593e-15)
(1.46333e-06 4.59547e-07 -5.75443e-16)
(1.58304e-06 5.95105e-07 -1.48681e-15)
(1.67261e-06 7.32404e-07 -2.6057e-15)
(1.77118e-06 8.5373e-07 3.52161e-15)
(1.87327e-06 9.37957e-07 4.26581e-16)
(2.02421e-06 9.89591e-07 -2.07346e-15)
(2.22772e-06 1.02138e-06 5.3074e-16)
(2.49569e-06 1.02749e-06 1.63174e-15)
(2.82023e-06 1.02705e-06 -2.99148e-15)
(3.03048e-06 1.07206e-06 -4.01126e-15)
(3.21821e-06 1.14503e-06 5.8525e-16)
(3.0877e-06 1.28561e-06 1.91654e-15)
(2.7624e-06 1.51001e-06 1.69822e-15)
(2.44459e-06 1.76161e-06 -1.11644e-15)
(2.70174e-07 -5.64937e-07 5.44728e-17)
(3.49387e-07 -5.25777e-07 1.75355e-16)
(4.39713e-07 -4.76572e-07 -7.28251e-16)
(5.39058e-07 -4.24049e-07 -1.8743e-15)
(6.38581e-07 -3.55493e-07 -7.87933e-15)
(7.41115e-07 -2.6085e-07 5.5059e-16)
(8.55817e-07 -1.35392e-07 -3.20331e-16)
(9.80978e-07 1.31333e-08 7.33568e-15)
(1.09453e-06 1.71076e-07 -1.01347e-14)
(1.19645e-06 3.20039e-07 4.55036e-15)
(1.30816e-06 4.48678e-07 7.03715e-16)
(1.42694e-06 5.63483e-07 -3.86944e-15)
(1.52203e-06 6.80176e-07 -6.79274e-16)
(1.60264e-06 7.89469e-07 2.86516e-16)
(1.70045e-06 8.65956e-07 -4.24224e-16)
(1.82855e-06 9.08087e-07 -1.75434e-15)
(2.04585e-06 9.32155e-07 -2.06215e-15)
(2.28722e-06 9.32163e-07 2.72263e-15)
(2.55245e-06 9.48024e-07 4.79508e-15)
(2.84129e-06 9.69808e-07 -1.51426e-15)
(2.88854e-06 1.0643e-06 -1.14894e-15)
(2.79013e-06 1.21657e-06 1.07062e-15)
(2.51158e-06 1.43081e-06 -3.39531e-16)
(2.1486e-06 1.71029e-06 -6.2025e-16)
(2.37477e-07 -5.27405e-07 -1.03564e-16)
(3.12187e-07 -4.93779e-07 5.46808e-16)
(3.94638e-07 -4.49003e-07 -8.82705e-16)
(4.82697e-07 -3.93715e-07 -2.47449e-16)
(5.69806e-07 -3.24804e-07 3.54571e-15)
(6.55636e-07 -2.25976e-07 -2.36222e-15)
(7.5071e-07 -1.01709e-07 5.13365e-15)
(8.57918e-07 4.91775e-08 -1.89689e-15)
(9.65334e-07 2.0822e-07 -1.29554e-15)
(1.06167e-06 3.35037e-07 2.02055e-15)
(1.17233e-06 4.41067e-07 2.3282e-15)
(1.27658e-06 5.42307e-07 -8.87242e-16)
(1.36443e-06 6.43668e-07 3.11936e-15)
(1.45995e-06 7.35257e-07 3.91509e-17)
(1.55807e-06 7.90011e-07 3.56529e-15)
(1.6958e-06 8.31534e-07 9.38586e-16)
(1.87042e-06 8.52626e-07 -2.72216e-15)
(2.09943e-06 8.6194e-07 2.81385e-15)
(2.36873e-06 8.65552e-07 1.36997e-15)
(2.53471e-06 9.2315e-07 -8.1706e-16)
(2.64534e-06 1.01608e-06 -4.92458e-15)
(2.46277e-06 1.20078e-06 -1.77497e-15)
(2.12681e-06 1.47443e-06 1.32036e-15)
(1.88251e-06 1.74509e-06 7.01046e-16)
(2.24688e-07 -5.83512e-07 4.94273e-17)
(3.01564e-07 -5.53489e-07 -3.49332e-17)
(3.81129e-07 -4.97607e-07 -2.71403e-16)
(4.5956e-07 -4.23719e-07 2.73478e-15)
(5.2857e-07 -3.32528e-07 -1.39452e-16)
(5.83963e-07 -2.19455e-07 2.6687e-15)
(6.35635e-07 -8.41395e-08 2.07009e-15)
(7.08819e-07 7.15627e-08 3.09022e-15)
(8.22638e-07 2.34894e-07 -8.80442e-16)
(9.32837e-07 3.63258e-07 -1.75541e-15)
(1.04012e-06 4.60463e-07 -4.48621e-16)
(1.15455e-06 5.45901e-07 -3.10487e-15)
(1.24566e-06 6.2352e-07 -1.20481e-15)
(1.33827e-06 7.02343e-07 3.56448e-15)
(1.43203e-06 7.59432e-07 -3.07606e-15)
(1.55239e-06 7.9713e-07 8.18163e-15)
(1.74491e-06 8.22195e-07 -4.55132e-15)
(1.94354e-06 8.2527e-07 -2.18177e-15)
(2.14778e-06 8.61911e-07 9.06718e-15)
(2.34628e-06 9.18868e-07 -4.19333e-15)
(2.29529e-06 1.08295e-06 -1.93875e-15)
(2.0711e-06 1.33956e-06 1.44962e-15)
(1.80743e-06 1.56768e-06 3.18573e-15)
(1.60205e-06 1.81118e-06 1.04483e-15)
(1.47811e-06 1.98353e-06 -2.51977e-15)
(1.75515e-07 -3.88347e-07 -2.23037e-16)
(2.23875e-07 -3.67447e-07 -2.75039e-16)
(2.81098e-07 -3.45743e-07 -2.76044e-16)
(3.5046e-07 -3.15701e-07 -1.39225e-15)
(4.21854e-07 -2.69299e-07 -1.58624e-15)
(4.86615e-07 -1.93754e-07 -2.59673e-15)
(5.48032e-07 -8.37332e-08 -2.40527e-16)
(6.07836e-07 6.67703e-08 -5.74531e-15)
(7.12789e-07 2.57379e-07 7.03476e-15)
(8.1022e-07 3.73333e-07 -5.91829e-15)
(9.09053e-07 4.6237e-07 1.35627e-15)
(1.00566e-06 5.37748e-07 -1.3707e-15)
(1.09508e-06 6.15899e-07 -4.71245e-15)
(1.19116e-06 6.82907e-07 2.10712e-15)
(1.29633e-06 7.43938e-07 4.30111e-15)
(1.42567e-06 7.8725e-07 -4.52763e-15)
(1.59793e-06 8.28992e-07 4.22667e-15)
(1.78328e-06 8.63457e-07 5.98983e-16)
(1.96593e-06 9.18896e-07 9.61693e-16)
(1.99444e-06 1.04811e-06 -3.69344e-15)
(1.89004e-06 1.26653e-06 -9.76589e-16)
(1.71104e-06 1.44611e-06 2.70009e-15)
(1.5401e-06 1.6321e-06 1.58477e-15)
(1.43075e-06 1.78877e-06 -1.87815e-15)
(1.34862e-06 1.89499e-06 1.81653e-15)
(2.16686e-07 -3.61653e-07 2.04097e-17)
(2.7093e-07 -3.42927e-07 -3.97208e-16)
(3.24205e-07 -3.15862e-07 -2.22245e-16)
(3.79498e-07 -2.81447e-07 -6.70569e-16)
(4.27799e-07 -2.34356e-07 1.46037e-15)
(4.65224e-07 -1.66017e-07 2.52411e-15)
(4.79797e-07 -7.56051e-08 2.75975e-16)
(4.81e-07 3.2949e-08 -2.88515e-15)
(5.31672e-07 2.12054e-07 9.24334e-16)
(6.70999e-07 3.47307e-07 2.56346e-15)
(7.83851e-07 4.37394e-07 -4.55362e-15)
(8.85764e-07 5.18066e-07 1.43311e-15)
(9.75577e-07 5.86204e-07 1.65215e-15)
(1.05485e-06 6.57825e-07 3.23668e-16)
(1.13941e-06 7.2445e-07 2.00034e-15)
(1.25261e-06 7.9058e-07 -1.84094e-15)
(1.41242e-06 8.5053e-07 -5.19112e-15)
(1.57343e-06 9.21048e-07 3.28534e-15)
(1.67982e-06 1.0209e-06 -1.82612e-15)
(1.68935e-06 1.18452e-06 -2.01965e-15)
(1.61345e-06 1.32508e-06 2.65712e-15)
(1.51233e-06 1.46422e-06 -1.71746e-15)
(1.3991e-06 1.56738e-06 1.36784e-15)
(1.35795e-06 1.65613e-06 -2.64075e-15)
(1.2704e-06 1.7529e-06 1.86261e-15)
(1.93703e-07 -3.84115e-07 3.93847e-17)
(2.55506e-07 -3.70257e-07 -1.27313e-16)
(3.14412e-07 -3.39474e-07 -1.25826e-16)
(3.70854e-07 -2.92516e-07 9.68851e-16)
(4.18829e-07 -2.35204e-07 -1.20097e-15)
(4.47551e-07 -1.59838e-07 -1.03566e-15)
(4.49531e-07 -7.16081e-08 7.98996e-17)
(4.23685e-07 1.62458e-08 -8.85772e-16)
(3.92033e-07 1.87745e-07 -1.48413e-15)
(5.19215e-07 3.04555e-07 1.64829e-15)
(6.48927e-07 3.76781e-07 -1.45519e-15)
(7.5662e-07 4.51224e-07 -6.25503e-15)
(8.46885e-07 5.2047e-07 6.50208e-16)
(9.27252e-07 5.9538e-07 -5.54515e-16)
(9.99968e-07 6.7267e-07 5.84314e-16)
(1.09486e-06 7.37939e-07 4.03604e-15)
(1.22119e-06 8.13458e-07 -1.94172e-15)
(1.34727e-06 8.90556e-07 2.20626e-16)
(1.42962e-06 9.98789e-07 -2.443e-15)
(1.45636e-06 1.11531e-06 -7.23015e-16)
(1.42797e-06 1.2316e-06 2.41132e-15)
(1.36076e-06 1.32064e-06 1.19356e-17)
(1.35e-06 1.38073e-06 -2.70973e-15)
(1.28565e-06 1.49057e-06 -1.10113e-15)
(1.17646e-06 1.60838e-06 1.16025e-15)
(1.6725e-07 -3.6985e-07 1.32113e-16)
(2.24779e-07 -3.56755e-07 -8.37418e-17)
(2.80608e-07 -3.28652e-07 6.53616e-16)
(3.36805e-07 -2.857e-07 8.15991e-17)
(3.82102e-07 -2.29706e-07 2.31114e-15)
(4.12401e-07 -1.58005e-07 1.02478e-15)
(4.10846e-07 -7.55896e-08 -2.11018e-15)
(3.82632e-07 -4.94667e-10 2.77977e-16)
(3.0536e-07 1.73604e-07 4.3235e-15)
(4.04379e-07 2.80116e-07 7.6794e-16)
(5.28484e-07 3.22902e-07 2.80935e-15)
(6.38313e-07 3.83666e-07 4.03818e-16)
(7.2919e-07 4.44892e-07 -1.35509e-15)
(7.96065e-07 5.20656e-07 3.63594e-15)
(8.58414e-07 5.91557e-07 4.14733e-15)
(9.31407e-07 6.56822e-07 -1.53745e-15)
(1.03365e-06 7.20488e-07 5.52276e-16)
(1.12968e-06 7.89704e-07 -9.60708e-16)
(1.2046e-06 8.71821e-07 1.15115e-15)
(1.23314e-06 9.72289e-07 1.44771e-15)
(1.24617e-06 1.05249e-06 5.15463e-16)
(1.27257e-06 1.10598e-06 1.13141e-15)
(1.22062e-06 1.18491e-06 3.9785e-16)
(1.17416e-06 1.30143e-06 -3.78179e-16)
(1.09065e-06 1.41704e-06 -2.88525e-16)
(1.44297e-07 -3.50935e-07 3.05298e-17)
(1.9728e-07 -3.39604e-07 3.85712e-16)
(2.49832e-07 -3.12941e-07 -6.41273e-16)
(3.01883e-07 -2.71131e-07 -1.02246e-15)
(3.44242e-07 -2.18381e-07 -3.17907e-16)
(3.71045e-07 -1.52234e-07 8.13225e-16)
(3.71181e-07 -7.91729e-08 -5.22668e-15)
(3.39649e-07 -1.45947e-08 2.10877e-15)
(2.37111e-07 1.62828e-07 3.73094e-15)
(3.17359e-07 2.61564e-07 3.87566e-15)
(4.32535e-07 2.80132e-07 -1.60966e-15)
(5.34063e-07 3.34436e-07 -1.31101e-15)
(6.16828e-07 3.89281e-07 1.15611e-15)
(6.82139e-07 4.58526e-07 -8.40569e-16)
(7.30501e-07 5.19405e-07 -1.68949e-16)
(7.94985e-07 5.7317e-07 -1.72362e-17)
(8.68659e-07 6.20844e-07 -2.87505e-15)
(9.44174e-07 6.73379e-07 5.70604e-15)
(9.88008e-07 7.39765e-07 -3.79032e-16)
(1.04836e-06 8.01062e-07 1.23344e-15)
(1.11419e-06 8.48985e-07 -6.95206e-16)
(1.11552e-06 9.11876e-07 -1.19676e-15)
(1.13454e-06 9.77576e-07 -1.00526e-15)
(1.0747e-06 1.10259e-06 -1.33337e-17)
(9.63666e-07 1.23975e-06 -2.66157e-16)
(1.19932e-07 -3.04477e-07 2.15058e-17)
(1.65439e-07 -2.91305e-07 -8.74745e-17)
(2.13359e-07 -2.69189e-07 -9.2392e-17)
(2.61223e-07 -2.35947e-07 1.74993e-16)
(2.99701e-07 -1.91081e-07 -5.68339e-16)
(3.26086e-07 -1.35386e-07 -1.48712e-15)
(3.27238e-07 -7.36576e-08 4.61591e-16)
(2.99054e-07 -1.95634e-08 -2.92592e-15)
(1.81458e-07 1.5316e-07 -1.94917e-15)
(2.43796e-07 2.50043e-07 -2.25897e-15)
(3.47048e-07 2.50993e-07 1.17255e-15)
(4.45997e-07 2.95334e-07 3.08239e-15)
(5.21252e-07 3.41409e-07 -5.59902e-16)
(5.77899e-07 4.05221e-07 -3.11584e-16)
(6.2272e-07 4.53803e-07 -2.92882e-15)
(6.78542e-07 4.90684e-07 2.29957e-15)
(7.44508e-07 5.30009e-07 7.05614e-16)
(7.91735e-07 5.60336e-07 -4.56724e-15)
(8.55802e-07 5.99386e-07 4.3095e-17)
(9.09124e-07 6.28083e-07 9.42476e-16)
(9.57709e-07 6.79194e-07 3.43746e-15)
(1.02451e-06 7.17382e-07 -9.64261e-16)
(9.82186e-07 8.07576e-07 5.02824e-16)
(9.14852e-07 9.42208e-07 9.04221e-16)
(8.43163e-07 1.06686e-06 2.74721e-16)
(9.56831e-08 -2.7969e-07 -5.43327e-17)
(1.38475e-07 -2.70521e-07 -3.99466e-16)
(1.84141e-07 -2.4548e-07 2.52446e-16)
(2.27351e-07 -2.09462e-07 9.69574e-16)
(2.61048e-07 -1.6568e-07 2.02017e-15)
(2.83519e-07 -1.14969e-07 -7.14522e-16)
(2.86741e-07 -6.18215e-08 3.1301e-15)
(2.57955e-07 -1.46271e-08 -9.11473e-16)
(1.35554e-07 1.46928e-07 -1.8967e-15)
(1.83507e-07 2.39231e-07 -6.24849e-16)
(2.77747e-07 2.24633e-07 -3.05165e-15)
(3.63268e-07 2.63078e-07 9.8806e-16)
(4.29572e-07 3.05691e-07 1.25442e-15)
(4.86778e-07 3.56922e-07 -2.2698e-16)
(5.31196e-07 3.92781e-07 -7.50963e-16)
(5.8157e-07 4.23214e-07 -1.57266e-15)
(6.42263e-07 4.49998e-07 4.50963e-15)
(6.98834e-07 4.71666e-07 -2.9771e-15)
(7.44807e-07 4.98043e-07 3.056e-16)
(7.99238e-07 5.25015e-07 1.17247e-15)
(8.64346e-07 5.51235e-07 -1.9415e-15)
(8.61693e-07 6.03257e-07 -6.41301e-17)
(8.52361e-07 6.81457e-07 5.16483e-17)
(7.97977e-07 8.02123e-07 1.42678e-15)
(7.03511e-07 9.35295e-07 1.12551e-15)
(7.14016e-08 -2.39782e-07 6.38896e-18)
(1.09279e-07 -2.29755e-07 -3.56108e-17)
(1.50216e-07 -2.07804e-07 -2.76083e-16)
(1.90748e-07 -1.76546e-07 2.66611e-16)
(2.20799e-07 -1.37967e-07 -5.47441e-16)
(2.42354e-07 -9.43876e-08 2.59208e-16)
(2.47163e-07 -5.02806e-08 -4.0822e-16)
(2.23751e-07 -9.36534e-09 1.69974e-15)
(9.8967e-08 1.39327e-07 -1.92095e-16)
(1.32276e-07 2.29532e-07 2.12152e-15)
(2.14089e-07 2.04782e-07 5.10008e-16)
(2.93352e-07 2.40086e-07 -3.98417e-16)
(3.52152e-07 2.75258e-07 3.44861e-15)
(4.03485e-07 3.1865e-07 -2.78941e-15)
(4.47205e-07 3.49818e-07 3.71809e-16)
(4.9565e-07 3.71691e-07 5.63743e-15)
(5.51462e-07 3.94329e-07 -3.10086e-15)
(5.93216e-07 4.09852e-07 -5.11447e-15)
(6.58679e-07 4.2601e-07 3.28014e-15)
(7.20258e-07 4.38793e-07 -5.88739e-16)
(7.56029e-07 4.73854e-07 -5.34908e-16)
(7.91494e-07 5.13476e-07 9.65869e-16)
(7.22569e-07 6.03394e-07 -1.93619e-15)
(6.34986e-07 7.42089e-07 1.61273e-15)
(5.84361e-07 8.6089e-07 -4.31355e-16)
(4.93179e-08 -2.36206e-07 -7.05483e-18)
(8.85047e-08 -2.28775e-07 2.60907e-17)
(1.24816e-07 -2.0399e-07 1.43193e-16)
(1.65011e-07 -1.67868e-07 4.09807e-16)
(1.90221e-07 -1.2672e-07 3.65218e-16)
(2.06094e-07 -8.37745e-08 -4.82787e-16)
(2.1241e-07 -4.24246e-08 -4.65953e-16)
(1.90718e-07 -4.00173e-09 -6.9127e-17)
(7.20805e-08 1.29249e-07 -9.49874e-16)
(9.21789e-08 2.16634e-07 4.05306e-16)
(1.62585e-07 1.88117e-07 1.55902e-15)
(2.27302e-07 2.21865e-07 -1.30492e-15)
(2.7874e-07 2.56825e-07 -4.448e-16)
(3.26857e-07 2.93733e-07 2.48676e-15)
(3.7163e-07 3.19637e-07 -3.97564e-16)
(4.17346e-07 3.36359e-07 7.08247e-16)
(4.74342e-07 3.53146e-07 -5.74272e-16)
(5.30612e-07 3.60475e-07 3.63348e-16)
(5.85314e-07 3.69706e-07 1.86726e-16)
(6.34008e-07 3.94436e-07 -1.01605e-15)
(6.7635e-07 4.26904e-07 -2.92011e-16)
(6.35467e-07 4.96239e-07 8.81128e-16)
(5.60866e-07 6.09596e-07 6.80109e-16)
(5.00851e-07 7.20774e-07 -4.52377e-16)
(4.60585e-07 8.25639e-07 -6.25878e-16)
(4.39645e-07 8.62328e-07 -6.41216e-16)
(3.43911e-08 -1.4657e-07 -5.90516e-17)
(5.74901e-08 -1.31586e-07 1.0981e-16)
(8.78576e-08 -1.18394e-07 -2.07268e-16)
(1.21232e-07 -1.00747e-07 4.98822e-16)
(1.43983e-07 -8.02098e-08 -2.45198e-16)
(1.58412e-07 -5.37988e-08 -6.04636e-17)
(1.70691e-07 -2.97778e-08 4.34818e-16)
(1.64752e-07 -7.81594e-09 -1.14264e-15)
(5.13508e-08 1.17259e-07 3.72647e-17)
(5.94196e-08 2.04451e-07 -1.18327e-15)
(1.16875e-07 1.74799e-07 1.17803e-17)
(1.70756e-07 2.08854e-07 -1.062e-15)
(2.13868e-07 2.4068e-07 3.29953e-17)
(2.55553e-07 2.7512e-07 1.46381e-15)
(2.99017e-07 2.94538e-07 -3.32426e-16)
(3.43769e-07 3.10087e-07 -3.85211e-15)
(3.96023e-07 3.21568e-07 3.49062e-15)
(4.47152e-07 3.33733e-07 -1.24985e-15)
(4.98045e-07 3.51271e-07 -1.63418e-15)
(5.38928e-07 3.85249e-07 1.95667e-15)
(5.31645e-07 4.38023e-07 2.7737e-16)
(4.80634e-07 5.20022e-07 -1.18566e-15)
(4.20368e-07 5.9404e-07 -1.13137e-15)
(3.92279e-07 6.85665e-07 2.48145e-15)
(3.86441e-07 7.54458e-07 -1.04602e-15)
(3.78978e-07 7.74674e-07 -1.1442e-15)
(1.67877e-08 -1.54894e-07 3.53312e-17)
(4.32743e-08 -1.54266e-07 8.3336e-18)
(8.09716e-08 -1.3308e-07 -3.2032e-17)
(1.0615e-07 -1.09422e-07 -3.69451e-17)
(1.25717e-07 -8.31998e-08 -1.08496e-15)
(1.34892e-07 -5.43124e-08 8.6608e-16)
(1.43456e-07 -2.88411e-08 5.98732e-16)
(1.46751e-07 -1.04458e-08 -4.486e-16)
(3.84317e-08 1.03402e-07 1.80551e-16)
(3.58965e-08 1.90728e-07 6.15887e-16)
(8.15118e-08 1.61061e-07 -7.81536e-18)
(1.20244e-07 1.96492e-07 -3.64605e-16)
(1.55015e-07 2.27063e-07 -1.96995e-15)
(1.93011e-07 2.57089e-07 3.53346e-15)
(2.32711e-07 2.75761e-07 -1.01304e-15)
(2.74893e-07 2.89251e-07 6.91502e-16)
(3.18094e-07 3.0261e-07 -2.47823e-16)
(3.56313e-07 3.14113e-07 -2.51806e-15)
(3.82664e-07 3.35909e-07 1.99316e-15)
(3.98706e-07 3.71193e-07 -9.85767e-16)
(3.87427e-07 4.20829e-07 -1.73968e-15)
(3.65253e-07 4.70783e-07 3.19186e-15)
(3.48959e-07 5.29016e-07 1.97514e-15)
(3.25123e-07 6.00428e-07 -1.7153e-15)
(3.28116e-07 6.56119e-07 5.26717e-16)
(3.18676e-07 6.7458e-07 -7.66834e-17)
(3.71549e-09 -1.39791e-07 -7.0487e-17)
(3.33032e-08 -1.31651e-07 -1.09903e-16)
(6.05572e-08 -1.17506e-07 -9.97209e-17)
(8.35395e-08 -1.01178e-07 5.00329e-16)
(9.93623e-08 -7.96783e-08 -7.79412e-16)
(1.07225e-07 -5.40619e-08 7.14979e-16)
(1.1513e-07 -3.05086e-08 5.10734e-16)
(1.34768e-07 -2.19692e-08 -3.64716e-16)
(3.11815e-08 9.32744e-08 -7.46753e-16)
(1.90846e-08 1.79712e-07 3.42732e-16)
(5.43446e-08 1.49992e-07 1.36461e-16)
(8.18989e-08 1.84881e-07 -3.68308e-16)
(1.07388e-07 2.11211e-07 -3.47163e-16)
(1.36856e-07 2.433e-07 -7.64105e-17)
(1.71706e-07 2.63759e-07 4.07219e-15)
(2.09904e-07 2.82133e-07 -1.66266e-15)
(2.48867e-07 2.99627e-07 -3.46338e-15)
(2.79573e-07 3.14173e-07 -6.45528e-16)
(2.97639e-07 3.34966e-07 3.38237e-15)
(3.03314e-07 3.63311e-07 7.82239e-16)
(2.97774e-07 4.00069e-07 -8.37859e-16)
(2.71521e-07 4.42648e-07 -1.6025e-16)
(2.47081e-07 4.942e-07 3.40713e-15)
(2.55421e-07 5.5297e-07 -1.51575e-15)
(2.60096e-07 6.05264e-07 -1.76804e-15)
(2.51242e-07 6.28233e-07 2.61048e-16)
(1.58377e-09 -2.69379e-07 -1.26605e-16)
(3.58856e-08 -2.63609e-07 -3.29485e-16)
(6.76018e-08 -2.40291e-07 1.68218e-16)
(9.5201e-08 -2.04844e-07 1.10745e-18)
(1.09898e-07 -1.62127e-07 4.19511e-16)
(1.10366e-07 -1.10123e-07 -6.32278e-16)
(9.63534e-08 -5.37543e-08 7.54981e-16)
(8.85342e-08 -6.69402e-09 -6.90715e-16)
(1.87812e-08 1.05857e-07 -4.043e-17)
(6.52123e-09 1.86841e-07 5.66777e-16)
(3.51796e-08 1.52536e-07 -5.37511e-16)
(5.07266e-08 1.85565e-07 -2.46892e-15)
(6.63062e-08 2.09082e-07 2.0395e-15)
(8.60973e-08 2.38311e-07 1.1856e-15)
(1.10918e-07 2.60731e-07 -2.87094e-15)
(1.41064e-07 2.831e-07 1.83078e-15)
(1.72245e-07 3.08815e-07 -4.17854e-16)
(1.98057e-07 3.30226e-07 -1.32308e-15)
(2.08814e-07 3.5756e-07 8.54823e-16)
(2.06479e-07 3.85906e-07 2.50025e-15)
(1.89158e-07 4.20307e-07 1.92888e-15)
(1.82301e-07 4.49994e-07 -3.30105e-15)
(1.94296e-07 4.79881e-07 -7.39295e-16)
(1.87401e-07 5.34474e-07 1.18762e-15)
(1.84699e-07 5.90594e-07 4.56654e-16)
(1.81095e-07 6.12431e-07 -1.92601e-16)
(1.14679e-09 -4.24412e-08 -2.18148e-18)
(2.24723e-09 -3.64612e-08 -1.89937e-17)
(5.94252e-09 -4.06671e-08 6.40698e-17)
(1.26746e-08 -4.75503e-08 -1.31786e-16)
(1.9264e-08 -4.72582e-08 1.95427e-16)
(2.27625e-08 -4.00235e-08 -6.77421e-17)
(2.1574e-08 -2.80034e-08 -1.30238e-16)
(1.76521e-08 -2.36747e-08 -5.0959e-17)
(-3.32767e-09 9.38336e-08 2.43242e-16)
(-7.33969e-09 1.91025e-07 1.07512e-15)
(2.0391e-08 1.41463e-07 -8.59023e-16)
(2.50919e-08 1.87052e-07 -2.20892e-15)
(3.36805e-08 2.11642e-07 2.43701e-15)
(4.33e-08 2.44495e-07 1.60387e-15)
(5.61223e-08 2.71917e-07 -4.514e-15)
(7.1485e-08 3.00361e-07 3.35293e-16)
(8.85951e-08 3.33038e-07 9.82186e-16)
(1.02622e-07 3.61168e-07 8.4722e-16)
(1.13401e-07 3.92234e-07 3.79155e-15)
(1.13414e-07 4.21811e-07 -3.38653e-15)
(1.15002e-07 4.52181e-07 5.50182e-16)
(1.20574e-07 4.76208e-07 5.13141e-15)
(1.15197e-07 5.19268e-07 -4.06604e-15)
(1.10901e-07 5.85249e-07 -2.03093e-15)
(1.09305e-07 6.49284e-07 1.47256e-16)
(1.09457e-07 6.85423e-07 1.93698e-15)
)
;

boundaryField
{
    inlet
    {
        type            calculated;
        value           nonuniform List<vector> 
26
(
(-0.00132671 -4.24506e-08 -2.18148e-18)
(-0.00283217 -3.64628e-08 -1.89937e-17)
(-0.00382268 -4.06684e-08 6.40698e-17)
(-0.00396415 -4.75507e-08 -1.31786e-16)
(-0.00265535 -4.7258e-08 1.95427e-16)
(0.000594281 -4.00242e-08 -6.77421e-17)
(0.00489386 -2.80051e-08 -1.30238e-16)
(-0.000966547 -2.3676e-08 -5.0959e-17)
(-3.32777e-09 -0.00436645 2.43242e-16)
(-7.34721e-09 0.0475348 1.07512e-15)
(2.03659e-08 0.0920291 -8.59023e-16)
(2.5061e-08 0.148879 -2.20892e-15)
(3.36152e-08 0.214386 2.43701e-15)
(4.3261e-08 0.28287 1.60387e-15)
(5.59732e-08 0.344488 -4.514e-15)
(7.13929e-08 0.393897 3.35293e-16)
(8.8279e-08 0.430383 9.82186e-16)
(1.02421e-07 0.453259 8.4722e-16)
(1.12913e-07 0.465555 3.79155e-15)
(1.13006e-07 0.47098 -3.38653e-15)
(1.14849e-07 0.472708 5.50182e-16)
(1.19968e-07 0.473381 5.13141e-15)
(1.14804e-07 0.477222 -4.06604e-15)
(1.10087e-07 0.490559 -2.03093e-15)
(1.08619e-07 0.515277 1.47256e-16)
(1.08421e-07 0.541671 1.93698e-15)
)
;
    }
    outlet
    {
        type            calculated;
        value           nonuniform List<vector> 0();
    }
    walls
    {
        type            calculated;
        value           nonuniform List<vector> 0();
    }
    frontAndBack
    {
        type            empty;
    }
    procBoundary0to1
    {
        type            processor;
        value           nonuniform List<vector> 
94
(
(3.91461e-05 -5.31227e-05 9.71645e-14)
(3.90485e-05 -3.75313e-05 1.02134e-13)
(3.90485e-05 -3.75313e-05 1.02134e-13)
(3.8485e-05 -2.97269e-05 9.94014e-15)
(3.8485e-05 -2.97269e-05 9.94014e-15)
(3.77305e-05 -2.56619e-05 -7.00859e-14)
(3.77305e-05 -2.56619e-05 -7.00859e-14)
(3.75333e-05 -2.17003e-05 9.77225e-14)
(3.75333e-05 -2.17003e-05 9.77225e-14)
(3.83071e-05 -1.95548e-05 -2.06118e-14)
(3.83071e-05 -1.95548e-05 -2.06118e-14)
(3.91591e-05 -1.73899e-05 -3.65764e-14)
(3.87014e-05 -1.70797e-05 -2.1852e-14)
(3.87014e-05 -1.70797e-05 -2.1852e-14)
(3.89528e-05 -1.34091e-05 -4.60342e-14)
(3.83173e-05 -1.27915e-05 -7.79657e-14)
(3.83173e-05 -1.27915e-05 -7.79657e-14)
(3.77706e-05 -8.81471e-06 -8.89573e-14)
(3.60354e-05 -7.4718e-06 2.50407e-14)
(3.52698e-05 -7.14878e-06 1.76215e-14)
(3.52698e-05 -7.14878e-06 1.76215e-14)
(3.40654e-05 -4.80215e-06 -5.35642e-15)
(3.40147e-05 -4.67211e-06 -4.89231e-14)
(3.40147e-05 -4.67211e-06 -4.89231e-14)
(3.26558e-05 -2.64807e-06 -1.14965e-15)
(3.12369e-05 -2.39633e-06 -3.76456e-15)
(3.0984e-05 -2.28111e-06 4.88592e-15)
(3.0984e-05 -2.28111e-06 4.88592e-15)
(2.82228e-05 -2.20299e-07 -6.84267e-15)
(2.74766e-05 6.52736e-07 2.11751e-14)
(2.67797e-05 1.08823e-06 6.27801e-15)
(2.67797e-05 1.08823e-06 6.27801e-15)
(2.26534e-05 3.6206e-06 4.20272e-15)
(2.2918e-05 3.93178e-06 1.59027e-15)
(2.2918e-05 3.93178e-06 1.59027e-15)
(2.04402e-05 4.13742e-06 2.23902e-14)
(2.10321e-05 3.9453e-06 -2.51333e-14)
(2.09638e-05 3.37618e-06 -9.07839e-17)
(2.09638e-05 3.37618e-06 -9.07839e-17)
(1.96903e-05 3.23383e-06 -9.25235e-15)
(1.99323e-05 3.30202e-06 4.41459e-15)
(1.96381e-05 3.17584e-06 1.51489e-14)
(1.96381e-05 3.17584e-06 1.51489e-14)
(1.82188e-05 3.45341e-06 1.38262e-14)
(1.84422e-05 3.71185e-06 -1.69507e-16)
(1.81094e-05 3.61396e-06 9.10458e-15)
(1.81094e-05 3.61396e-06 9.10458e-15)
(1.67736e-05 3.63444e-06 -1.01355e-14)
(1.66321e-05 4.01418e-06 -3.6665e-15)
(1.5735e-05 4.12684e-06 -1.02362e-14)
(1.5735e-05 4.12684e-06 -1.02362e-14)
(1.38571e-05 4.42617e-06 -1.89298e-15)
(1.37214e-05 4.31636e-06 -1.37187e-14)
(1.32942e-05 3.81118e-06 9.31835e-15)
(1.32942e-05 3.81118e-06 9.31835e-15)
(1.13326e-05 4.20143e-06 -6.14723e-15)
(1.04104e-05 4.03039e-06 -1.38798e-15)
(9.41607e-06 3.86055e-06 -1.02853e-14)
(8.7034e-06 4.03438e-06 -1.19904e-15)
(8.7034e-06 4.03438e-06 -1.19904e-15)
(7.27171e-06 4.5275e-06 4.62262e-15)
(6.92241e-06 4.43873e-06 -4.93143e-15)
(6.61841e-06 4.05193e-06 5.70207e-15)
(6.14199e-06 3.66879e-06 -7.54595e-16)
(6.14199e-06 3.66879e-06 -7.54595e-16)
(4.87006e-06 3.71709e-06 -3.17874e-15)
(4.55644e-06 3.47787e-06 -1.32947e-15)
(4.08339e-06 3.20404e-06 -4.3583e-15)
(3.78036e-06 2.91042e-06 3.63182e-15)
(3.43782e-06 2.56579e-06 -2.40853e-16)
(3.43782e-06 2.56579e-06 -2.40853e-16)
(2.63413e-06 2.48329e-06 3.23361e-15)
(2.48624e-06 2.28728e-06 1.2448e-15)
(2.18098e-06 2.11418e-06 8.91185e-16)
(1.98363e-06 1.99609e-06 9.58482e-17)
(1.70967e-06 1.92172e-06 3.03916e-17)
(1.57155e-06 1.94939e-06 1.19773e-15)
(1.57155e-06 1.94939e-06 1.19773e-15)
(1.22867e-06 1.98415e-06 9.26845e-17)
(1.13677e-06 1.91103e-06 2.57146e-15)
(1.06572e-06 1.7504e-06 2.50135e-15)
(9.76763e-07 1.61853e-06 5.49521e-16)
(9.12147e-07 1.45468e-06 -1.8283e-15)
(7.85998e-07 1.28577e-06 5.53548e-16)
(6.98906e-07 1.12662e-06 -5.91398e-16)
(5.65473e-07 9.84824e-07 7.18624e-16)
(4.96577e-07 9.11473e-07 -2.32681e-16)
(4.96577e-07 9.11473e-07 -2.32681e-16)
(3.88707e-07 8.54872e-07 9.26373e-16)
(3.262e-07 7.72346e-07 5.71491e-16)
(2.94419e-07 6.73197e-07 -8.08871e-16)
(2.03842e-07 6.28671e-07 4.50706e-16)
(1.64948e-07 6.19459e-07 2.62913e-16)
(9.25211e-08 7.14653e-07 -1.58832e-16)
)
;
    }
    procBoundary0to4
    {
        type            processor;
        value           nonuniform List<vector> 
72
(
(7.29101e-06 -8.70816e-05 1.78892e-16)
(9.75754e-06 -8.29247e-05 -2.48141e-15)
(9.52731e-06 -7.70138e-05 9.99653e-16)
(8.11262e-06 -7.20425e-05 -1.44123e-15)
(6.47646e-06 -6.66584e-05 -3.25436e-15)
(5.42611e-06 -6.14361e-05 3.4639e-15)
(4.64615e-06 -5.65046e-05 2.1654e-15)
(4.13924e-06 -5.17853e-05 -1.74296e-16)
(3.74245e-06 -4.74476e-05 -5.40124e-16)
(3.45714e-06 -4.32577e-05 -5.33262e-16)
(3.22232e-06 -3.94531e-05 2.34065e-15)
(3.03516e-06 -3.58553e-05 2.32468e-15)
(2.86146e-06 -3.26786e-05 -5.69126e-16)
(2.71002e-06 -2.96953e-05 -2.12927e-15)
(2.64213e-06 -2.70641e-05 1.99339e-16)
(2.61755e-06 -2.46257e-05 1.99539e-16)
(2.58129e-06 -2.25059e-05 -2.17189e-15)
(2.36623e-06 -2.06031e-05 1.62627e-15)
(2.39263e-06 -1.87609e-05 1.01612e-15)
(2.68307e-06 -1.68419e-05 -8.94427e-16)
(2.72513e-06 -1.50974e-05 -3.08399e-16)
(2.69928e-06 -1.40965e-05 -7.6923e-16)
(3.97711e-06 -1.17449e-05 -4.54473e-17)
(3.97711e-06 -1.17449e-05 -4.54473e-17)
(3.73308e-06 -1.08878e-05 8.91145e-17)
(3.28838e-06 -1.00446e-05 6.26263e-16)
(2.98577e-06 -9.26115e-06 8.975e-17)
(2.73677e-06 -8.52326e-06 -2.68789e-17)
(2.52504e-06 -7.83389e-06 2.8545e-16)
(2.32842e-06 -7.16842e-06 -4.59427e-17)
(2.15182e-06 -6.53969e-06 -8.23068e-17)
(1.99126e-06 -5.95018e-06 9.40433e-17)
(1.84249e-06 -5.41577e-06 3.89729e-16)
(1.69843e-06 -4.92863e-06 5.57315e-16)
(1.56957e-06 -4.50165e-06 -3.52572e-16)
(1.45694e-06 -4.12756e-06 -6.89605e-17)
(1.35691e-06 -3.80616e-06 3.97606e-17)
(1.26049e-06 -3.5132e-06 -2.6123e-17)
(1.17322e-06 -3.24648e-06 1.50606e-16)
(1.0924e-06 -2.99252e-06 1.25756e-17)
(1.01367e-06 -2.75336e-06 5.05855e-17)
(9.30176e-07 -2.51811e-06 6.22455e-17)
(8.49603e-07 -2.29745e-06 5.81875e-17)
(7.7224e-07 -2.09141e-06 3.72459e-18)
(6.98947e-07 -1.90859e-06 -7.49859e-17)
(6.26013e-07 -1.74153e-06 3.18819e-17)
(5.61378e-07 -1.5933e-06 3.28073e-17)
(5.04275e-07 -1.45905e-06 4.80801e-17)
(4.54321e-07 -1.33717e-06 5.31629e-17)
(4.07266e-07 -1.21817e-06 -2.79729e-17)
(3.65278e-07 -1.09725e-06 -2.57095e-18)
(3.28065e-07 -9.83497e-07 -5.4825e-17)
(2.92533e-07 -8.79354e-07 4.80178e-17)
(2.54901e-07 -7.93815e-07 8.46761e-18)
(2.26977e-07 -6.77874e-07 -8.68119e-18)
(1.87922e-07 -6.02074e-07 2.80968e-17)
(1.62164e-07 -5.5153e-07 -1.85902e-17)
(1.42962e-07 -5.98851e-07 2.80398e-17)
(1.21506e-07 -4.04696e-07 2.42067e-18)
(1.5148e-07 -3.7182e-07 -2.21636e-17)
(1.24567e-07 -3.81388e-07 1.51528e-17)
(9.96359e-08 -3.67532e-07 -3.22158e-18)
(8.31275e-08 -3.46922e-07 1.47027e-18)
(6.70934e-08 -3.07314e-07 5.29037e-18)
(4.93028e-08 -2.75955e-07 1.87731e-17)
(3.26842e-08 -2.39747e-07 -6.25753e-18)
(1.59433e-08 -2.29536e-07 6.83923e-18)
(5.22657e-09 -1.61482e-07 -1.12593e-17)
(-9.38639e-09 -1.47936e-07 6.51753e-18)
(-1.39872e-08 -1.36964e-07 2.31499e-17)
(-3.16888e-08 -2.56969e-07 -3.26111e-17)
(-4.27516e-09 -5.30117e-08 -7.27029e-18)
)
;
    }
    procBoundary0to5
    {
        type            processor;
        value           nonuniform List<vector> 4((1.12165e-05 -8.15307e-05 2.41732e-15) (1.8816e-05 -7.71464e-05 -1.31444e-14) (2.69814e-05 -7.34466e-05 -3.10177e-14) (3.67772e-05 -6.40094e-05 5.0689e-14));
    }
}


// ************************************************************************* //
