/*--------------------------------*- C++ -*----------------------------------*\
| =========                 |                                                 |
| \\      /  F ield         | OpenFOAM: The Open Source CFD Toolbox           |
|  \\    /   O peration     | Version:  2306                                  |
|   \\  /    A nd           | Website:  www.openfoam.com                      |
|    \\/     M anipulation  |                                                 |
\*---------------------------------------------------------------------------*/
FoamFile
{
    version     2.0;
    format      ascii;
    arch        "LSB;label=32;scalar=64";
    class       volVectorField;
    location    "675";
    object      U;
}
// * * * * * * * * * * * * * * * * * * * * * * * * * * * * * * * * * * * * * //

dimensions      [0 1 -1 0 0 0 0];

internalField   nonuniform List<vector> 
1340
(
(23.0077 2.62726 2.3069e-16)
(22.3174 2.92666 8.27153e-16)
(21.3672 3.13422 2.1846e-15)
(18.7647 3.31188 2.34025e-15)
(24.6045 3.18328 -1.08864e-16)
(24.0359 3.42892 -6.36381e-16)
(23.4731 3.64811 -2.27502e-15)
(21.4975 3.71659 -2.4233e-15)
(25.2954 3.0392 1.03719e-16)
(24.7698 3.37351 -9.25145e-16)
(24.1693 3.6261 4.34731e-15)
(22.3696 3.7274 1.07067e-14)
(25.5776 3.25126 -5.66012e-16)
(25.1463 3.52021 2.55102e-15)
(24.6142 3.69601 -1.98933e-15)
(22.9849 3.75933 -2.10555e-15)
(25.5242 3.00274 -1.74909e-16)
(25.1357 3.32902 -8.60459e-16)
(24.6771 3.54902 2.8519e-15)
(23.3014 3.66104 -3.12208e-15)
(25.4952 3.16967 6.63913e-16)
(25.1127 3.44509 -2.52936e-15)
(24.6513 3.59202 -3.30237e-15)
(23.4323 3.62885 1.09392e-15)
(25.4658 3.01 -6.03761e-16)
(25.0933 3.29801 1.83118e-15)
(24.6336 3.46062 1.9109e-16)
(23.5071 3.50383 5.68767e-15)
(25.4316 3.05764 6.69019e-16)
(25.0689 3.32356 -6.18613e-16)
(24.6199 3.44653 2.69398e-16)
(23.5732 3.43477 -3.06734e-16)
(25.4025 2.99155 -2.03483e-17)
(25.0509 3.25235 3.2306e-16)
(24.6141 3.37065 3.29529e-16)
(23.6447 3.34526 -4.17617e-16)
(25.3701 2.98013 2.61485e-16)
(25.0304 3.22632 2.11291e-15)
(24.6075 3.32285 -2.56796e-15)
(23.7158 3.2676 2.00383e-15)
(25.339 2.9429 2.71229e-17)
(25.012 3.17916 -2.46672e-15)
(24.6034 3.26444 4.19395e-15)
(23.7858 3.19128 2.17691e-15)
(25.3071 2.91656 -5.99602e-16)
(24.9937 3.14018 1.60291e-15)
(24.6008 3.21113 -2.35908e-15)
(23.854 3.11932 -4.08621e-15)
(25.2754 2.88509 7.52163e-16)
(24.9762 3.09711 -2.32339e-15)
(24.6 3.15697 -2.10089e-16)
(23.9203 3.0508 -5.57448e-15)
(25.2435 2.85556 -5.71817e-16)
(24.9593 3.05542 1.58584e-15)
(24.6007 3.10461 4.17902e-16)
(23.9846 2.98617 3.55236e-15)
(25.2117 2.82523 1.41834e-16)
(24.943 3.01315 6.86542e-16)
(24.6029 3.05321 1.76127e-15)
(24.0466 2.92552 -1.78959e-15)
(25.18 2.79544 8.34277e-17)
(24.9274 2.97138 -1.05962e-15)
(24.6064 3.00333 -2.50307e-15)
(24.1063 2.86874 -1.5611e-15)
(25.1485 2.76591 -1.98539e-17)
(24.9124 2.93006 5.54451e-16)
(24.6113 2.95501 -8.80895e-16)
(24.1636 2.816 4.3002e-15)
(25.1174 2.737 3.64273e-16)
(24.8981 2.88951 -1.70852e-15)
(24.6174 2.90841 1.51728e-15)
(24.2183 2.76716 -3.23342e-15)
(25.0868 2.70887 -1.0734e-15)
(24.8845 2.84999 4.58479e-16)
(24.6244 2.86374 1.14393e-15)
(24.2705 2.7223 5.15567e-15)
(25.0568 2.68173 5.70519e-16)
(24.8716 2.81172 1.34449e-15)
(24.6324 2.82114 -1.18245e-15)
(24.3201 2.68134 -3.16022e-15)
(25.0274 2.65582 -1.69664e-16)
(24.8594 2.775 -1.09912e-15)
(24.6411 2.78074 -5.83458e-16)
(24.3672 2.64416 6.49114e-16)
(24.999 2.63133 5.03035e-17)
(24.848 2.74004 1.82132e-16)
(24.6505 2.74274 7.79924e-16)
(24.4117 2.61076 -9.91755e-18)
(24.9715 2.60851 3.66036e-16)
(24.8373 2.70711 3.76011e-17)
(24.6604 2.70723 9.79908e-16)
(24.4537 2.58092 -8.32917e-16)
(24.9451 2.58755 -2.99184e-16)
(24.8274 2.67641 -3.3215e-16)
(24.6707 2.6744 -2.02866e-15)
(24.4934 2.55463 5.1741e-16)
(24.92 2.56867 2.3215e-16)
(24.8183 2.64816 7.10649e-16)
(24.6812 2.64433 8.02686e-16)
(24.5306 2.53172 4.58715e-16)
(24.8963 2.55204 -5.9683e-16)
(24.8101 2.62255 -4.34082e-18)
(24.6919 2.61717 1.36751e-15)
(24.5656 2.51206 6.96481e-16)
(24.8742 2.53786 5.41466e-16)
(24.8028 2.59976 4.4758e-16)
(24.7027 2.593 -1.09288e-15)
(24.5984 2.49555 -1.77085e-15)
(24.8537 2.52624 1.69999e-17)
(24.7965 2.57992 -1.48628e-16)
(24.7135 2.5719 7.87024e-16)
(24.6292 2.48206 1.15165e-15)
(24.8351 2.51732 -3.33312e-17)
(24.7911 2.56316 -4.8108e-16)
(24.7243 2.55393 -1.15734e-15)
(24.658 2.47148 -1.41227e-15)
(24.8184 2.51119 -1.4427e-16)
(24.7868 2.54954 -3.19315e-16)
(24.735 2.53914 5.69739e-16)
(24.6849 2.46371 -9.27856e-17)
(24.8037 2.50791 -1.33061e-16)
(24.7836 2.53914 -8.01543e-17)
(24.7458 2.52754 6.44689e-17)
(24.7102 2.45865 1.37239e-15)
(24.7913 2.50749 -1.71093e-16)
(24.7816 2.53195 4.63624e-16)
(24.7565 2.51912 1.98438e-16)
(24.7339 2.45621 1.30265e-15)
(24.7811 2.50991 -5.67025e-17)
(24.7808 2.52797 -1.58776e-16)
(24.7673 2.51385 -4.90429e-16)
(24.7562 2.45631 -1.19531e-15)
(24.7733 2.51513 3.39609e-16)
(24.7814 2.52715 2.02122e-16)
(24.7783 2.51167 -2.6713e-18)
(24.7772 2.45885 -8.23106e-16)
(24.768 2.52305 -7.65821e-17)
(24.7834 2.5294 -7.15164e-16)
(24.7893 2.5125 5.89671e-16)
(24.7972 2.46375 3.98633e-16)
(24.7651 2.53355 1.22656e-16)
(24.7868 2.5346 4.59144e-16)
(24.8007 2.51623 -7.37044e-16)
(24.8162 2.47092 -7.31119e-16)
(24.7648 2.54648 -1.20285e-16)
(24.7917 2.54262 -2.18401e-16)
(24.8125 2.52273 3.68676e-16)
(24.8345 2.48026 2.45188e-16)
(24.7669 2.56166 2.05897e-16)
(24.7982 2.55327 4.86675e-17)
(24.8247 2.53184 -4.43895e-16)
(24.8522 2.49168 1.03432e-15)
(24.7298 2.58574 -1.27673e-16)
(24.7717 2.57887 5.47168e-17)
(24.8063 2.56636 -2.45223e-16)
(24.8375 2.5434 7.9126e-16)
(24.8695 2.50505 -1.69558e-16)
(24.7362 2.60982 3.5968e-16)
(24.7789 2.5979 -6.02496e-16)
(24.8161 2.58167 9.64567e-16)
(24.8509 2.55721 3.81282e-17)
(24.8866 2.52024 4.27957e-17)
(24.7456 2.63484 -1.06527e-16)
(24.7885 2.6185 1.20033e-16)
(24.8274 2.59896 -5.52814e-16)
(24.8651 2.57307 -8.89567e-16)
(24.9035 2.53713 -2.32385e-17)
(24.7578 2.66056 -1.40522e-16)
(24.8004 2.64043 3.65076e-16)
(24.8405 2.618 -1.01463e-16)
(24.8801 2.59076 3.34958e-16)
(24.9206 2.55557 -5.36373e-16)
(24.7727 2.68677 2.41833e-16)
(24.8146 2.66345 2.92492e-16)
(24.8551 2.63853 2.86989e-16)
(24.896 2.61006 9.69538e-17)
(24.9378 2.57539 5.27138e-16)
(24.7901 2.71325 3.34049e-17)
(24.8309 2.6873 -9.77033e-17)
(24.8713 2.6603 -3.35499e-16)
(24.9128 2.63074 4.06577e-16)
(24.9553 2.59644 2.44199e-16)
(24.8098 2.73981 -2.47979e-17)
(24.8492 2.71177 -3.56422e-16)
(24.889 2.68305 2.35467e-16)
(24.9306 2.65257 -3.03912e-16)
(24.9732 2.61853 -1.03666e-16)
(24.8315 2.76626 7.97342e-17)
(24.8694 2.73661 7.52802e-17)
(24.9082 2.70656 -1.44942e-16)
(24.9493 2.67533 -3.24115e-16)
(24.9916 2.6415 -5.63486e-16)
(24.8551 2.79243 -6.19789e-17)
(24.8912 2.76162 3.39321e-16)
(24.9287 2.73059 -2.87092e-17)
(24.969 2.69879 3.76859e-16)
(25.0106 2.66517 3.4825e-16)
(24.8804 2.81818 1.05128e-16)
(24.9145 2.78662 -2.71786e-16)
(24.9506 2.75492 -3.32664e-17)
(24.9897 2.72275 1.31485e-16)
(25.0301 2.68935 -5.45527e-16)
(24.9071 2.84338 2.01475e-16)
(24.9392 2.81142 -3.39942e-16)
(24.9736 2.77937 1.06742e-16)
(25.0113 2.74701 3.83705e-16)
(25.0504 2.71389 5.75756e-17)
(24.935 2.86792 -1.1417e-16)
(24.9651 2.83588 2.05029e-17)
(24.9977 2.80374 -1.99538e-16)
(25.0337 2.77138 1.35169e-16)
(25.0712 2.73862 -1.34348e-16)
(24.9639 2.89172 1.1472e-16)
(24.9921 2.85986 1.75487e-16)
(25.0227 2.82787 -1.14842e-17)
(25.057 2.79569 -4.13846e-16)
(25.0928 2.76337 -1.95795e-16)
(24.9937 2.9147 -4.95878e-17)
(25.0198 2.88326 -3.11388e-16)
(25.0486 2.85163 4.37826e-16)
(25.081 2.81979 -3.39031e-16)
(25.1149 2.788 8.81016e-17)
(25.0021 2.96767 2.06392e-17)
(25.0241 2.9368 -6.30076e-17)
(25.0483 2.90597 -5.80906e-17)
(25.0751 2.87489 1.85764e-16)
(25.1056 2.84355 4.49013e-16)
(25.1376 2.81239 -5.65728e-17)
(25.0347 2.988 -6.32606e-17)
(25.0548 2.95799 -3.11527e-16)
(25.0772 2.92793 4.72481e-16)
(25.1021 2.89755 -2.53553e-16)
(25.1307 2.86683 3.34809e-16)
(25.1607 2.83639 -1.24338e-16)
(25.0673 3.00727 1.60819e-16)
(25.0857 2.97822 7.19776e-17)
(25.1063 2.94906 -2.36329e-16)
(25.1294 2.91951 1.60223e-16)
(25.156 2.88953 -4.6846e-17)
(25.1842 2.8599 9.1027e-17)
(25.0997 3.02548 4.45286e-17)
(25.1165 2.99749 -5.11528e-17)
(25.1354 2.96931 5.50614e-17)
(25.1568 2.94069 -1.48767e-16)
(25.1815 2.91157 -1.07651e-16)
(25.2077 2.88282 -6.51267e-18)
(25.1316 3.04264 -1.64293e-16)
(25.1469 3.01577 2.02653e-16)
(25.1643 2.98866 8.62865e-17)
(25.184 2.96105 2.17475e-16)
(25.2069 2.93285 -6.01451e-17)
(25.2313 2.90505 1.16722e-16)
(25.1629 3.05879 7.71829e-17)
(25.1769 3.03307 2.0591e-16)
(25.1928 3.00708 -2.00199e-16)
(25.2109 2.98054 -1.81492e-16)
(25.2321 2.95333 8.0546e-17)
(25.2547 2.92654 -2.36373e-16)
(25.1936 3.07396 -3.37699e-17)
(25.2063 3.04942 -9.58119e-17)
(25.2208 3.02457 2.04951e-16)
(25.2374 2.99915 -3.17944e-16)
(25.257 2.97298 -6.37397e-17)
(25.2779 2.94724 3.03058e-16)
(25.2235 3.08819 -2.9511e-16)
(25.2351 3.06484 2.57495e-16)
(25.2483 3.04115 -5.95795e-17)
(25.2636 3.01686 5.9757e-17)
(25.2816 2.99178 2.8373e-17)
(25.3008 2.96712 -2.2918e-16)
(25.2527 3.10154 8.99178e-17)
(25.2632 3.07936 -2.64703e-16)
(25.2753 3.05684 1.83713e-16)
(25.2892 3.0337 6.1692e-17)
(25.3058 3.00972 -3.56159e-16)
(25.3235 2.98616 1.52561e-16)
(25.2726 3.1349 3.30932e-18)
(25.2809 3.11402 -5.79687e-17)
(25.2905 3.093 5.06544e-17)
(25.3015 3.07163 5.48187e-17)
(25.3142 3.04965 -1.43408e-16)
(25.3294 3.02678 -6.31515e-17)
(25.3457 3.00434 7.8116e-17)
(25.3005 3.14541 -2.60019e-16)
(25.3081 3.12566 1.03299e-16)
(25.3168 3.10578 8.81903e-17)
(25.3268 3.08555 -3.20857e-17)
(25.3384 3.0647 1.98753e-16)
(25.3524 3.04296 -2.14637e-16)
(25.3673 3.02164 -9.94534e-17)
(25.327 3.15513 -3.62641e-18)
(25.3339 3.13648 1.85968e-16)
(25.3417 3.1177 -1.55295e-16)
(25.3509 3.09859 -1.83917e-16)
(25.3615 3.07887 1.61459e-16)
(25.3742 3.05824 4.39242e-16)
(25.388 3.03805 -1.37979e-16)
(25.3518 3.16406 6.46141e-17)
(25.358 3.14646 -7.89664e-18)
(25.3652 3.12876 -1.28168e-17)
(25.3734 3.11074 -7.3425e-18)
(25.3831 3.09212 2.64505e-16)
(25.3948 3.07259 -6.02078e-17)
(25.4074 3.05352 -3.53006e-16)
(25.3748 3.17225 -1.2303e-16)
(25.3804 3.15567 1.56122e-16)
(25.3869 3.13901 3.90163e-17)
(25.3944 3.12204 -9.65107e-17)
(25.4032 3.10451 -1.2501e-16)
(25.4139 3.08607 5.00691e-17)
(25.4255 3.0681 3.31717e-17)
(25.396 3.17964 5.13938e-17)
(25.401 3.16405 -8.80186e-17)
(25.4068 3.14839 2.31769e-16)
(25.4136 3.13245 -1.97296e-16)
(25.4217 3.11598 2.8619e-16)
(25.4314 3.0986 -1.74346e-16)
(25.4421 3.08171 3.01457e-16)
(25.4124 3.18535 -1.3468e-16)
(25.417 3.17057 -4.8896e-18)
(25.4224 3.15575 -9.92959e-17)
(25.4287 3.14068 -6.3809e-18)
(25.4362 3.1251 -5.29885e-17)
(25.4453 3.10866 -8.8144e-17)
(25.4553 3.09274 9.98169e-17)
(25.4251 3.18982 -1.90799e-16)
(25.4294 3.17572 -2.79853e-17)
(25.4344 3.16161 1.19538e-16)
(25.4404 3.14728 -1.62883e-18)
(25.4474 3.13247 -1.14749e-16)
(25.456 3.11684 1.34775e-17)
(25.4655 3.10177 -1.6197e-16)
(25.4376 3.19417 3.01296e-17)
(25.4416 3.18078 8.37171e-17)
(25.4463 3.16739 -7.0745e-17)
(25.4518 3.15382 -1.02276e-16)
(25.4585 3.13983 -1.99825e-16)
(25.4666 3.12505 4.81727e-16)
(25.4755 3.11086 -2.77386e-16)
(25.4499 3.19837 7.58716e-17)
(25.4535 3.18568 -2.87942e-17)
(25.4579 3.17303 2.39214e-17)
(25.463 3.16023 -1.52176e-16)
(25.4692 3.14704 2.4987e-16)
(25.4768 3.13313 -2.7342e-16)
(25.4851 3.11984 3.19016e-16)
(25.4591 3.21448 1.00711e-16)
(25.4618 3.20237 4.99596e-17)
(25.4651 3.19042 -4.68829e-17)
(25.4691 3.17854 -4.39711e-17)
(25.4738 3.16654 -9.69776e-17)
(25.4796 3.1542 -1.03913e-16)
(25.4866 3.14119 3.03428e-16)
(25.4944 3.12879 -1.48496e-16)
(25.4708 3.21737 -4.92423e-17)
(25.4732 3.20593 8.4011e-17)
(25.4761 3.1947 -8.88085e-17)
(25.4797 3.18357 -8.00653e-17)
(25.484 3.17239 8.10938e-17)
(25.4893 3.16094 1.65125e-16)
(25.4958 3.1489 -3.55354e-17)
(25.5031 3.13765 7.06801e-17)
(25.4813 3.22026 1.57848e-16)
(25.4833 3.20953 -1.86973e-16)
(25.4858 3.19899 2.19097e-16)
(25.4889 3.18856 -1.79517e-16)
(25.4926 3.17808 -2.10026e-16)
(25.4972 3.16735 3.23615e-16)
(25.503 3.15604 -2.28344e-16)
(25.5094 3.14519 1.50353e-16)
(25.4888 3.22134 2.25757e-17)
(25.4903 3.2115 -1.62931e-16)
(25.4923 3.20197 1.07699e-16)
(25.4948 3.19266 -2.99998e-17)
(25.4979 3.18341 -1.23568e-16)
(25.5019 3.17408 3.55768e-16)
(25.5071 3.16446 -2.12302e-16)
(25.5136 3.15628 3.63362e-17)
(25.4899 3.2214 -8.08959e-17)
(25.4903 3.21136 -8.18866e-17)
(25.4913 3.20155 -1.31281e-16)
(25.4928 3.19193 2.3421e-16)
(25.4949 3.18235 4.0128e-17)
(25.4977 3.17255 -8.34273e-17)
(25.5008 3.1621 2.45052e-16)
(25.5038 3.151 -3.14482e-16)
(25.4875 3.22809 1.02737e-16)
(25.4874 3.22108 3.3389e-17)
(25.4876 3.21442 -1.52681e-16)
(25.4883 3.20802 -1.04705e-16)
(25.4895 3.20178 4.46195e-17)
(25.4917 3.19584 5.45186e-17)
(25.4963 3.19044 -1.35483e-16)
(25.5042 3.18887 1.26027e-17)
(25.474 3.18395 -1.37194e-16)
(25.4738 3.1728 1.0859e-16)
(25.4743 3.16216 9.62739e-17)
(25.4756 3.15197 -7.45046e-17)
(25.4772 3.14207 3.17985e-16)
(25.4784 3.13181 -4.425e-16)
(25.4767 3.12016 1.76978e-16)
(25.4713 3.10467 -2.71132e-16)
(25.5135 3.32263 1.55022e-16)
(25.514 3.32101 -1.21048e-16)
(25.5146 3.31944 1.02546e-17)
(25.5155 3.31797 6.46734e-17)
(25.5175 3.31681 -8.57852e-17)
(25.5222 3.31667 -1.50898e-16)
(25.5353 3.31901 1.71767e-16)
(25.556 3.32805 -4.08452e-17)
(25.561 2.95964 1.19463e-16)
(25.5662 2.94725 1.45706e-16)
(25.572 2.93546 -1.16669e-16)
(25.5782 2.92405 -3.10904e-16)
(25.5829 2.91252 4.16211e-16)
(25.5845 2.90072 -3.53772e-16)
(25.5743 2.88746 8.5912e-16)
(25.5555 2.8789 -5.40324e-16)
(18.5689 1.4054 7.99012e-19)
(21.2065 1.31007 1.57481e-17)
(22.13 1.37836 7.78321e-19)
(22.637 1.47274 -3.53999e-19)
(22.9055 1.53875 1.38325e-18)
(23.0337 1.62205 9.55798e-19)
(23.1262 1.6791 -2.07576e-20)
(23.2179 1.75227 1.89142e-19)
(23.3128 1.81078 2.35592e-19)
(23.4069 1.86928 0)
(23.4994 1.9224 -2.1136e-17)
(23.5898 1.97121 3.29329e-19)
(23.678 2.01587 -1.11912e-19)
(23.7635 2.05635 -1.142e-19)
(23.8462 2.09288 6.77242e-20)
(23.926 2.12555 2.87939e-17)
(24.0025 2.15476 4.73136e-17)
(24.0756 2.18049 -6.84068e-21)
(24.1453 2.20325 2.35691e-21)
(24.2115 2.22326 1.48879e-20)
(24.2741 2.24085 -5.08965e-20)
(24.3332 2.25639 9.55999e-21)
(24.3887 2.27018 1.01894e-19)
(24.4408 2.28259 5.4322e-20)
(24.4896 2.29393 2.98722e-19)
(24.535 2.30451 -4.11471e-20)
(24.5774 2.31462 5.34096e-19)
(24.6168 2.32451 3.78439e-19)
(24.6534 2.33442 3.92284e-20)
(24.6875 2.34456 2.71655e-19)
(24.719 2.35512 -6.95564e-19)
(24.7484 2.36623 -8.42124e-17)
(24.7757 2.37805 -3.27898e-17)
(24.8012 2.39067 2.1238e-18)
(24.825 2.40419 -2.10529e-18)
(24.8473 2.41867 -1.59965e-18)
(24.8684 2.43416 3.04297e-18)
(24.8884 2.45069 6.19588e-19)
(24.9076 2.46827 5.25448e-19)
(24.9261 2.4869 -2.2501e-18)
(24.944 2.50654 -1.17485e-16)
(24.9616 2.52715 2.54925e-18)
(24.979 2.54867 -3.15057e-17)
(24.9964 2.57102 -9.02e-17)
(25.0139 2.59411 2.43396e-18)
(25.0315 2.61783 -7.71641e-17)
(25.0495 2.64207 1.60141e-18)
(25.0678 2.66671 1.44531e-18)
(25.0866 2.69163 1.36148e-16)
(25.1059 2.71669 3.07114e-19)
(25.1258 2.74177 1.87787e-18)
(25.1462 2.76676 -2.18882e-16)
(25.167 2.79152 -5.61982e-19)
(25.1884 2.81595 1.36335e-17)
(25.21 2.83994 -7.70534e-20)
(25.2317 2.86338 -3.37876e-19)
(25.2535 2.88619 -1.46181e-18)
(25.2752 2.90831 5.52342e-17)
(25.2968 2.92967 1.26015e-17)
(25.3182 2.95025 1.28894e-16)
(25.3394 2.97002 2.35522e-16)
(25.3603 2.98896 1.49183e-16)
(25.3806 3.00702 5.51846e-17)
(25.4 3.0242 2.1568e-19)
(25.4184 3.04045 2.53248e-18)
(25.4354 3.05581 5.83753e-17)
(25.451 3.07018 -4.9284e-17)
(25.4635 3.08189 -1.14171e-18)
(25.4732 3.09149 2.22336e-18)
(25.4827 3.10121 -1.40908e-16)
(25.4918 3.11083 -1.42471e-16)
(25.5005 3.12042 8.8718e-19)
(25.5087 3.13007 1.00513e-16)
(25.5143 3.138 -1.28066e-16)
(25.5181 3.1507 0)
(25.5065 3.14404 -2.04669e-17)
(25.5085 3.1873 -1.25285e-17)
(25.4708 3.09596 2.55873e-16)
(25.5653 3.33312 -5.8923e-18)
(25.5533 2.87747 -2.84372e-16)
(21.0242 1.29207 -5.19879e-18)
(22.8579 1.28531 -4.90072e-18)
(23.5991 1.35064 8.57739e-18)
(23.8826 1.38795 -3.8698e-18)
(23.9868 1.41704 2.81375e-17)
(24.0145 1.44664 1.29039e-17)
(24.0333 1.47388 -3.21672e-19)
(24.0573 1.50765 3.3936e-18)
(24.0846 1.53941 5.14018e-18)
(24.1135 1.57508 0)
(24.1435 1.61135 2.40132e-17)
(24.1746 1.64892 1.37617e-17)
(24.2066 1.68745 -6.47757e-18)
(24.2396 1.72657 -1.00562e-17)
(24.2734 1.76598 3.75659e-17)
(24.3077 1.80542 -3.73536e-17)
(24.3425 1.8446 -4.71653e-17)
(24.3777 1.88321 4.58723e-18)
(24.4129 1.92099 3.22389e-17)
(24.4482 1.95775 6.32462e-18)
(24.4832 1.99326 -5.65251e-18)
(24.5178 2.02744 1.9308e-17)
(24.5519 2.0601 -9.78702e-18)
(24.5853 2.09124 1.1951e-18)
(24.6179 2.12084 4.51828e-18)
(24.6495 2.14893 -1.21282e-17)
(24.6801 2.17558 4.38288e-18)
(24.7095 2.20092 2.40687e-18)
(24.7377 2.22508 1.98615e-19)
(24.7647 2.24822 1.12111e-18)
(24.7904 2.27051 -2.39046e-18)
(24.815 2.29213 8.33472e-17)
(24.8383 2.31327 9.92164e-17)
(24.8604 2.33408 4.71631e-18)
(24.8815 2.35476 -5.02851e-17)
(24.9016 2.37543 -2.77364e-17)
(24.9208 2.39623 3.19482e-17)
(24.9392 2.41727 9.54843e-19)
(24.9569 2.43865 9.79134e-18)
(24.974 2.46043 -5.2695e-17)
(24.9907 2.48266 3.35365e-17)
(25.0071 2.50538 1.04819e-16)
(25.0233 2.52858 3.09553e-17)
(25.0394 2.55225 9.47697e-17)
(25.0555 2.57637 1.27786e-16)
(25.0718 2.60088 6.75938e-17)
(25.0883 2.62572 7.56009e-17)
(25.1051 2.65082 -9.20161e-17)
(25.1223 2.6761 -1.31092e-16)
(25.14 2.70145 -8.94642e-17)
(25.1581 2.72679 2.18699e-18)
(25.1767 2.75201 1.52859e-16)
(25.1959 2.77702 1.18427e-17)
(25.2154 2.80171 -2.95568e-17)
(25.2352 2.82599 -9.10658e-20)
(25.2553 2.84976 -9.95389e-17)
(25.2753 2.87293 7.7603e-18)
(25.2954 2.89545 -1.08323e-16)
(25.3154 2.91725 -2.44091e-16)
(25.3353 2.93831 -2.69083e-17)
(25.3551 2.95858 -2.31449e-16)
(25.3746 2.97804 1.24601e-17)
(25.3936 2.99665 -8.06198e-19)
(25.4119 3.01438 3.06636e-16)
(25.4291 3.03119 3.73119e-17)
(25.4451 3.04711 -6.38111e-17)
(25.4597 3.06204 4.72734e-17)
(25.4714 3.07425 -5.88857e-17)
(25.4805 3.08427 6.57605e-17)
(25.4894 3.09444 1.40113e-16)
(25.4979 3.10453 1.39286e-16)
(25.506 3.1146 1.08307e-18)
(25.5136 3.12482 -1.02242e-16)
(25.5186 3.13313 1.24806e-16)
(25.5214 3.14676 0)
(25.5097 3.13977 2.13412e-17)
(25.5093 3.18539 1.46799e-18)
(25.4764 3.09231 -3.4627e-16)
(25.5628 3.33348 5.72614e-18)
(25.5668 2.88114 2.82559e-16)
(22.7087 1.3804 4.46724e-18)
(23.9196 1.42422 9.27137e-18)
(24.4581 1.47447 1.1235e-18)
(24.5988 1.50445 -1.13142e-18)
(24.6273 1.53444 -5.61735e-18)
(24.6288 1.56142 4.27965e-18)
(24.633 1.58928 -1.14692e-19)
(24.64 1.61684 3.0848e-18)
(24.6475 1.64356 1.84717e-17)
(24.6548 1.67062 0)
(24.6621 1.69686 -9.48539e-18)
(24.6695 1.72316 7.04236e-18)
(24.677 1.74922 -3.55317e-18)
(24.6847 1.77519 -1.53011e-17)
(24.6928 1.80111 -1.91796e-17)
(24.7013 1.82712 7.91416e-18)
(24.7102 1.85317 3.41235e-17)
(24.7197 1.87944 2.55853e-17)
(24.7298 1.9058 -3.76474e-17)
(24.7405 1.93236 5.38573e-18)
(24.7518 1.95905 -6.4331e-17)
(24.7638 1.9859 -2.75884e-17)
(24.7765 2.01278 5.53688e-18)
(24.7898 2.03967 -1.64914e-17)
(24.8036 2.06651 4.84883e-18)
(24.818 2.09322 1.59266e-17)
(24.8329 2.1197 5.05179e-17)
(24.8481 2.14593 2.81519e-18)
(24.8635 2.17184 2.36598e-19)
(24.8792 2.1974 -8.19032e-18)
(24.8949 2.22261 -3.75779e-17)
(24.9106 2.24745 1.42317e-17)
(24.9263 2.27197 -1.88699e-18)
(24.9418 2.2962 5.8285e-17)
(24.9571 2.32021 4.06741e-17)
(24.9723 2.34404 -4.71747e-17)
(24.9872 2.36777 -2.07748e-17)
(25.0018 2.39148 1.10116e-18)
(25.0163 2.41524 -7.42067e-17)
(25.0306 2.43909 2.97796e-18)
(25.0447 2.4631 -4.71595e-17)
(25.0588 2.48731 -9.71659e-17)
(25.0728 2.51174 -3.15013e-17)
(25.0869 2.5364 -5.57436e-17)
(25.101 2.56129 -2.89878e-18)
(25.1154 2.5864 -5.15261e-18)
(25.13 2.61169 -8.18257e-17)
(25.145 2.63712 5.87241e-18)
(25.1603 2.66264 2.34305e-18)
(25.1761 2.68817 1.56805e-16)
(25.1924 2.71366 -3.27351e-17)
(25.2092 2.73901 -1.14033e-16)
(25.2265 2.76414 1.71479e-16)
(25.2441 2.78898 2.62203e-17)
(25.2621 2.81343 7.61641e-17)
(25.2804 2.8374 1.69495e-16)
(25.2987 2.86081 -2.09865e-18)
(25.317 2.88361 1.04768e-16)
(25.3354 2.90574 4.43256e-18)
(25.3537 2.92715 -4.35618e-19)
(25.372 2.94782 1.82501e-18)
(25.3901 2.96771 -7.74581e-19)
(25.4078 2.98677 -8.38218e-19)
(25.4247 3.00498 -2.89203e-16)
(25.4407 3.02228 -3.07265e-17)
(25.4556 3.03871 -3.26689e-18)
(25.4692 3.05415 -4.77014e-17)
(25.4801 3.06681 -4.94039e-19)
(25.4885 3.07722 -5.98527e-17)
(25.4966 3.08781 -1.7189e-16)
(25.5045 3.09835 -1.37966e-16)
(25.512 3.10888 -8.20238e-17)
(25.5189 3.11964 -6.23108e-17)
(25.5233 3.12836 -1.77022e-18)
(25.5249 3.14276 0)
(25.5135 3.13583 -5.34727e-17)
(25.5098 3.18291 4.29012e-16)
(25.4837 3.08983 3.43107e-16)
(25.559 3.33259 -5.28168e-18)
(25.5831 2.88506 -9.09965e-19)
(23.7064 1.48729 -5.07341e-19)
(24.4897 1.52423 -6.3094e-18)
(24.8112 1.551 1.48958e-18)
(24.852 1.56954 -2.95424e-19)
(24.8512 1.58945 8.22177e-18)
(24.8504 1.60875 1.08343e-18)
(24.8541 1.63013 -2.92704e-20)
(24.8591 1.65149 1.72314e-19)
(24.864 1.67379 -9.30094e-19)
(24.8689 1.6966 0)
(24.8737 1.71971 1.28186e-18)
(24.8786 1.74335 2.11961e-18)
(24.8834 1.76719 -1.12623e-18)
(24.8883 1.79128 -9.897e-19)
(24.8932 1.81552 2.27898e-17)
(24.8982 1.83985 9.64385e-18)
(24.9032 1.86419 -3.58839e-18)
(24.9084 1.88857 -9.88266e-19)
(24.9136 1.91288 2.29406e-17)
(24.919 1.93717 2.64532e-18)
(24.9246 1.9614 4.09906e-18)
(24.9304 1.98559 2.30707e-17)
(24.9365 2.00975 4.95815e-17)
(24.9429 2.0339 -1.28558e-17)
(24.9496 2.05804 3.26928e-18)
(24.9567 2.08221 -8.74873e-19)
(24.9642 2.10641 -4.10466e-17)
(24.9721 2.13065 2.23262e-18)
(24.9803 2.15494 1.96629e-19)
(24.989 2.17927 2.06913e-18)
(24.998 2.20364 5.1111e-19)
(25.0073 2.22804 -1.60774e-18)
(25.017 2.25246 -2.33683e-17)
(25.0269 2.27691 -1.60141e-17)
(25.0371 2.30136 -7.11932e-17)
(25.0475 2.32584 1.52118e-18)
(25.0581 2.35034 1.24658e-16)
(25.0688 2.37489 1.13499e-18)
(25.0797 2.39949 6.63732e-17)
(25.0907 2.42416 -1.83116e-17)
(25.1018 2.44893 6.85044e-17)
(25.1131 2.47381 9.2748e-17)
(25.1246 2.49881 -2.46434e-17)
(25.1362 2.52394 6.3114e-18)
(25.1482 2.5492 -4.07934e-17)
(25.1603 2.57457 -5.25412e-18)
(25.1729 2.60004 2.50653e-18)
(25.1858 2.62558 5.9533e-18)
(25.1991 2.65115 2.37007e-18)
(25.213 2.6767 -2.57481e-18)
(25.2273 2.70218 3.74826e-18)
(25.2422 2.72752 3.43259e-18)
(25.2575 2.75265 -1.63134e-19)
(25.2733 2.77751 -1.62707e-18)
(25.2895 2.802 -1.11233e-16)
(25.3059 2.82605 -1.629e-16)
(25.3224 2.84959 -8.13846e-17)
(25.3391 2.87256 -1.57999e-18)
(25.3558 2.89491 2.17218e-16)
(25.3725 2.91659 -4.42165e-19)
(25.3893 2.93757 2.15701e-16)
(25.406 2.9578 -7.8868e-19)
(25.4223 2.97724 -8.54933e-19)
(25.438 2.99585 -8.00013e-20)
(25.4528 3.01359 3.38482e-18)
(25.4665 3.03047 -3.35146e-18)
(25.479 3.04639 -2.17348e-19)
(25.489 3.05947 -5.09141e-19)
(25.4967 3.07025 3.01917e-18)
(25.5042 3.08125 2.67949e-18)
(25.5114 3.09222 4.94666e-19)
(25.5183 3.1032 2.47272e-18)
(25.5245 3.11447 -3.15263e-19)
(25.5283 3.12363 -1.88499e-18)
(25.5287 3.13871 0)
(25.5174 3.13206 1.32726e-18)
(25.5109 3.18021 -1.67198e-17)
(25.4905 3.08778 -9.1259e-17)
(25.5576 3.33156 -1.7901e-19)
(25.5967 2.88812 -6.42835e-19)
(24.4637 1.62829 -6.13886e-18)
(24.9201 1.65006 9.6875e-19)
(25.0503 1.66465 1.2152e-18)
(25.0396 1.67555 -3.235e-19)
(25.035 1.68734 7.16831e-18)
(25.0348 1.69961 1.66021e-17)
(25.0368 1.71298 -9.33052e-18)
(25.0386 1.72662 8.84303e-19)
(25.0401 1.74115 -1.3998e-18)
(25.0415 1.75624 0)
(25.0427 1.77204 1.56054e-17)
(25.0439 1.78856 2.18681e-17)
(25.045 1.80575 -8.65758e-18)
(25.0461 1.82366 -9.36377e-18)
(25.0473 1.84226 2.99923e-19)
(25.0486 1.86149 -1.13155e-18)
(25.05 1.88137 -4.54106e-19)
(25.0515 1.90182 -9.56724e-19)
(25.0531 1.9228 -3.44869e-17)
(25.055 1.94427 3.53283e-18)
(25.0571 1.96617 3.13301e-18)
(25.0594 1.98843 -1.27896e-17)
(25.0619 2.011 -2.30426e-18)
(25.0647 2.03384 4.04532e-18)
(25.0678 2.05688 2.74274e-17)
(25.0712 2.0801 7.00245e-18)
(25.0749 2.10346 3.85988e-17)
(25.0789 2.12694 2.30126e-17)
(25.0833 2.15052 2.88182e-17)
(25.0879 2.17419 1.7038e-17)
(25.0929 2.19795 5.60433e-17)
(25.0983 2.22179 -2.50925e-17)
(25.1039 2.24572 -2.72966e-17)
(25.1099 2.26974 3.43151e-17)
(25.1162 2.29384 -9.77363e-18)
(25.1229 2.31805 2.02014e-17)
(25.1298 2.34235 -2.96419e-18)
(25.1371 2.36676 -4.0604e-17)
(25.1447 2.39127 1.52455e-17)
(25.1526 2.4159 1.30445e-17)
(25.1608 2.44063 -3.70463e-17)
(25.1692 2.46548 -8.78732e-17)
(25.1781 2.49043 5.47783e-17)
(25.1872 2.5155 6.49645e-18)
(25.1967 2.54067 -6.91624e-17)
(25.2066 2.56592 -5.4084e-18)
(25.2169 2.59124 1.98793e-18)
(25.2277 2.61661 4.85872e-17)
(25.2389 2.64199 5.59025e-17)
(25.2507 2.66734 4.79921e-17)
(25.2631 2.69262 7.24516e-19)
(25.276 2.71778 2.33997e-16)
(25.2894 2.74275 -1.68362e-19)
(25.3033 2.76747 -2.61554e-17)
(25.3176 2.79187 1.04821e-16)
(25.3322 2.81587 4.30375e-17)
(25.3469 2.83942 -1.15608e-16)
(25.3618 2.86244 -1.64726e-18)
(25.3769 2.88489 1.02175e-17)
(25.3921 2.90673 2.28557e-17)
(25.4073 2.92791 -4.34415e-18)
(25.4225 2.9484 -1.26051e-17)
(25.4375 2.96814 -2.11206e-16)
(25.4518 2.98709 2.67167e-16)
(25.4653 3.00518 1.42926e-16)
(25.4779 3.02247 -3.56967e-18)
(25.4894 3.03881 -2.32125e-19)
(25.4985 3.05228 -1.00378e-16)
(25.5055 3.0634 3.23697e-18)
(25.5123 3.07478 3.74596e-17)
(25.5188 3.08617 5.33141e-19)
(25.525 3.09759 2.23806e-16)
(25.5305 3.10936 -3.42084e-19)
(25.5337 3.11898 -1.21159e-16)
(25.5329 3.13466 0)
(25.5215 3.12842 -1.82406e-17)
(25.5127 3.17742 1.24766e-17)
(25.497 3.08601 8.87867e-17)
(25.5582 3.33048 1.4194e-19)
(25.6092 2.8908 -6.14812e-19)
(25.0074 1.75843 -4.23979e-19)
(25.2073 1.76842 8.62135e-19)
(25.2209 1.77771 -8.54289e-19)
(25.2053 1.78553 -5.88004e-19)
(25.2053 1.79458 -3.09256e-19)
(25.2061 1.80406 -1.31015e-17)
(25.2072 1.81402 1.67089e-17)
(25.2075 1.82433 -1.35255e-18)
(25.2075 1.83515 -1.03728e-17)
(25.2071 1.84637 0)
(25.2064 1.85808 -5.98537e-18)
(25.2054 1.87027 -7.02381e-19)
(25.2041 1.88295 -8.10822e-20)
(25.2026 1.89617 -2.21145e-18)
(25.2008 1.90992 -2.07314e-19)
(25.199 1.92422 -7.84627e-18)
(25.197 1.93911 -2.03306e-18)
(25.195 1.95457 -1.42426e-17)
(25.193 1.97063 2.279e-19)
(25.191 1.98729 3.73013e-19)
(25.1892 2.00455 3.89986e-17)
(25.1875 2.02241 2.68945e-19)
(25.186 2.04084 -2.22603e-17)
(25.1847 2.05985 2.71476e-17)
(25.1837 2.07938 -1.45107e-18)
(25.1831 2.09942 -1.82322e-17)
(25.1828 2.11993 -8.25671e-19)
(25.1829 2.14086 -4.1774e-19)
(25.1833 2.1622 -1.79936e-17)
(25.1842 2.18388 -1.3073e-17)
(25.1854 2.20589 -5.4203e-17)
(25.1871 2.22818 2.17525e-17)
(25.1892 2.25072 2.76145e-18)
(25.1917 2.27351 -5.27629e-17)
(25.1946 2.29651 1.06157e-17)
(25.1979 2.31971 -1.69628e-17)
(25.2017 2.3431 -2.94519e-18)
(25.2058 2.36667 4.23802e-17)
(25.2104 2.39041 -1.32568e-17)
(25.2153 2.41432 -1.24945e-17)
(25.2207 2.43839 -1.05453e-17)
(25.2265 2.46263 8.32357e-17)
(25.2327 2.487 -2.02342e-19)
(25.2393 2.5115 3.48126e-17)
(25.2464 2.53614 3.31238e-18)
(25.254 2.56087 -5.52682e-18)
(25.2621 2.5857 -4.52804e-17)
(25.2707 2.61058 -3.58385e-17)
(25.2798 2.6355 -5.05455e-17)
(25.2896 2.66041 -1.81971e-16)
(25.2999 2.68528 6.65615e-17)
(25.3108 2.71006 -8.07642e-17)
(25.3223 2.73469 -1.4238e-16)
(25.3343 2.75911 -6.6104e-19)
(25.3467 2.78326 -6.95119e-17)
(25.3594 2.80706 -3.67064e-17)
(25.3724 2.83047 1.16254e-16)
(25.3856 2.85341 -1.72689e-18)
(25.399 2.87584 -1.47095e-17)
(25.4125 2.89772 -2.36975e-17)
(25.4263 2.91901 -4.59699e-18)
(25.44 2.93965 -5.21286e-19)
(25.4535 2.95959 2.08477e-16)
(25.4665 2.97879 -2.80799e-16)
(25.4787 2.99718 -1.34958e-16)
(25.49 3.0148 -3.83549e-18)
(25.5004 3.0315 4.29909e-17)
(25.5086 3.04532 1.51026e-16)
(25.5149 3.05675 3.49801e-18)
(25.5209 3.06849 2.40716e-18)
(25.5268 3.08026 2.07187e-18)
(25.5323 3.0921 -1.3922e-16)
(25.5371 3.10435 5.74459e-17)
(25.5395 3.11442 1.16542e-16)
(25.5375 3.13065 0)
(25.526 3.12495 5.35298e-17)
(25.5149 3.17455 -3.99538e-16)
(25.5038 3.0846 -1.33493e-18)
(25.3149 1.87087 -3.04578e-19)
(25.3519 1.87391 5.86371e-19)
(25.3339 1.88062 5.40108e-19)
(25.3299 1.88663 -2.297e-19)
(25.3319 1.89379 -1.99342e-19)
(25.3326 1.90109 9.46315e-19)
(25.333 1.9088 -1.15936e-18)
(25.3328 1.91684 2.79162e-19)
(25.3322 1.92529 4.51212e-19)
(25.3313 1.9341 0)
(25.3301 1.94333 2.06782e-19)
(25.3285 1.95298 -4.74944e-19)
(25.3265 1.96305 -5.55228e-20)
(25.3243 1.97357 5.07466e-19)
(25.3217 1.98453 -1.46248e-19)
(25.3189 1.99595 1.00587e-19)
(25.3159 2.00786 -1.48541e-18)
(25.3127 2.02023 1.09228e-18)
(25.3093 2.0331 1.73115e-19)
(25.3058 2.04647 3.64364e-18)
(25.3022 2.06034 -1.58429e-18)
(25.2986 2.07475 1.64849e-17)
(25.295 2.08968 -1.12753e-17)
(25.2915 2.10515 5.7503e-19)
(25.2882 2.12115 -2.5021e-20)
(25.285 2.13772 5.39209e-19)
(25.282 2.15481 -7.28429e-19)
(25.2793 2.17244 -3.73695e-19)
(25.2769 2.1906 -9.65332e-19)
(25.2748 2.20928 1.68491e-18)
(25.2731 2.22845 4.26052e-19)
(25.2718 2.2481 -1.3728e-18)
(25.271 2.2682 2.59552e-18)
(25.2705 2.28873 5.50277e-17)
(25.2705 2.30966 4.65329e-19)
(25.271 2.33096 1.42542e-18)
(25.2719 2.35261 -2.83731e-18)
(25.2733 2.37458 1.10533e-18)
(25.2752 2.39686 8.86979e-19)
(25.2775 2.41942 1.98946e-19)
(25.2803 2.44224 1.35365e-18)
(25.2836 2.4653 -1.86001e-18)
(25.2874 2.48859 -2.00472e-19)
(25.2917 2.51209 4.62953e-18)
(25.2965 2.53577 3.30538e-18)
(25.3019 2.55961 -5.53275e-18)
(25.3078 2.5836 5.66179e-18)
(25.3143 2.60769 6.32281e-18)
(25.3214 2.63187 2.52787e-18)
(25.3291 2.65609 4.41751e-18)
(25.3374 2.68032 8.48712e-19)
(25.3464 2.70451 -3.73599e-18)
(25.356 2.72861 6.87683e-18)
(25.3661 2.75255 -6.762e-19)
(25.3767 2.77628 -3.78864e-17)
(25.3876 2.79974 3.94931e-17)
(25.3988 2.82286 6.73755e-19)
(25.4102 2.84558 -1.78773e-18)
(25.4219 2.86787 -2.42398e-18)
(25.4339 2.88967 2.09764e-17)
(25.4461 2.91095 -1.82299e-16)
(25.4583 2.93164 1.03858e-17)
(25.4704 2.95169 -1.01209e-18)
(25.482 2.97104 3.41491e-19)
(25.4929 2.98965 4.07882e-18)
(25.503 3.00753 -4.07361e-18)
(25.5122 3.02453 -1.38028e-18)
(25.5194 3.03864 -1.90986e-18)
(25.5249 3.05035 3.74045e-18)
(25.5302 3.06241 -3.02742e-17)
(25.5353 3.07454 -8.66585e-19)
(25.5401 3.08677 -2.09675e-16)
(25.5441 3.09946 1.80159e-16)
(25.5458 3.11 -1.16782e-16)
(25.5426 3.1267 0)
(25.5308 3.12166 1.23059e-18)
(25.4455 1.97035 2.86134e-18)
(25.43 1.97099 5.43368e-18)
(25.4221 1.97648 8.98668e-19)
(25.4242 1.98114 -4.06994e-20)
(25.4254 1.98662 -1.42208e-19)
(25.4257 1.99212 1.13962e-18)
(25.4256 1.99797 -5.66695e-18)
(25.4251 2.00409 5.08877e-19)
(25.4243 2.01054 6.30884e-18)
(25.4231 2.0173 0)
(25.4216 2.02441 3.644e-18)
(25.4197 2.03187 -3.43922e-19)
(25.4175 2.03971 -4.02874e-20)
(25.415 2.04794 1.23277e-17)
(25.4122 2.05657 -1.06657e-19)
(25.4091 2.06563 2.08592e-19)
(25.4058 2.07513 -1.09144e-18)
(25.4023 2.08507 1.01006e-17)
(25.3985 2.09547 1.13561e-17)
(25.3946 2.10636 1.33274e-18)
(25.3905 2.11772 -2.75897e-17)
(25.3864 2.12959 -3.70438e-18)
(25.3822 2.14195 1.85121e-18)
(25.3779 2.15482 5.3629e-19)
(25.3737 2.16821 -1.97553e-20)
(25.3695 2.18212 1.26142e-17)
(25.3655 2.19655 -1.77966e-17)
(25.3615 2.21151 -4.38675e-19)
(25.3578 2.22699 1.05404e-17)
(25.3542 2.24301 1.15503e-17)
(25.3509 2.25955 3.79151e-17)
(25.3479 2.27662 -1.73448e-17)
(25.3452 2.29419 4.82102e-17)
(25.3429 2.31228 -2.54148e-17)
(25.3409 2.33085 4.22067e-19)
(25.3393 2.34991 1.307e-18)
(25.3382 2.36942 -2.62767e-18)
(25.3374 2.38937 1.03306e-18)
(25.3372 2.40974 -3.56442e-17)
(25.3374 2.43051 1.22038e-17)
(25.3381 2.45166 3.706e-17)
(25.3393 2.47315 -1.79005e-18)
(25.341 2.49496 -4.01297e-17)
(25.3432 2.51707 -1.92847e-17)
(25.346 2.53946 3.23269e-18)
(25.3493 2.56209 -5.4357e-18)
(25.3532 2.58493 4.67784e-17)
(25.3578 2.60796 6.26283e-18)
(25.3629 2.63114 2.51318e-18)
(25.3687 2.65444 1.17045e-16)
(25.3752 2.67781 1.0704e-16)
(25.3824 2.70121 -1.31229e-16)
(25.3901 2.72458 1.33032e-16)
(25.3984 2.74788 2.00238e-17)
(25.4071 2.77103 8.70161e-18)
(25.4163 2.79398 6.42441e-17)
(25.4257 2.81667 6.63384e-17)
(25.4355 2.83904 -1.83145e-18)
(25.4455 2.86105 -1.70768e-16)
(25.4559 2.88265 -1.37355e-18)
(25.4666 2.90379 -1.13402e-17)
(25.4773 2.92443 -9.60879e-19)
(25.4879 2.94448 -1.05471e-18)
(25.4981 2.96391 1.38462e-17)
(25.5077 2.98264 4.27964e-18)
(25.5165 3.0007 -4.28843e-18)
(25.5246 3.01795 -1.58759e-18)
(25.5308 3.0323 -1.69696e-17)
(25.5355 3.04425 1.92167e-16)
(25.5401 3.05659 3.54719e-17)
(25.5444 3.06905 -7.52643e-19)
(25.5485 3.08164 2.35495e-16)
(25.5517 3.09475 -3.26531e-16)
(25.5525 3.10575 -3.11873e-19)
(25.5053 2.05966 -2.85341e-18)
(25.4966 2.06031 -3.54993e-18)
(25.4979 2.06489 1.31283e-19)
(25.4998 2.06851 -1.43723e-19)
(25.5001 2.07275 -1.12328e-19)
(25.5002 2.07701 6.53939e-18)
(25.4999 2.08156 -4.32021e-18)
(25.4992 2.08632 1.22319e-19)
(25.4983 2.09132 -4.7558e-19)
(25.497 2.09659 0)
(25.4954 2.10213 -3.07597e-19)
(25.4935 2.10795 -2.7901e-19)
(25.4912 2.11407 -3.27985e-20)
(25.4886 2.12051 -1.11568e-17)
(25.4858 2.12729 -8.73898e-20)
(25.4826 2.13442 -6.92459e-20)
(25.4792 2.14193 -8.99088e-19)
(25.4755 2.14982 -4.40651e-19)
(25.4717 2.15812 -1.22162e-18)
(25.4676 2.16684 1.10492e-18)
(25.4634 2.176 1.61331e-18)
(25.459 2.18562 -1.1402e-17)
(25.4545 2.19572 2.24869e-17)
(25.45 2.2063 3.64705e-19)
(25.4454 2.21737 -1.65621e-20)
(25.4408 2.22896 -9.87107e-19)
(25.4362 2.24107 1.38433e-18)
(25.4317 2.2537 -2.47183e-19)
(25.4273 2.26686 -1.89888e-18)
(25.423 2.28056 1.6455e-19)
(25.4189 2.29479 -6.81057e-17)
(25.415 2.30956 7.95915e-18)
(25.4112 2.32486 -2.57296e-18)
(25.4078 2.3407 2.09262e-18)
(25.4046 2.35705 3.76997e-19)
(25.4017 2.37393 1.17773e-18)
(25.3992 2.39132 -2.38858e-18)
(25.397 2.4092 9.47156e-19)
(25.3952 2.42757 3.6726e-17)
(25.3939 2.44641 -1.16732e-17)
(25.393 2.46569 -3.40794e-17)
(25.3925 2.4854 -1.69292e-18)
(25.3925 2.50552 3.92721e-17)
(25.393 2.52602 6.1319e-18)
(25.394 2.54688 3.11546e-18)
(25.3956 2.56806 -5.26745e-18)
(25.3978 2.58954 2.5806e-18)
(25.4006 2.61129 6.12982e-18)
(25.404 2.63326 2.47109e-18)
(25.4081 2.65543 -2.71801e-18)
(25.4129 2.67775 -1.55495e-16)
(25.4183 2.70018 1.22731e-16)
(25.4243 2.72266 -1.258e-16)
(25.4309 2.74514 -1.80968e-18)
(25.4379 2.76755 2.84223e-17)
(25.4453 2.78985 -9.31085e-17)
(25.4531 2.81196 -6.45403e-17)
(25.4612 2.83384 -1.86557e-18)
(25.4697 2.85545 1.64767e-16)
(25.4786 2.87673 -2.09529e-17)
(25.4877 2.89763 1.76905e-16)
(25.497 2.91809 -1.10226e-17)
(25.5061 2.93805 -1.39522e-16)
(25.5149 2.95745 -1.76089e-17)
(25.5232 2.97622 1.73474e-17)
(25.5307 2.9944 -5.30508e-17)
(25.5376 3.0118 -4.05244e-17)
(25.5429 3.02635 -2.02401e-17)
(25.5467 3.03849 -1.08831e-18)
(25.5505 3.05108 2.91553e-18)
(25.5541 3.06382 7.43517e-19)
(25.5576 2.1408 -1.85648e-19)
(25.5585 2.14173 -5.41223e-19)
(25.5606 2.14536 2.85597e-19)
(25.5612 2.14822 -1.12811e-19)
(25.5613 2.15157 -8.83675e-20)
(25.5612 2.15496 -5.36646e-18)
(25.5608 2.15857 3.98697e-18)
(25.5601 2.16235 -1.15035e-19)
(25.5591 2.16632 -4.45982e-18)
(25.5578 2.17051 0)
(25.5563 2.17492 -2.67563e-18)
(25.5544 2.17956 -2.24204e-19)
(25.5522 2.18444 -2.64603e-20)
(25.5497 2.18959 2.44229e-19)
(25.547 2.19501 4.35645e-18)
(25.5439 2.20073 -3.37259e-18)
(25.5407 2.20675 -7.38537e-19)
(25.5371 2.2131 -7.01364e-18)
(25.5334 2.21979 -9.08377e-18)
(25.5294 2.22683 -6.07192e-20)
(25.5252 2.23426 1.97981e-17)
(25.5209 2.24208 1.15988e-19)
(25.5164 2.25031 -1.89979e-17)
(25.5118 2.25898 2.45376e-19)
(25.5072 2.26808 6.58083e-19)
(25.5025 2.27766 -9.9184e-18)
(25.4977 2.28771 1.4074e-17)
(25.493 2.29826 -1.15757e-19)
(25.4882 2.30931 -1.02423e-17)
(25.4836 2.32088 -7.56023e-18)
(25.479 2.33298 3.12482e-17)
(25.4745 2.34561 5.75567e-18)
(25.4702 2.35878 -2.31095e-17)
(25.4661 2.3725 -1.31304e-17)
(25.4622 2.38675 -5.37981e-18)
(25.4585 2.40154 1.16601e-17)
(25.455 2.41687 -4.04439e-17)
(25.4519 2.43273 8.63542e-19)
(25.449 2.44911 9.27253e-18)
(25.4466 2.466 7.96446e-18)
(25.4444 2.48339 1.12967e-18)
(25.4427 2.50127 -1.58346e-18)
(25.4414 2.5196 -1.73913e-19)
(25.4406 2.53838 5.27091e-17)
(25.4402 2.55759 4.78549e-17)
(25.4404 2.57719 -5.04769e-18)
(25.4411 2.59716 -3.22812e-17)
(25.4424 2.61746 5.93811e-18)
(25.4443 2.63808 2.40607e-18)
(25.4469 2.65897 -9.93765e-17)
(25.4501 2.68009 6.33505e-18)
(25.4539 2.70139 5.25126e-17)
(25.4584 2.72283 7.32436e-18)
(25.4634 2.74434 -1.80313e-18)
(25.4688 2.76588 -1.06557e-19)
(25.4746 2.78738 3.31327e-18)
(25.4808 2.80879 7.04449e-19)
(25.4874 2.83006 -1.89028e-18)
(25.4944 2.85113 -2.59196e-18)
(25.5017 2.87197 -5.50726e-19)
(25.5094 2.89251 -1.71296e-16)
(25.5172 2.9127 5.39771e-17)
(25.5249 2.93246 5.61846e-17)
(25.5324 2.95174 -1.18372e-17)
(25.5393 2.97047 -8.1535e-18)
(25.5456 2.98866 -1.13622e-16)
(25.6085 2.2148 -3.71324e-19)
(25.6105 2.21572 2.0256e-19)
(25.6112 2.21854 7.19896e-20)
(25.6114 2.22084 -1.57793e-19)
(25.6113 2.22352 -3.14867e-19)
(25.6111 2.22624 4.7734e-18)
(25.6106 2.22913 -2.52382e-18)
(25.6099 2.23216 2.78126e-19)
(25.6089 2.23536 3.63066e-18)
(25.6077 2.23873 0)
(25.6062 2.24227 -3.79445e-19)
(25.6044 2.24601 -1.78175e-19)
(25.6023 2.24994 -1.30135e-18)
(25.6 2.2541 6.32107e-18)
(25.5975 2.25849 -4.45086e-18)
(25.5946 2.26311 4.21622e-19)
(25.5916 2.26801 -1.50487e-18)
(25.5883 2.27317 6.11146e-18)
(25.5848 2.27862 7.17728e-20)
(25.5811 2.28438 8.60895e-19)
(25.5771 2.29046 -1.67246e-17)
(25.5731 2.29688 -1.40461e-18)
(25.5688 2.30366 1.64991e-17)
(25.5645 2.31081 -1.03262e-17)
(25.56 2.31835 -6.64779e-19)
(25.5554 2.3263 1.78925e-18)
(25.5508 2.33468 -3.65092e-19)
(25.5461 2.3435 -1.92981e-19)
(25.5413 2.35278 -5.14117e-19)
(25.5366 2.36253 1.7863e-17)
(25.5319 2.37277 2.41794e-19)
(25.5273 2.38351 -8.04646e-19)
(25.5227 2.39477 -1.28627e-17)
(25.5183 2.40655 3.15102e-17)
(25.514 2.41885 5.90896e-18)
(25.5098 2.4317 -9.45735e-18)
(25.5058 2.44508 3.56658e-17)
(25.5021 2.459 7.81612e-19)
(25.4985 2.47346 -7.7817e-18)
(25.4953 2.48846 -5.48527e-19)
(25.4923 2.50398 7.72563e-18)
(25.4897 2.52001 -1.46745e-18)
(25.4875 2.53655 -2.98764e-17)
(25.4856 2.55359 -4.08633e-17)
(25.4842 2.57109 -7.79032e-19)
(25.4832 2.58904 -4.78791e-18)
(25.4827 2.60743 3.67575e-17)
(25.4828 2.62621 5.69548e-18)
(25.4835 2.64537 3.773e-17)
(25.4847 2.66487 9.32142e-17)
(25.4866 2.68468 1.30159e-16)
(25.489 2.70474 -1.61821e-16)
(25.4921 2.72502 1.15974e-16)
(25.4956 2.74546 -1.8699e-17)
(25.4996 2.766 -5.31351e-17)
(25.5039 2.78659 -2.51953e-17)
(25.5087 2.80718 7.06005e-19)
(25.5138 2.82771 -1.90292e-18)
(25.5193 2.84814 -1.36094e-16)
(25.5252 2.86842 2.82287e-17)
(25.5315 2.8885 1.59734e-16)
(25.6519 2.28219 -9.05475e-20)
(25.6527 2.28298 1.60771e-19)
(25.6528 2.28522 -6.07327e-20)
(25.6528 2.28709 -6.28264e-20)
(25.6527 2.28926 1.78004e-19)
(25.6524 2.29146 -4.2405e-18)
(25.6518 2.2938 1.92227e-18)
(25.6511 2.29626 -8.93156e-20)
(25.6501 2.29885 -3.21814e-18)
(25.6489 2.30157 0)
(25.6475 2.30445 4.97671e-19)
(25.6458 2.30748 -1.43944e-19)
(25.6439 2.31068 1.20915e-18)
(25.6418 2.31406 -5.71564e-18)
(25.6394 2.31764 9.23363e-20)
(25.6368 2.32141 3.43675e-19)
(25.634 2.32541 3.87926e-19)
(25.631 2.32963 -5.10568e-18)
(25.6278 2.3341 5.96598e-18)
(25.6244 2.33883 1.43029e-18)
(25.6208 2.34383 1.45048e-17)
(25.6171 2.34913 2.38493e-19)
(25.6132 2.35473 -5.43904e-18)
(25.6091 2.36066 1.04931e-17)
(25.6049 2.36693 4.92264e-19)
(25.6006 2.37357 4.21486e-18)
(25.5963 2.38057 -1.00036e-17)
(25.5918 2.38798 -3.12415e-19)
(25.5873 2.39579 -9.06504e-18)
(25.5828 2.40403 -9.37956e-19)
(25.5782 2.41271 2.22131e-17)
(25.5736 2.42185 -1.48547e-17)
(25.5691 2.43146 1.91271e-17)
(25.5646 2.44156 1.71409e-18)
(25.5602 2.45216 -4.19413e-18)
(25.5559 2.46327 9.14746e-18)
(25.5517 2.47489 -3.18875e-17)
(25.5476 2.48704 7.00933e-19)
(25.5437 2.49972 7.39791e-18)
(25.54 2.51293 -4.97832e-19)
(25.5365 2.52668 1.17908e-17)
(25.5333 2.54095 -2.60364e-17)
(25.5304 2.55575 5.44096e-17)
(25.5278 2.57106 2.72853e-17)
(25.5256 2.58688 -1.89331e-17)
(25.5238 2.60318 -4.50025e-18)
(25.5224 2.61996 -2.6997e-17)
(25.5215 2.63719 5.41614e-17)
(25.5211 2.65485 -1.5357e-18)
(25.5213 2.67291 -8.42279e-17)
(25.522 2.69134 -5.17424e-18)
(25.5233 2.71009 1.46077e-16)
(25.5251 2.72912 4.58058e-18)
(25.5274 2.74839 3.07183e-17)
(25.6875 2.34354 1.19975e-18)
(25.6877 2.34422 9.09319e-19)
(25.6877 2.34603 1.3384e-18)
(25.6876 2.34757 -5.09032e-20)
(25.6874 2.34933 -2.2033e-19)
(25.687 2.35114 5.94699e-19)
(25.6864 2.35305 -1.63299e-18)
(25.6856 2.35506 -8.05693e-20)
(25.6847 2.35718 2.63825e-18)
(25.6835 2.35941 0)
(25.6822 2.36177 -2.59975e-18)
(25.6807 2.36425 2.04447e-18)
(25.6789 2.36688 -1.40352e-20)
(25.677 2.36966 5.3199e-18)
(25.6748 2.37259 2.70428e-18)
(25.6725 2.3757 6.63924e-18)
(25.6699 2.37899 -4.03695e-19)
(25.6672 2.38247 4.4955e-18)
(25.6643 2.38616 -5.63837e-19)
(25.6612 2.39006 5.17482e-19)
(25.658 2.39421 -1.23646e-17)
(25.6546 2.3986 7.97862e-18)
(25.6511 2.40326 -1.30196e-19)
(25.6474 2.4082 1.86985e-19)
(25.6435 2.41343 -8.7942e-18)
(25.6396 2.41898 5.31551e-18)
(25.6356 2.42485 3.81974e-18)
(25.6315 2.43107 4.8445e-21)
(25.6273 2.43766 4.97815e-19)
(25.623 2.44463 -8.07578e-19)
(25.6187 2.45199 -1.52672e-17)
(25.6144 2.45977 1.32295e-17)
(25.61 2.46798 7.98029e-18)
(25.6057 2.47663 -2.17949e-19)
(25.6013 2.48574 6.65263e-19)
(25.5971 2.49533 -5.51301e-20)
(25.5928 2.50541 1.1162e-17)
(25.5887 2.51598 6.37144e-18)
(25.5847 2.52706 -2.69457e-17)
(25.5808 2.53865 -4.49152e-19)
(25.5771 2.55077 6.92605e-18)
(25.5735 2.5634 7.63519e-18)
)
;

boundaryField
{
    inlet
    {
        type            freestreamVelocity;
        freestreamValue uniform (25.75 3.62 0);
        value           nonuniform List<vector> 
13
(
(25.6677 3.33233 5.20411e-17)
(25.6699 3.32686 6.34894e-17)
(25.6724 3.32165 -5.08494e-17)
(25.6751 3.3166 -1.35537e-16)
(25.6772 3.31151 1.81487e-16)
(25.6778 3.30629 -1.54296e-16)
(25.6733 3.30043 3.74789e-16)
(25.6651 3.29666 -2.35743e-16)
(25.6642 3.29603 -1.24074e-16)
(25.6701 3.29764 1.23278e-16)
(25.6772 3.29936 -3.96997e-19)
(25.6831 3.3007 -2.80447e-19)
(25.6886 3.30188 -2.68216e-19)
)
;
    }
    outlet
    {
        type            freestreamVelocity;
        freestreamValue nonuniform List<vector> 0();
        value           nonuniform List<vector> 0();
    }
    walls
    {
        type            noSlip;
    }
    frontAndBack
    {
        type            empty;
    }
    procBoundary2to1
    {
        type            processor;
        value           nonuniform List<vector> 
84
(
(23.5017 2.26734 9.76315e-18)
(25.0049 2.92011 -2.58346e-17)
(25.6309 2.66169 -1.92088e-16)
(25.831 2.95774 1.99241e-16)
(25.7576 2.6497 3.31957e-17)
(25.7266 2.85954 8.904e-17)
(25.6907 2.692 7.57983e-17)
(25.6507 2.75341 -1.52757e-16)
(25.6142 2.69278 3.53078e-17)
(25.5744 2.69147 3.59931e-16)
(25.5354 2.66244 -6.54172e-16)
(25.495 2.64594 1.71438e-17)
(25.4545 2.62408 3.05236e-16)
(25.4132 2.6048 3.67884e-16)
(25.3716 2.58496 -4.28337e-17)
(25.3297 2.56601 3.87219e-17)
(25.2876 2.5476 -2.34806e-16)
(25.2456 2.53008 -6.84148e-16)
(25.2038 2.51356 2.60533e-16)
(25.1624 2.49821 7.47829e-16)
(25.1215 2.48423 -6.47027e-16)
(25.0815 2.47176 2.26859e-16)
(25.0425 2.46099 -2.26669e-16)
(25.0047 2.45207 7.81921e-17)
(24.9685 2.44517 -2.11903e-16)
(24.934 2.44039 3.7994e-16)
(24.9015 2.43786 -5.73928e-16)
(24.8711 2.43767 6.24518e-16)
(24.8432 2.43989 -6.71453e-16)
(24.818 2.44453 7.33506e-16)
(24.7955 2.45162 8.45378e-17)
(24.776 2.4611 -4.12974e-16)
(24.7596 2.47293 -6.59823e-17)
(24.7464 2.48699 4.73176e-16)
(24.7365 2.50318 -5.55141e-16)
(24.7299 2.52134 3.31042e-16)
(24.7266 2.54128 1.78981e-16)
(24.7266 2.56282 -2.65744e-17)
(24.7266 2.56282 -2.65744e-17)
(24.6802 2.59166 -2.86399e-16)
(24.6876 2.62136 1.33423e-16)
(24.6983 2.65122 1.50118e-17)
(24.7122 2.68103 9.99989e-17)
(24.729 2.71064 1.53277e-16)
(24.7485 2.73986 7.43632e-17)
(24.7704 2.76855 2.95078e-16)
(24.7944 2.7966 -1.1422e-16)
(24.8203 2.82387 -6.57599e-17)
(24.8479 2.8503 -6.54158e-17)
(24.8768 2.8758 6.66904e-17)
(24.9069 2.90032 -1.27491e-16)
(24.938 2.92382 -8.78834e-17)
(24.9698 2.94628 7.68593e-17)
(24.9698 2.94628 7.68593e-17)
(24.9822 2.99876 1.53966e-16)
(25.0165 3.01814 -1.25246e-16)
(25.0507 3.03635 9.34078e-17)
(25.0846 3.05344 -1.02725e-16)
(25.1179 3.06944 -2.45305e-17)
(25.1505 3.0844 1.36657e-16)
(25.1823 3.09837 2.24037e-17)
(25.2133 3.11141 -9.54636e-18)
(25.2434 3.12357 8.69985e-18)
(25.2434 3.12357 8.69985e-18)
(25.2652 3.15576 4.75866e-17)
(25.2939 3.16515 -5.32171e-18)
(25.3211 3.17379 6.36146e-17)
(25.3465 3.18168 -1.06502e-16)
(25.37 3.18885 -2.04364e-16)
(25.3917 3.19528 -1.69913e-17)
(25.4085 3.2002 -1.00069e-16)
(25.4215 3.20401 -2.4116e-18)
(25.4343 3.20769 -9.29428e-17)
(25.4468 3.2112 -6.83706e-17)
(25.4468 3.2112 -6.83706e-17)
(25.4569 3.22683 1.47726e-16)
(25.4689 3.22907 1.52371e-17)
(25.4799 3.23126 2.08354e-18)
(25.4879 3.23154 -4.58931e-17)
(25.49 3.23171 -4.53765e-18)
(25.4881 3.23554 4.91352e-17)
(25.4751 3.19558 -1.40648e-16)
(25.513 3.32442 5.55786e-17)
(25.5569 2.97286 8.35397e-17)
)
;
    }
    procBoundary2to3
    {
        type            processor;
        value           nonuniform List<vector> 
88
(
(25.5598 3.32915 -1.26852e-16)
(25.6222 2.89346 1.57782e-16)
(25.5177 3.17157 -3.89911e-16)
(25.5598 3.32915 -1.26852e-16)
(25.5111 3.08359 -6.93395e-17)
(25.5481 3.12283 0)
(25.5177 3.17157 -3.89911e-16)
(25.5359 3.11858 -1.52606e-16)
(25.5574 3.07676 -2.20798e-16)
(25.5598 3.09023 4.19018e-18)
(25.5481 3.12283 0)
(25.5598 3.1017 2.94056e-17)
(25.5512 3.00617 1.86339e-17)
(25.5555 3.02084 7.36245e-17)
(25.5586 3.03314 7.34359e-17)
(25.5615 3.04593 -2.49874e-16)
(25.5574 3.07676 -2.20798e-16)
(25.5643 3.05892 6.18286e-17)
(25.5379 2.9083 1.69365e-16)
(25.5443 2.92777 -1.53145e-16)
(25.5504 2.94683 -3.97059e-17)
(25.556 2.96543 -2.39482e-16)
(25.5512 3.00617 1.86339e-17)
(25.561 2.98357 -5.30401e-17)
(25.53 2.76785 -2.20606e-17)
(25.5331 2.78743 -1.06621e-16)
(25.5365 2.8071 -1.80181e-16)
(25.5402 2.82679 6.55826e-17)
(25.5444 2.84648 -2.10066e-17)
(25.549 2.86611 8.26299e-17)
(25.5379 2.9083 1.69365e-16)
(25.5539 2.88562 2.10453e-16)
(25.5702 2.57656 1.74919e-17)
(25.5671 2.59024 -1.00888e-16)
(25.5644 2.60444 -2.78317e-18)
(25.562 2.61915 9.64399e-17)
(25.5599 2.63436 -1.04242e-16)
(25.5583 2.65005 1.6585e-17)
(25.5571 2.66621 7.57638e-18)
(25.5564 2.68281 -2.10618e-17)
(25.5562 2.69983 1.29129e-16)
(25.5565 2.71723 1.82241e-16)
(25.5573 2.73498 1.36403e-17)
(25.53 2.76785 -2.20606e-17)
(25.5585 2.75303 4.94533e-17)
(25.7172 2.39947 2.29733e-18)
(25.7173 2.40006 -1.52981e-19)
(25.7173 2.40154 5.63761e-19)
(25.7171 2.40282 7.59826e-19)
(25.7168 2.40427 3.51875e-19)
(25.7163 2.40575 3.84079e-20)
(25.7157 2.40733 -3.02441e-18)
(25.7149 2.40899 -1.24064e-18)
(25.714 2.41074 2.92713e-18)
(25.7129 2.41258 0)
(25.7117 2.41453 -4.71781e-19)
(25.7103 2.41659 6.66051e-18)
(25.7087 2.41876 2.10363e-19)
(25.7069 2.42106 7.47694e-18)
(25.705 2.4235 7.60658e-19)
(25.7029 2.42607 1.90524e-18)
(25.7006 2.4288 6.08837e-18)
(25.6982 2.4317 3.05011e-18)
(25.6956 2.43477 8.54424e-18)
(25.6929 2.43802 -7.86447e-18)
(25.69 2.44148 -1.16964e-17)
(25.6869 2.44515 4.45861e-18)
(25.6837 2.44904 -2.7376e-18)
(25.6804 2.45318 -8.60663e-18)
(25.677 2.45757 -8.29855e-18)
(25.6734 2.46223 1.63149e-17)
(25.6698 2.46718 -5.73007e-18)
(25.666 2.47243 2.21244e-18)
(25.6622 2.478 -7.93013e-18)
(25.6583 2.4839 1.29705e-17)
(25.6543 2.49016 8.26154e-18)
(25.6503 2.49678 9.89153e-18)
(25.6462 2.50379 2.51413e-17)
(25.6421 2.51121 -1.84906e-17)
(25.638 2.51904 -1.12638e-17)
(25.6339 2.52731 9.45829e-19)
(25.6298 2.53603 -1.33958e-17)
(25.6258 2.54521 -5.4147e-18)
(25.6218 2.55486 -2.43943e-17)
(25.6179 2.56501 8.20667e-18)
(25.6141 2.57565 1.15729e-17)
(25.5702 2.57656 1.74919e-17)
(25.6104 2.58679 -2.68863e-17)
)
;
    }
    procBoundary2to6
    {
        type            processor;
        value           nonuniform List<vector> 
13
(
(12.686 0.750982 2.5495e-17)
(18.4287 1.08705 -2.56044e-17)
(21.1396 1.27175 -4.96117e-18)
(22.6114 1.42465 2.62468e-18)
(23.7136 1.58128 -1.22477e-18)
(24.5527 1.72515 -6.37179e-20)
(25.111 1.85169 -4.90654e-19)
(25.4089 1.9609 -2.06075e-18)
(25.5216 2.05428 1.37727e-18)
(25.5662 2.13655 -1.22139e-18)
(25.6079 2.21125 6.84818e-19)
(25.6506 2.27939 -1.68182e-19)
(25.6873 2.34135 3.67263e-19)
)
;
    }
}


// ************************************************************************* //
