/*--------------------------------*- C++ -*----------------------------------*\
| =========                 |                                                 |
| \\      /  F ield         | OpenFOAM: The Open Source CFD Toolbox           |
|  \\    /   O peration     | Version:  2306                                  |
|   \\  /    A nd           | Website:  www.openfoam.com                      |
|    \\/     M anipulation  |                                                 |
\*---------------------------------------------------------------------------*/
FoamFile
{
    version     2.0;
    format      ascii;
    arch        "LSB;label=32;scalar=64";
    class       volVectorField;
    location    "650";
    object      momentError;
}
// * * * * * * * * * * * * * * * * * * * * * * * * * * * * * * * * * * * * * //

dimensions      [0 1 -2 0 0 0 0];

internalField   nonuniform List<vector> 
1340
(
(5.64223e-09 4.14031e-07 -7.39662e-16)
(1.63669e-07 8.66366e-07 -1.09303e-16)
(1.05052e-07 8.13386e-07 -7.61666e-16)
(2.36729e-07 7.05808e-07 3.80758e-15)
(2.41258e-07 7.55073e-07 -5.74733e-17)
(1.283e-07 7.48617e-07 1.22431e-15)
(2.24067e-07 7.03601e-07 -8.40299e-16)
(2.79176e-07 6.99385e-07 3.98106e-15)
(2.51008e-07 7.5101e-07 3.27879e-16)
(1.19983e-07 7.29445e-07 -1.89476e-15)
(2.45049e-07 7.89476e-07 -1.92696e-15)
(2.25657e-07 7.45917e-07 -1.60869e-15)
(2.42095e-07 7.04691e-07 -1.14752e-15)
(2.71272e-07 7.01715e-07 -1.40695e-15)
(2.24098e-07 7.14333e-07 -3.27567e-16)
(1.11957e-07 7.06939e-07 -1.06215e-15)
(3.55052e-07 9.20646e-07 -6.14265e-16)
(3.1674e-07 8.14647e-07 4.86059e-17)
(2.84943e-07 7.6931e-07 -4.69377e-15)
(2.60335e-07 7.47755e-07 -2.57509e-15)
(2.43725e-07 7.16257e-07 1.25474e-15)
(2.32493e-07 6.98296e-07 -1.57594e-15)
(2.03584e-07 7.01882e-07 -8.49849e-16)
(9.83179e-08 6.88025e-07 2.6612e-15)
(6.11287e-07 1.38456e-06 -3.26936e-15)
(5.23531e-07 1.24219e-06 -4.23872e-15)
(4.30263e-07 1.08084e-06 -2.67336e-15)
(3.76769e-07 9.01437e-07 -6.48489e-18)
(3.73374e-07 8.03724e-07 -1.54766e-16)
(3.20599e-07 7.72308e-07 1.87989e-15)
(2.78306e-07 7.38785e-07 8.19434e-16)
(2.27906e-07 7.12856e-07 -2.12805e-16)
(2.12075e-07 7.0415e-07 7.75838e-16)
(1.79435e-07 6.91821e-07 5.70464e-17)
(8.39609e-08 6.74395e-07 -6.44685e-16)
(9.94604e-07 1.71242e-06 -8.15366e-16)
(8.73396e-07 1.52439e-06 1.23721e-15)
(7.47688e-07 1.40823e-06 3.37326e-16)
(6.48111e-07 1.30791e-06 -3.97566e-16)
(5.51296e-07 1.19383e-06 -1.53645e-15)
(4.70436e-07 1.04386e-06 -2.70432e-15)
(4.08439e-07 9.10553e-07 -5.42606e-16)
(4.05955e-07 7.99987e-07 1.41887e-16)
(3.32021e-07 7.45605e-07 1.94725e-15)
(2.77877e-07 7.34219e-07 4.49706e-16)
(2.2802e-07 7.12657e-07 -1.01406e-15)
(1.93537e-07 7.07656e-07 1.3228e-15)
(1.58548e-07 6.87664e-07 5.05551e-16)
(7.01537e-08 6.63853e-07 8.89298e-16)
(2.11822e-06 1.97456e-06 -1.04905e-15)
(1.79304e-06 1.90458e-06 2.93817e-16)
(1.51027e-06 1.83754e-06 1.17442e-16)
(1.22585e-06 1.71797e-06 -1.09926e-16)
(1.01756e-06 1.58109e-06 -4.5305e-16)
(8.77738e-07 1.44377e-06 2.17502e-15)
(7.70605e-07 1.33283e-06 2.67529e-16)
(6.85967e-07 1.25817e-06 9.0393e-16)
(5.87067e-07 1.14265e-06 -1.61446e-16)
(5.09527e-07 1.00915e-06 1.19923e-15)
(4.51215e-07 8.79433e-07 5.01644e-16)
(4.02963e-07 7.92027e-07 -1.66792e-16)
(3.4941e-07 7.35018e-07 -1.35732e-15)
(2.90518e-07 7.1957e-07 -3.62283e-16)
(2.30135e-07 7.05346e-07 5.21661e-16)
(1.8417e-07 7.07992e-07 -8.03853e-16)
(1.41688e-07 6.82574e-07 1.34952e-16)
(5.94779e-08 6.55899e-07 2.69295e-16)
(4.24015e-06 1.09626e-06 -9.97605e-16)
(3.8243e-06 1.23481e-06 -1.96761e-16)
(3.32216e-06 1.38475e-06 1.45625e-16)
(2.93426e-06 1.52519e-06 1.44021e-15)
(2.46331e-06 1.58472e-06 -1.2886e-16)
(2.10594e-06 1.61597e-06 -8.38466e-16)
(1.76991e-06 1.66854e-06 1.59349e-15)
(1.48485e-06 1.59873e-06 5.30193e-16)
(1.23847e-06 1.54979e-06 1.06274e-16)
(1.04513e-06 1.45944e-06 3.03783e-16)
(8.87909e-07 1.34178e-06 -4.85143e-16)
(7.98449e-07 1.26482e-06 -6.72412e-17)
(6.99416e-07 1.18333e-06 -1.9069e-15)
(6.07679e-07 1.08525e-06 -2.87817e-16)
(5.30014e-07 9.71737e-07 2.21566e-16)
(4.69427e-07 8.61767e-07 -4.57906e-16)
(4.17176e-07 7.7137e-07 6.36184e-17)
(3.60511e-07 7.13355e-07 -4.45176e-16)
(3.00807e-07 7.05109e-07 -1.88455e-16)
(2.36336e-07 6.92944e-07 2.8291e-17)
(1.8102e-07 7.02124e-07 -1.03146e-15)
(1.30314e-07 6.76877e-07 -1.56654e-16)
(5.20286e-08 6.47175e-07 -1.50211e-15)
(6.1913e-06 -1.57892e-06 1.20366e-16)
(5.89496e-06 -1.10857e-06 -2.1152e-16)
(5.5763e-06 -6.92386e-07 5.66135e-17)
(5.24148e-06 -3.29199e-07 -1.62225e-16)
(4.87885e-06 -3.22879e-08 -6.50227e-16)
(4.5329e-06 2.53981e-07 2.20258e-16)
(4.1475e-06 4.5254e-07 1.53084e-16)
(3.78806e-06 6.4245e-07 -1.10366e-15)
(3.40882e-06 7.99711e-07 -2.67571e-16)
(3.07216e-06 9.75783e-07 -3.24916e-16)
(2.70066e-06 1.13575e-06 -4.48937e-16)
(2.35121e-06 1.22239e-06 -4.23392e-17)
(2.05498e-06 1.33212e-06 1.17027e-15)
(1.73859e-06 1.36259e-06 6.60853e-16)
(1.46177e-06 1.40882e-06 -2.06316e-16)
(1.24382e-06 1.37502e-06 2.76169e-16)
(1.0321e-06 1.30999e-06 2.98702e-17)
(9.03148e-07 1.24188e-06 -8.30269e-17)
(7.9826e-07 1.18148e-06 -3.35767e-17)
(7.05931e-07 1.11775e-06 1.08009e-15)
(6.1331e-07 1.0323e-06 1.17893e-15)
(5.38829e-07 9.30754e-07 4.41838e-17)
(4.77668e-07 8.2755e-07 4.83616e-16)
(4.21503e-07 7.51873e-07 -7.66158e-17)
(3.67573e-07 6.95978e-07 9.60667e-16)
(3.08235e-07 6.82188e-07 6.34035e-16)
(2.43575e-07 6.74381e-07 1.15784e-16)
(1.81282e-07 6.90842e-07 2.16755e-16)
(1.23329e-07 6.65677e-07 1.02914e-15)
(4.76303e-08 6.37296e-07 4.72832e-16)
(4.7159e-06 -6.98894e-06 -1.74717e-17)
(4.8071e-06 -6.70325e-06 -1.88773e-18)
(4.89347e-06 -6.30527e-06 -2.15045e-18)
(4.99277e-06 -5.91277e-06 1.58932e-17)
(5.07442e-06 -5.49426e-06 2.53911e-17)
(5.15325e-06 -5.08305e-06 1.17448e-16)
(5.21368e-06 -4.60714e-06 2.50332e-17)
(5.25388e-06 -4.13753e-06 4.81495e-17)
(5.26626e-06 -3.63908e-06 5.10627e-18)
(5.24055e-06 -3.1633e-06 -2.01817e-16)
(5.18612e-06 -2.68818e-06 -7.92446e-17)
(5.08708e-06 -2.21509e-06 -2.45072e-16)
(4.95437e-06 -1.75689e-06 -2.00374e-16)
(4.77829e-06 -1.35327e-06 -3.5251e-16)
(4.58267e-06 -9.74778e-07 1.52842e-16)
(4.35452e-06 -6.65039e-07 -3.58813e-16)
(4.1118e-06 -3.6124e-07 -4.20556e-17)
(3.86074e-06 -1.20296e-07 4.86963e-16)
(3.57623e-06 9.80558e-08 -1.47107e-16)
(3.32941e-06 2.92224e-07 6.30361e-16)
(3.03741e-06 4.86933e-07 -9.12747e-17)
(2.80349e-06 6.39548e-07 -2.34211e-17)
(2.49386e-06 7.96231e-07 1.39112e-16)
(2.25128e-06 9.33512e-07 8.24779e-17)
(1.96913e-06 1.02372e-06 -4.60902e-16)
(1.70815e-06 1.11656e-06 -7.79489e-16)
(1.46755e-06 1.1573e-06 1.73673e-16)
(1.23597e-06 1.19136e-06 -5.153e-16)
(1.0512e-06 1.17392e-06 -1.48761e-16)
(9.10571e-07 1.12933e-06 3.54882e-17)
(8.02141e-07 1.09361e-06 3.79422e-17)
(7.00196e-07 1.03822e-06 8.91028e-16)
(6.09691e-07 9.69776e-07 -3.64324e-16)
(5.35833e-07 8.91025e-07 5.19839e-16)
(4.75516e-07 8.02405e-07 -6.75764e-16)
(4.19057e-07 7.24399e-07 2.24067e-16)
(3.6706e-07 6.69833e-07 -6.80932e-16)
(3.1139e-07 6.61741e-07 1.0484e-15)
(2.47049e-07 6.52909e-07 9.38497e-16)
(1.82072e-07 6.73206e-07 -1.81504e-17)
(1.19226e-07 6.52222e-07 -1.36186e-16)
(4.53678e-08 6.24312e-07 8.39012e-17)
(-4.21572e-06 -4.60571e-06 -1.75115e-17)
(3.71363e-06 -7.31107e-06 1.36802e-17)
(-2.67262e-06 -8.13416e-06 -3.83356e-17)
(-9.85806e-06 -7.477e-06 -5.97151e-18)
(9.65664e-07 -9.30501e-06 2.98055e-17)
(-4.19798e-06 -1.13504e-05 -1.796e-17)
(2.01062e-06 -9.99313e-06 -4.17217e-17)
(-6.37788e-06 -9.89226e-06 1.16899e-17)
(-1.17947e-05 -9.62844e-06 1.54e-17)
(-1.67685e-05 -9.73126e-06 -4.60346e-17)
(-2.06928e-05 -9.59836e-06 -3.38482e-17)
(-2.38868e-05 -9.70623e-06 -6.71939e-18)
(-2.47929e-05 -9.74612e-06 -1.59018e-17)
(-2.27236e-05 -9.66276e-06 4.95162e-17)
(-1.71975e-05 -9.23054e-06 5.15885e-17)
(-8.89645e-06 -8.43351e-06 -8.08647e-17)
(5.04059e-07 -7.49225e-06 -1.41932e-16)
(8.40307e-06 -6.65518e-06 -2.56435e-17)
(1.33122e-05 -6.82351e-06 3.23782e-17)
(4.01534e-05 -5.76491e-06 -2.36322e-17)
(0.000193327 2.77499e-05 2.10242e-17)
(0.000237542 7.54685e-05 -4.9291e-17)
(-0.000338037 -5.10896e-05 1.20965e-16)
(-0.000124245 -4.04027e-05 -9.95886e-17)
(3.9167e-05 -5.12866e-06 -1.44302e-16)
(-5.57518e-06 -1.13334e-05 -1.32776e-17)
(-2.91834e-06 -1.18848e-05 -1.71579e-18)
(1.85099e-06 -1.18356e-05 -8.08785e-17)
(1.96499e-06 -1.18377e-05 -8.39571e-18)
(2.05974e-06 -1.12236e-05 -3.13472e-17)
(2.25631e-06 -1.04408e-05 1.78891e-17)
(2.40975e-06 -9.62669e-06 1.37511e-16)
(2.6763e-06 -8.97962e-06 1.38776e-17)
(2.84947e-06 -8.43041e-06 6.30451e-17)
(3.06493e-06 -8.0006e-06 -3.02481e-17)
(3.16009e-06 -7.63096e-06 1.2682e-17)
(3.3372e-06 -7.10786e-06 2.63325e-17)
(3.37149e-06 -6.6382e-06 1.45748e-17)
(3.48528e-06 -6.33784e-06 -1.31083e-18)
(3.53945e-06 -5.8828e-06 4.73957e-21)
(3.6485e-06 -5.48423e-06 4.25163e-17)
(3.69682e-06 -5.05951e-06 2.75589e-17)
(3.79827e-06 -4.6479e-06 6.3477e-17)
(3.8448e-06 -4.2083e-06 2.43414e-17)
(3.92016e-06 -3.78983e-06 6.31983e-17)
(3.94157e-06 -3.3683e-06 -9.21358e-17)
(3.97407e-06 -2.96664e-06 -3.25751e-16)
(3.95976e-06 -2.56371e-06 2.58577e-16)
(3.94511e-06 -2.18254e-06 -3.07495e-17)
(3.87608e-06 -1.79834e-06 1.10981e-16)
(3.79651e-06 -1.4533e-06 1.04518e-16)
(3.68431e-06 -1.13045e-06 5.71934e-17)
(3.55026e-06 -8.41665e-07 1.23007e-16)
(3.41198e-06 -5.80881e-07 3.44977e-17)
(3.2363e-06 -3.42892e-07 -1.65828e-16)
(3.08374e-06 -1.40737e-07 -9.43907e-17)
(2.89346e-06 5.20191e-08 2.33117e-16)
(2.72355e-06 2.15581e-07 2.15779e-17)
(2.51329e-06 3.90802e-07 2.08553e-16)
(2.33331e-06 5.34324e-07 -5.0376e-17)
(2.10773e-06 6.65215e-07 -2.16214e-16)
(1.89619e-06 7.71676e-07 -6.23669e-16)
(1.68128e-06 8.57049e-07 -5.69441e-16)
(1.47031e-06 9.52706e-07 4.374e-16)
(1.2737e-06 9.9069e-07 -3.18395e-16)
(1.07231e-06 1.0056e-06 1.5453e-16)
(9.30533e-07 9.95709e-07 -2.87185e-16)
(8.11365e-07 9.79093e-07 -2.06873e-16)
(7.06139e-07 9.50556e-07 -5.60395e-16)
(6.14536e-07 9.06351e-07 -5.06377e-16)
(5.32854e-07 8.42024e-07 -9.13032e-16)
(4.66763e-07 7.62068e-07 4.07669e-16)
(4.10395e-07 7.00107e-07 -2.6927e-16)
(3.58666e-07 6.50661e-07 7.43574e-16)
(3.06826e-07 6.34831e-07 2.62327e-16)
(2.45631e-07 6.2785e-07 -5.61151e-17)
(1.82211e-07 6.52264e-07 1.63644e-16)
(1.16025e-07 6.32931e-07 -2.78212e-16)
(4.54034e-08 6.08636e-07 -1.26747e-16)
(1.67905e-05 -1.34638e-05 1.5471e-17)
(1.80129e-05 -1.50687e-05 -1.68926e-17)
(1.0901e-05 -1.29056e-05 -3.54636e-17)
(8.9498e-06 -1.20801e-05 3.1629e-18)
(8.60349e-06 -1.32584e-05 1.77769e-17)
(8.5155e-06 -1.32289e-05 -6.07685e-18)
(7.89897e-06 -1.2769e-05 -4.20731e-18)
(7.27146e-06 -1.19406e-05 -8.26916e-18)
(2.0553e-06 -1.19051e-05 -3.43204e-18)
(-2.38574e-06 -1.1881e-05 -1.66269e-17)
(-6.22941e-07 -1.09448e-05 -2.33098e-17)
(-6.55609e-06 -1.21417e-05 1.3982e-17)
(-8.90479e-06 -1.21025e-05 -8.29151e-18)
(-1.20672e-05 -1.26943e-05 -4.66528e-18)
(-1.28348e-05 -1.28301e-05 1.17078e-17)
(-1.11832e-05 -1.25517e-05 -4.29144e-17)
(-6.79146e-06 -1.17505e-05 2.0843e-17)
(-4.22823e-07 -1.05801e-05 3.46108e-17)
(8.52773e-06 -9.04143e-06 -4.05517e-17)
(3.84047e-05 -2.16346e-06 -4.1697e-17)
(6.46647e-05 1.16417e-05 -4.42422e-17)
(-0.000136991 -2.68983e-05 6.13373e-18)
(-5.89337e-05 -4.87111e-05 3.61487e-17)
(9.30696e-05 -4.78565e-06 -5.43161e-17)
(5.61737e-05 -3.97939e-06 1.90513e-17)
(-1.80461e-06 -9.57333e-06 -1.87365e-17)
(-4.29973e-06 -9.5044e-06 2.28571e-18)
(-9.63577e-07 -9.16003e-06 -3.89767e-17)
(-5.72568e-07 -9.04578e-06 1.40016e-17)
(3.6394e-08 -8.71011e-06 -1.9551e-17)
(4.5978e-07 -8.24385e-06 5.31453e-17)
(6.80942e-07 -7.78636e-06 2.50419e-17)
(9.43475e-07 -7.3791e-06 -1.93722e-17)
(1.21453e-06 -7.07551e-06 -2.47802e-17)
(1.50195e-06 -6.8209e-06 -2.88731e-17)
(1.72849e-06 -6.56192e-06 1.78009e-17)
(1.94801e-06 -6.30859e-06 1.95952e-17)
(2.06385e-06 -6.02085e-06 7.68186e-19)
(2.22218e-06 -5.62751e-06 -1.74152e-17)
(2.33017e-06 -5.28499e-06 1.97817e-18)
(2.45207e-06 -4.90949e-06 -2.243e-17)
(2.54187e-06 -4.55228e-06 -1.62089e-17)
(2.64548e-06 -4.16739e-06 -1.03025e-17)
(2.7197e-06 -3.8087e-06 -6.21814e-18)
(2.80135e-06 -3.43354e-06 -2.56728e-17)
(2.85564e-06 -3.08019e-06 -1.32903e-17)
(2.91324e-06 -2.71668e-06 1.0877e-16)
(2.94444e-06 -2.37843e-06 1.79307e-16)
(2.9715e-06 -2.04038e-06 1.10018e-16)
(2.97143e-06 -1.73772e-06 5.3623e-17)
(2.95791e-06 -1.43914e-06 -3.65495e-18)
(2.91924e-06 -1.17024e-06 4.34596e-17)
(2.86523e-06 -9.15044e-07 -6.80903e-18)
(2.79327e-06 -6.83172e-07 1.12279e-17)
(2.70843e-06 -4.70025e-07 8.73654e-17)
(2.60876e-06 -2.77907e-07 2.77098e-16)
(2.50256e-06 -1.11959e-07 -4.87245e-16)
(2.38002e-06 5.72713e-08 7.24743e-17)
(2.25835e-06 2.01092e-07 -1.72208e-16)
(2.10315e-06 3.39386e-07 5.16995e-16)
(1.95487e-06 4.50522e-07 -4.47503e-19)
(1.78405e-06 5.62353e-07 4.14216e-16)
(1.62644e-06 6.65965e-07 6.97287e-16)
(1.44935e-06 7.37938e-07 -3.77808e-16)
(1.26483e-06 7.9892e-07 3.9197e-16)
(1.09055e-06 8.30288e-07 -2.33574e-16)
(9.52098e-07 8.47527e-07 -3.25908e-16)
(8.32589e-07 8.55828e-07 -1.7689e-16)
(7.26291e-07 8.44965e-07 1.11423e-16)
(6.22851e-07 8.20344e-07 8.70954e-16)
(5.36375e-07 7.79794e-07 9.33037e-16)
(4.59477e-07 7.25016e-07 -4.54343e-17)
(3.92381e-07 6.67059e-07 -3.1135e-16)
(3.41618e-07 6.21988e-07 -5.77948e-17)
(2.95007e-07 6.13833e-07 -1.41476e-15)
(2.3936e-07 6.0345e-07 1.53367e-17)
(1.79818e-07 6.27585e-07 -5.91438e-16)
(1.13356e-07 6.1247e-07 -1.24627e-16)
(4.61387e-08 5.89311e-07 1.8108e-16)
(2.29423e-05 -2.03451e-05 -8.97751e-18)
(2.04956e-05 -1.95275e-05 -8.12149e-18)
(1.41258e-05 -1.51419e-05 7.41553e-18)
(1.17444e-05 -1.36615e-05 -8.07589e-19)
(1.07242e-05 -1.33753e-05 -1.58421e-17)
(9.55754e-06 -1.3284e-05 1.07036e-17)
(9.77375e-06 -1.27648e-05 6.22129e-18)
(1.0964e-05 -1.19529e-05 -1.51458e-17)
(1.26899e-05 -1.2478e-05 5.96284e-18)
(-2.53672e-05 -1.04646e-06 -9.28611e-18)
(2.77876e-05 -4.72828e-06 9.16652e-18)
(-5.01423e-06 -1.05805e-05 -9.33193e-18)
(1.21946e-05 -7.26216e-06 -2.78502e-17)
(8.51265e-07 -1.04045e-05 3.89459e-18)
(-5.58387e-07 -1.09515e-05 1.1095e-17)
(-3.92605e-06 -1.17509e-05 -1.17588e-18)
(-5.66843e-06 -1.18839e-05 2.2333e-17)
(-5.82072e-06 -1.14787e-05 -5.00813e-17)
(-3.87034e-06 -1.02359e-05 -2.77262e-17)
(8.58532e-07 -7.2907e-06 1.99445e-18)
(-1.26243e-05 -9.57194e-06 -1.53155e-18)
(-3.47476e-05 -2.04611e-05 2.21681e-17)
(1.43279e-05 -4.24856e-06 -7.51373e-17)
(1.06751e-05 -3.74386e-06 1.34963e-16)
(1.98554e-05 -4.09513e-06 1.85138e-17)
(1.15056e-05 -3.28197e-06 1.35542e-17)
(-2.81495e-06 -6.50487e-06 2.36722e-17)
(-2.95415e-06 -7.0472e-06 4.78767e-17)
(-2.69491e-06 -7.11735e-06 1.16044e-17)
(-1.99685e-06 -6.92099e-06 2.33192e-17)
(-1.19978e-06 -6.48908e-06 -1.57452e-17)
(-6.89425e-07 -6.04851e-06 -5.03631e-17)
(-4.10458e-07 -5.71706e-06 2.22748e-18)
(-1.6416e-07 -5.53755e-06 1.27148e-17)
(7.25033e-08 -5.43828e-06 3.98963e-17)
(3.48677e-07 -5.35648e-06 -2.15367e-17)
(5.82996e-07 -5.21636e-06 2.14259e-18)
(8.29928e-07 -5.03871e-06 -2.09667e-17)
(1.0163e-06 -4.80669e-06 1.08577e-17)
(1.20211e-06 -4.5467e-06 -2.57942e-19)
(1.3541e-06 -4.25455e-06 -9.49253e-18)
(1.50957e-06 -3.95974e-06 -6.48344e-18)
(1.63764e-06 -3.64414e-06 3.98262e-19)
(1.76728e-06 -3.33454e-06 -8.84542e-18)
(1.87414e-06 -3.0158e-06 -5.07785e-18)
(1.98007e-06 -2.71374e-06 5.07604e-17)
(2.06605e-06 -2.40967e-06 2.68514e-17)
(2.14627e-06 -2.12452e-06 -6.16945e-17)
(2.20759e-06 -1.84551e-06 3.28639e-17)
(2.25781e-06 -1.58477e-06 1.40202e-17)
(2.28981e-06 -1.33726e-06 6.48568e-17)
(2.30482e-06 -1.11313e-06 -1.51652e-16)
(2.30433e-06 -9.00112e-07 9.97267e-18)
(2.28412e-06 -7.0126e-07 1.50208e-17)
(2.24931e-06 -5.18703e-07 7.30427e-17)
(2.19756e-06 -3.4952e-07 -8.39771e-17)
(2.13497e-06 -1.93434e-07 1.70405e-16)
(2.06227e-06 -5.0975e-08 6.88838e-17)
(1.9696e-06 7.9644e-08 -1.00134e-16)
(1.87383e-06 1.93943e-07 1.41112e-16)
(1.75674e-06 3.08986e-07 3.42884e-17)
(1.6473e-06 4.07525e-07 5.54323e-16)
(1.50998e-06 4.95316e-07 -1.17231e-18)
(1.37413e-06 5.73152e-07 -3.24974e-16)
(1.22553e-06 6.27523e-07 5.01665e-16)
(1.07815e-06 6.76089e-07 3.6792e-18)
(9.56826e-07 7.01836e-07 -2.66867e-16)
(8.44016e-07 7.20994e-07 1.79638e-16)
(7.38545e-07 7.28641e-07 -5.48697e-17)
(6.36027e-07 7.27778e-07 3.90354e-16)
(5.36144e-07 7.06862e-07 2.13989e-17)
(4.43897e-07 6.60541e-07 -3.20067e-17)
(3.74592e-07 6.30285e-07 2.90369e-16)
(3.2001e-07 6.02846e-07 -1.81356e-18)
(2.76642e-07 5.88646e-07 -6.6803e-17)
(2.28547e-07 5.78519e-07 -1.09654e-16)
(1.7362e-07 6.03117e-07 -3.59857e-16)
(1.09202e-07 5.87921e-07 2.32566e-16)
(4.6491e-08 5.68046e-07 -3.41118e-16)
(2.04157e-05 -2.18274e-05 8.71039e-18)
(1.57126e-05 -1.98965e-05 4.41152e-18)
(9.02087e-06 -1.49254e-05 -1.27146e-17)
(7.6414e-06 -1.29821e-05 -1.30059e-17)
(6.51271e-06 -1.20151e-05 1.70481e-17)
(5.58461e-06 -1.14996e-05 -1.03028e-17)
(6.67342e-06 -1.10176e-05 6.7578e-18)
(2.49026e-05 -1.00664e-05 2.27002e-17)
(0.000238182 -8.38713e-06 -5.35696e-18)
(-0.000181848 -9.95298e-06 4.02367e-18)
(6.53167e-06 9.04871e-06 -2.0449e-18)
(-7.59235e-05 -2.2268e-05 3.06641e-18)
(5.48615e-05 9.39738e-07 1.72371e-17)
(-1.32397e-05 -9.86853e-06 -6.90655e-18)
(1.05e-05 -7.36252e-06 -4.67225e-17)
(5.66509e-06 -8.56127e-06 -1.85651e-17)
(4.55291e-06 -8.99409e-06 -1.9842e-17)
(1.12045e-06 -9.37991e-06 1.89727e-18)
(-2.62164e-06 -9.46447e-06 1.64512e-17)
(-5.64671e-06 -9.43315e-06 -7.02438e-18)
(-8.05114e-08 -8.77335e-06 2.54434e-17)
(2.96083e-05 -1.10618e-06 -4.14433e-17)
(-6.13369e-06 -2.91943e-06 7.03393e-17)
(-4.20548e-05 -1.31756e-05 -6.20303e-17)
(-6.85093e-06 -6.66431e-06 -6.61772e-17)
(8.92277e-06 -3.32059e-06 -2.12782e-17)
(-7.46404e-07 -4.552e-06 -7.68598e-18)
(-3.32472e-06 -5.35026e-06 -6.10705e-18)
(-3.77506e-06 -5.57234e-06 3.54603e-18)
(-4.07171e-06 -5.54246e-06 -1.50709e-17)
(-3.50349e-06 -5.17989e-06 -3.93124e-18)
(-2.67081e-06 -4.69377e-06 3.74115e-17)
(-1.99399e-06 -4.27409e-06 2.17167e-17)
(-1.54431e-06 -4.01818e-06 5.6595e-18)
(-1.22321e-06 -3.90099e-06 -7.04256e-17)
(-9.40257e-07 -3.86165e-06 2.32003e-18)
(-6.56712e-07 -3.82731e-06 -1.25054e-19)
(-3.78494e-07 -3.7608e-06 2.10997e-18)
(-1.11049e-07 -3.64154e-06 1.07936e-17)
(1.38786e-07 -3.49047e-06 2.22265e-18)
(3.7035e-07 -3.30892e-06 -7.26969e-18)
(5.8433e-07 -3.12183e-06 -6.64472e-18)
(7.8247e-07 -2.91322e-06 -1.58091e-17)
(9.63774e-07 -2.70511e-06 -3.74447e-18)
(1.13069e-06 -2.47856e-06 -2.9246e-18)
(1.28079e-06 -2.2539e-06 -1.62898e-17)
(1.41677e-06 -2.02121e-06 8.55843e-18)
(1.53587e-06 -1.79878e-06 -1.95214e-17)
(1.63992e-06 -1.57664e-06 -1.19937e-16)
(1.72553e-06 -1.37586e-06 8.39569e-17)
(1.79431e-06 -1.18196e-06 3.1356e-17)
(1.84434e-06 -1.00187e-06 -1.21255e-18)
(1.87685e-06 -8.31365e-07 1.51427e-17)
(1.89076e-06 -6.73988e-07 2.37745e-17)
(1.88702e-06 -5.21705e-07 -3.12982e-16)
(1.86709e-06 -3.79201e-07 -7.2997e-19)
(1.83217e-06 -2.46492e-07 5.12742e-17)
(1.78396e-06 -1.21026e-07 -2.57901e-17)
(1.7241e-06 -5.97863e-09 1.44208e-16)
(1.65297e-06 1.00918e-07 -6.93681e-16)
(1.57587e-06 1.97381e-07 2.00758e-16)
(1.48079e-06 2.90321e-07 1.2048e-16)
(1.38485e-06 3.70972e-07 -8.05135e-16)
(1.27318e-06 4.37768e-07 3.44095e-16)
(1.15596e-06 4.93185e-07 -3.09712e-16)
(1.03644e-06 5.41296e-07 8.08308e-17)
(9.28376e-07 5.74709e-07 -1.95273e-16)
(8.30515e-07 5.98276e-07 2.04208e-16)
(7.32348e-07 6.15962e-07 1.47462e-16)
(6.28663e-07 6.20964e-07 -2.18771e-16)
(5.25688e-07 6.12034e-07 -3.43038e-16)
(4.34337e-07 6.01444e-07 -2.10695e-17)
(3.63022e-07 5.83241e-07 -4.79777e-16)
(3.02344e-07 5.66074e-07 -8.80616e-17)
(2.58375e-07 5.68674e-07 1.054e-15)
(2.12928e-07 5.55819e-07 -2.66503e-16)
(1.62631e-07 5.76702e-07 8.22863e-16)
(1.01823e-07 5.64861e-07 -6.15662e-16)
(4.44182e-08 5.44867e-07 2.54884e-16)
(9.95846e-06 -1.98824e-05 -7.32051e-18)
(4.41471e-06 -1.74798e-05 1.28217e-18)
(1.74427e-07 -1.29761e-05 -1.95515e-18)
(-2.45342e-07 -1.04586e-05 -5.79602e-18)
(-6.31803e-07 -8.81365e-06 -1.81557e-17)
(-9.83293e-07 -7.90841e-06 8.1581e-18)
(-1.06672e-06 -7.43897e-06 2.43823e-18)
(-9.72434e-07 -6.841e-06 -1.87066e-17)
(-2.61622e-05 -6.85042e-06 3.65423e-18)
(1.37929e-06 -1.32862e-05 1.28717e-18)
(2.15798e-06 -4.79754e-06 2.86494e-18)
(2.22051e-05 -2.30626e-06 -1.32625e-18)
(-6.56484e-06 -8.53475e-07 -9.71948e-18)
(1.62785e-05 -8.82217e-07 -4.17471e-18)
(1.65578e-06 -4.3169e-06 8.25351e-18)
(1.47563e-05 -2.48352e-06 1.51331e-17)
(1.23788e-05 -3.98929e-06 3.8164e-18)
(1.27326e-05 -4.25031e-06 1.18448e-17)
(9.3896e-06 -4.87781e-06 -2.26648e-17)
(4.77418e-06 -5.27287e-06 6.80683e-18)
(9.7132e-08 -4.96165e-06 1.30009e-17)
(-9.91839e-06 -5.49417e-06 2.73916e-17)
(-1.6774e-05 -9.09418e-06 -2.71619e-17)
(-1.62916e-05 -8.99099e-06 -6.04768e-17)
(-4.8055e-06 -5.48793e-06 4.27799e-17)
(3.2049e-06 -2.69293e-06 2.02238e-17)
(-7.21498e-07 -2.56107e-06 1.94494e-18)
(-1.98829e-06 -2.86999e-06 -2.8696e-18)
(-1.78706e-06 -2.97576e-06 4.90216e-18)
(-2.78872e-06 -3.07873e-06 1.61385e-17)
(-3.64352e-06 -3.01832e-06 -3.42433e-19)
(-3.7202e-06 -2.78488e-06 -2.45272e-17)
(-3.24435e-06 -2.48298e-06 -3.44363e-17)
(-2.63381e-06 -2.25871e-06 -2.31354e-17)
(-2.09739e-06 -2.1584e-06 5.31903e-17)
(-1.70287e-06 -2.17036e-06 1.68628e-17)
(-1.38628e-06 -2.2151e-06 -8.3968e-18)
(-1.10426e-06 -2.24762e-06 -1.29457e-18)
(-8.38522e-07 -2.23362e-06 1.11976e-18)
(-5.80838e-07 -2.19059e-06 -5.73189e-18)
(-3.36366e-07 -2.1209e-06 -6.02702e-18)
(-1.00973e-07 -2.04117e-06 3.91216e-18)
(1.2075e-07 -1.94278e-06 1.86972e-18)
(3.31103e-07 -1.83499e-06 1.91098e-18)
(5.2499e-07 -1.70963e-06 -9.20002e-18)
(7.02799e-07 -1.58434e-06 -6.20422e-18)
(8.62253e-07 -1.44555e-06 5.53137e-17)
(1.00358e-06 -1.31295e-06 -8.49123e-18)
(1.12683e-06 -1.17556e-06 7.27752e-18)
(1.23139e-06 -1.04524e-06 -7.25773e-17)
(1.31845e-06 -9.16067e-07 -4.06284e-18)
(1.38656e-06 -7.9933e-07 -2.32877e-17)
(1.43883e-06 -6.82159e-07 7.36008e-17)
(1.4736e-06 -5.69014e-07 3.76532e-18)
(1.49313e-06 -4.5983e-07 -2.01351e-16)
(1.49656e-06 -3.52908e-07 9.98184e-17)
(1.48611e-06 -2.48025e-07 -1.07639e-17)
(1.46317e-06 -1.4755e-07 -1.40938e-16)
(1.42767e-06 -5.30839e-08 1.39831e-16)
(1.38275e-06 3.60405e-08 1.96053e-16)
(1.32692e-06 1.19388e-07 2.22777e-16)
(1.26313e-06 1.97744e-07 -6.48523e-17)
(1.18915e-06 2.67194e-07 2.01689e-16)
(1.10668e-06 3.25624e-07 -3.05805e-16)
(1.01796e-06 3.7506e-07 3.08945e-17)
(9.22592e-07 4.23337e-07 -1.28289e-16)
(8.39254e-07 4.54813e-07 4.2815e-16)
(7.55057e-07 4.78678e-07 1.1559e-17)
(6.74812e-07 4.93485e-07 1.74921e-18)
(5.89306e-07 5.10118e-07 -3.62056e-16)
(4.99973e-07 5.18813e-07 1.26633e-16)
(4.22078e-07 5.12149e-07 8.9528e-17)
(3.46525e-07 5.2105e-07 5.12766e-16)
(2.95014e-07 5.22933e-07 1.1585e-16)
(2.39776e-07 5.29687e-07 -1.08906e-15)
(1.91789e-07 5.2436e-07 -2.84458e-16)
(1.45427e-07 5.47614e-07 -1.41966e-16)
(8.84687e-08 5.36559e-07 1.93989e-16)
(3.89027e-08 5.22256e-07 3.55136e-16)
(-6.53856e-06 -1.02342e-05 -4.31919e-18)
(-1.02456e-05 -9.23586e-06 -3.26215e-18)
(-9.31489e-06 -7.97819e-06 9.26432e-18)
(-8.62866e-06 -6.31868e-06 2.76989e-18)
(-8.16162e-06 -4.96971e-06 -5.17841e-18)
(-7.67523e-06 -4.0043e-06 -1.67397e-17)
(-7.08229e-06 -3.59093e-06 -7.59535e-18)
(-5.91426e-06 -3.39236e-06 1.33024e-17)
(-2.87905e-06 -3.18038e-06 -8.53152e-18)
(-8.17133e-06 -2.0873e-06 -1.11047e-17)
(-6.52634e-07 -1.42909e-06 4.24099e-18)
(9.48739e-05 -1.19191e-06 9.34674e-20)
(-8.38984e-05 -1.0377e-06 8.42327e-18)
(7.6267e-06 6.42791e-06 -4.33307e-18)
(-3.93277e-05 -8.51515e-06 -1.52272e-18)
(3.07061e-05 3.20329e-06 1.99286e-17)
(-5.43326e-06 -2.87839e-06 3.48955e-17)
(1.25544e-05 -7.55046e-07 -1.08185e-17)
(1.11948e-05 -1.41478e-06 3.77941e-18)
(1.15629e-05 -1.40998e-06 1.15127e-17)
(8.06012e-06 -1.71174e-06 2.065e-18)
(2.90888e-06 -2.35816e-06 3.76946e-18)
(-2.94147e-06 -3.12026e-06 5.94174e-18)
(-8.26103e-06 -3.7826e-06 5.68112e-17)
(-9.42697e-06 -3.15637e-06 2.01905e-17)
(-7.37804e-06 -2.21613e-06 -4.37411e-19)
(-6.87105e-06 -1.91275e-06 9.06403e-18)
(-5.39e-06 -1.77454e-06 1.20116e-18)
(-2.64755e-06 -1.51702e-06 1.41973e-17)
(-1.04333e-06 -1.31969e-06 -1.93271e-18)
(-9.23175e-07 -1.21396e-06 -2.46178e-17)
(-1.43845e-06 -1.11401e-06 -2.72974e-17)
(-1.85369e-06 -9.68123e-07 1.81651e-17)
(-2.07162e-06 -8.8823e-07 8.53072e-18)
(-1.67682e-06 -8.31465e-07 -2.91696e-18)
(-1.44213e-06 -8.54755e-07 -3.01197e-18)
(-1.1343e-06 -8.99991e-07 8.39887e-18)
(-8.89143e-07 -9.69657e-07 8.83917e-18)
(-6.71295e-07 -1.02222e-06 -8.44745e-18)
(-4.84479e-07 -1.05066e-06 8.77036e-18)
(-3.13134e-07 -1.04898e-06 1.29256e-17)
(-1.49513e-07 -1.0374e-06 6.61123e-18)
(7.24139e-09 -1.02145e-06 -4.98476e-18)
(1.5696e-07 -1.01242e-06 -1.87325e-18)
(2.97856e-07 -9.9735e-07 -6.03832e-18)
(4.2861e-07 -9.76824e-07 1.63859e-17)
(5.49177e-07 -9.42531e-07 3.21945e-17)
(6.57454e-07 -9.00668e-07 -1.61348e-17)
(7.55714e-07 -8.49213e-07 1.66029e-17)
(8.40623e-07 -7.99999e-07 2.05212e-17)
(9.15706e-07 -7.41232e-07 2.91292e-17)
(9.77562e-07 -6.76464e-07 3.75346e-17)
(1.03018e-06 -6.05471e-07 -1.41533e-18)
(1.0689e-06 -5.33173e-07 2.1119e-17)
(1.09766e-06 -4.56561e-07 8.46237e-17)
(1.11343e-06 -3.79231e-07 -2.88217e-17)
(1.11857e-06 -2.99286e-07 -9.74032e-18)
(1.11259e-06 -2.18175e-07 1.52076e-16)
(1.09662e-06 -1.38546e-07 5.02485e-19)
(1.07257e-06 -6.0966e-08 1.22919e-16)
(1.03859e-06 1.34871e-08 -3.38056e-16)
(9.98762e-07 8.52815e-08 -1.05922e-16)
(9.49023e-07 1.5021e-07 -2.16667e-17)
(8.94749e-07 2.0697e-07 -2.0869e-16)
(8.33175e-07 2.56606e-07 9.67898e-17)
(7.6826e-07 3.03864e-07 6.35256e-17)
(7.11754e-07 3.4148e-07 -5.86205e-18)
(6.49534e-07 3.66118e-07 -1.60236e-16)
(5.97624e-07 3.92817e-07 -8.82235e-17)
(5.32382e-07 4.06787e-07 8.91933e-17)
(4.67212e-07 4.21429e-07 -5.30539e-17)
(4.00589e-07 4.39593e-07 -4.10599e-17)
(3.4262e-07 4.57024e-07 5.36257e-16)
(2.80842e-07 4.71172e-07 7.81891e-17)
(2.27572e-07 4.92188e-07 3.72242e-16)
(1.77407e-07 4.95334e-07 4.27195e-16)
(1.32993e-07 5.21965e-07 6.33064e-17)
(8.1123e-08 5.13915e-07 2.74053e-16)
(3.69521e-08 5.01943e-07 8.45757e-17)
(-2.19629e-05 -2.78749e-07 -2.50668e-19)
(-2.19399e-05 -5.70359e-07 -1.18088e-18)
(-1.54323e-05 -2.84335e-06 -1.2921e-18)
(-1.39564e-05 -1.70509e-06 -1.61019e-18)
(-1.27773e-05 -7.36269e-07 7.39526e-18)
(-1.16658e-05 2.76784e-07 1.5058e-17)
(-1.05924e-05 8.65553e-07 1.04077e-17)
(-9.55128e-06 1.05195e-06 -4.59871e-18)
(-8.70393e-06 9.919e-07 5.16874e-18)
(-8.27473e-06 8.31914e-07 1.59293e-17)
(-6.69774e-06 1.15535e-06 -5.89833e-18)
(-1.43761e-05 1.21907e-06 2.18657e-18)
(-4.91171e-06 -1.03505e-06 6.87015e-18)
(-5.04624e-06 9.5318e-07 5.05377e-18)
(-2.11162e-06 2.11541e-06 6.26308e-19)
(-8.63831e-07 1.23834e-06 2.23344e-18)
(-1.09156e-06 1.10347e-06 -8.9712e-18)
(2.92187e-06 1.24758e-06 9.39106e-18)
(6.26923e-06 1.24956e-06 9.47062e-18)
(1.00635e-05 1.34775e-06 -9.54502e-18)
(1.17941e-05 1.29587e-06 -9.62154e-19)
(1.14468e-05 1.17887e-06 3.42001e-18)
(8.57543e-06 8.52386e-07 -9.63814e-18)
(3.23478e-06 2.1285e-07 -3.9322e-17)
(-2.34014e-06 -2.76514e-07 -3.34735e-17)
(-6.16087e-06 -5.02974e-07 1.88589e-17)
(-8.73358e-06 -7.00862e-07 -1.38485e-19)
(-9.48022e-06 -8.38066e-07 3.41001e-18)
(-7.56858e-06 -7.58234e-07 -2.71284e-17)
(-4.29761e-06 -4.98044e-07 -3.44519e-17)
(-1.37772e-06 -1.70385e-07 -1.58428e-18)
(4.23353e-07 2.90364e-07 4.50879e-17)
(7.67957e-07 1.02397e-06 -1.78429e-17)
(-2.7175e-06 1.50037e-07 -1.29087e-17)
(5.8355e-07 1.48246e-07 -2.48521e-18)
(-9.93078e-07 -4.78533e-08 6.13571e-18)
(-6.15099e-07 -5.85534e-08 -7.88361e-18)
(-5.26232e-07 -2.0102e-07 -4.5445e-19)
(-3.46471e-07 -3.11155e-07 5.01865e-18)
(-1.94142e-07 -4.14164e-07 -2.26554e-19)
(-4.27611e-08 -4.88834e-07 6.24643e-18)
(8.59067e-08 -5.48143e-07 -3.3863e-19)
(1.99139e-07 -5.95568e-07 3.30694e-18)
(3.0512e-07 -6.37528e-07 -4.79814e-19)
(4.06815e-07 -6.6861e-07 6.10562e-18)
(5.03492e-07 -6.9198e-07 -2.25978e-19)
(5.9515e-07 -7.0176e-07 -1.81397e-17)
(6.78984e-07 -7.05814e-07 -1.18396e-17)
(7.56602e-07 -6.93512e-07 -4.06844e-18)
(8.25483e-07 -6.69426e-07 2.26865e-17)
(8.88899e-07 -6.3039e-07 5.4506e-17)
(9.42004e-07 -5.90516e-07 -2.83235e-18)
(9.88399e-07 -5.38988e-07 -3.15051e-17)
(1.02341e-06 -4.8559e-07 2.11631e-17)
(1.05113e-06 -4.23404e-07 4.56264e-17)
(1.06725e-06 -3.56808e-07 -5.9171e-17)
(1.07618e-06 -2.82618e-07 9.77891e-17)
(1.07422e-06 -2.07303e-07 5.16427e-17)
(1.06422e-06 -1.29281e-07 1.26367e-17)
(1.04528e-06 -5.26146e-08 1.82656e-16)
(1.01796e-06 2.25385e-08 7.42592e-17)
(9.83991e-07 9.39273e-08 -1.63563e-16)
(9.40545e-07 1.58809e-07 1.63341e-16)
(8.9342e-07 2.15556e-07 1.11085e-16)
(8.38336e-07 2.64256e-07 -1.69018e-16)
(7.82611e-07 3.1102e-07 2.13735e-17)
(7.21362e-07 3.41554e-07 -6.06084e-17)
(6.75609e-07 3.75635e-07 -1.39932e-16)
(6.27307e-07 3.89887e-07 -6.27143e-17)
(5.68318e-07 4.07488e-07 3.12426e-17)
(5.12627e-07 4.24019e-07 8.91031e-17)
(4.45366e-07 4.34732e-07 -9.96262e-17)
(3.8359e-07 4.57568e-07 -4.09946e-16)
(3.17452e-07 4.74729e-07 -1.06302e-16)
(2.60368e-07 4.95082e-07 1.96598e-16)
(2.00874e-07 4.9963e-07 -2.16243e-16)
(1.50973e-07 5.22285e-07 -3.47907e-16)
(9.53871e-08 5.08044e-07 -2.05661e-16)
(4.85408e-08 4.82114e-07 -3.34944e-16)
(-2.27169e-05 8.30767e-06 1.08095e-18)
(-1.90763e-05 6.77812e-06 5.43621e-18)
(-1.11893e-05 2.50386e-06 -6.39457e-19)
(-9.84762e-06 2.71e-06 -2.31908e-18)
(-8.67664e-06 2.78436e-06 -4.4726e-18)
(-7.62646e-06 3.28851e-06 -5.83459e-18)
(-6.68441e-06 3.73891e-06 -5.50402e-18)
(-5.84196e-06 3.9205e-06 -4.19314e-18)
(-5.11531e-06 3.77984e-06 -2.30862e-18)
(-4.66711e-06 3.47871e-06 8.95908e-19)
(-3.82931e-06 3.16094e-06 1.00328e-17)
(-1.73729e-06 2.86996e-06 5.95628e-19)
(-4.74172e-06 2.88951e-06 -5.61109e-19)
(-3.02756e-06 2.86078e-06 -8.50949e-18)
(-4.20419e-06 2.30005e-06 4.50335e-19)
(-3.6204e-06 2.21498e-06 -1.84395e-18)
(-4.35757e-06 1.82203e-06 -1.32338e-17)
(-2.57962e-06 1.64334e-06 -3.80943e-18)
(-6.02325e-07 1.48429e-06 -6.20741e-19)
(2.5386e-06 1.51521e-06 6.34979e-18)
(5.50051e-06 1.58662e-06 5.09668e-18)
(7.66391e-06 1.67203e-06 -5.21096e-18)
(8.40301e-06 1.63496e-06 -9.70967e-18)
(7.4032e-06 1.5257e-06 -9.84442e-18)
(4.8022e-06 1.30417e-06 2.48251e-17)
(1.26508e-06 1.06956e-06 3.36764e-18)
(-2.54254e-06 7.51422e-07 -2.65463e-17)
(-5.59268e-06 4.07834e-07 -8.65325e-18)
(-6.85489e-06 1.5931e-07 4.22258e-18)
(-5.77028e-06 1.54797e-07 2.21713e-17)
(-1.34677e-06 7.92573e-07 3.34206e-17)
(9.70954e-06 3.1431e-06 -1.6948e-17)
(1.53991e-05 4.39709e-06 8.29835e-18)
(-5.70506e-05 -1.1884e-05 2.63884e-17)
(3.21572e-05 3.24008e-06 1.4951e-17)
(-5.97924e-06 -4.76976e-07 -1.39506e-17)
(1.47941e-06 3.99807e-07 -6.35816e-18)
(2.31184e-07 2.54464e-07 -6.21076e-18)
(7.67569e-08 1.90695e-07 -1.49061e-18)
(1.23774e-07 6.53117e-08 -6.20975e-18)
(2.07167e-07 -4.22325e-08 1.939e-18)
(2.70569e-07 -1.24361e-07 4.55187e-19)
(3.39597e-07 -1.84285e-07 -2.59902e-19)
(4.00252e-07 -2.36345e-07 5.47083e-18)
(4.51426e-07 -2.78114e-07 8.82421e-19)
(5.00359e-07 -3.18522e-07 -3.49658e-19)
(5.44584e-07 -3.501e-07 1.98448e-18)
(5.88111e-07 -3.71616e-07 -6.53938e-18)
(6.27601e-07 -3.76737e-07 -2.30819e-18)
(6.65116e-07 -3.77977e-07 -9.73485e-18)
(6.97719e-07 -3.68643e-07 -3.72285e-17)
(7.28116e-07 -3.56847e-07 -1.14248e-17)
(7.54676e-07 -3.36299e-07 1.42193e-17)
(7.78468e-07 -3.1293e-07 -4.53324e-17)
(7.9966e-07 -2.78904e-07 -6.16835e-18)
(8.16431e-07 -2.43516e-07 -2.32316e-17)
(8.29782e-07 -2.00446e-07 6.01927e-17)
(8.37045e-07 -1.55616e-07 -4.04412e-17)
(8.40526e-07 -1.06073e-07 -7.71665e-17)
(8.36614e-07 -5.82377e-08 -6.69556e-17)
(8.28108e-07 -9.16723e-09 7.3917e-17)
(8.11879e-07 3.69927e-08 1.36073e-16)
(7.90294e-07 8.08718e-08 1.07769e-16)
(7.62866e-07 1.20366e-07 -1.15569e-17)
(7.3073e-07 1.5729e-07 -2.82577e-17)
(6.95067e-07 1.94036e-07 -2.83171e-17)
(6.59913e-07 2.2626e-07 -1.61569e-16)
(6.26348e-07 2.49689e-07 1.17746e-16)
(5.85633e-07 2.6797e-07 -1.0012e-16)
(5.50039e-07 2.83252e-07 1.41494e-17)
(4.96296e-07 2.95611e-07 2.48035e-16)
(4.51414e-07 3.15239e-07 1.74154e-16)
(3.94443e-07 3.42515e-07 -1.82498e-16)
(3.39988e-07 3.66923e-07 2.15606e-16)
(2.8156e-07 4.00277e-07 -3.95393e-16)
(2.24585e-07 4.19598e-07 -3.47202e-16)
(1.69798e-07 4.54884e-07 2.91955e-17)
(1.12476e-07 4.5816e-07 1.85401e-16)
(6.13721e-08 4.4169e-07 -6.10419e-16)
(-5.39403e-06 4.86123e-06 -1.7692e-18)
(-5.62481e-06 6.38378e-06 3.04742e-18)
(-1.71192e-06 3.19419e-06 1.86446e-18)
(-1.14491e-06 3.24428e-06 -1.90813e-18)
(-6.43418e-07 3.17265e-06 -1.12043e-18)
(-2.44494e-07 3.36467e-06 1.90986e-18)
(5.86226e-08 3.54396e-06 5.05249e-18)
(2.74588e-07 3.57446e-06 -2.86662e-18)
(3.87659e-07 3.4001e-06 -1.25587e-18)
(4.61207e-07 3.10554e-06 -3.08213e-18)
(3.8796e-07 2.76969e-06 -3.68407e-18)
(3.47749e-07 2.45042e-06 -2.9643e-18)
(4.3726e-07 2.27358e-06 7.32104e-18)
(3.14538e-07 2.08613e-06 -2.98461e-19)
(-4.98771e-08 1.85614e-06 -2.36548e-18)
(-9.21162e-07 1.56403e-06 3.52154e-18)
(-1.67374e-06 1.255e-06 -2.38525e-18)
(-1.89121e-06 9.91863e-07 -2.53994e-19)
(-1.1496e-06 8.18048e-07 7.37335e-18)
(1.38795e-07 7.24651e-07 -5.90554e-18)
(1.24305e-06 5.82846e-07 1.03573e-19)
(3.1237e-06 5.7508e-07 6.50489e-18)
(5.22533e-06 1.17606e-06 1.48869e-17)
(4.20347e-06 1.01515e-06 -5.75566e-18)
(3.07272e-06 1.06093e-06 -2.87371e-17)
(1.04457e-06 9.65299e-07 1.50858e-17)
(-1.17254e-06 8.25063e-07 1.16862e-17)
(-3.14779e-06 6.06894e-07 7.97031e-18)
(-4.15716e-06 4.32364e-07 2.05005e-17)
(-4.1778e-06 3.10095e-07 -5.8922e-18)
(-7.80662e-06 -9.03987e-07 -1.24022e-18)
(-4.12472e-05 -8.91915e-06 1.22218e-17)
(3.36415e-05 5.02214e-06 -9.15577e-18)
(1.33439e-05 5.2547e-06 -4.7677e-18)
(-3.38365e-06 -1.1815e-06 7.64324e-18)
(5.26127e-06 1.31151e-06 -4.24748e-19)
(1.89596e-07 7.59216e-07 5.04331e-18)
(2.6279e-07 4.64821e-07 5.14409e-18)
(9.67141e-07 3.82606e-07 6.57577e-18)
(5.79113e-07 2.19326e-07 -2.85028e-19)
(5.70394e-07 1.04677e-07 -3.65418e-18)
(6.00312e-07 6.76901e-09 3.10599e-18)
(6.29265e-07 -6.35178e-08 -4.40088e-18)
(6.55756e-07 -1.20505e-07 -3.98463e-18)
(6.84723e-07 -1.77189e-07 -2.25175e-18)
(7.05723e-07 -2.24763e-07 -9.11046e-19)
(7.31319e-07 -2.66881e-07 1.74493e-18)
(7.50444e-07 -2.99545e-07 2.50368e-18)
(7.73881e-07 -3.1995e-07 -1.00728e-17)
(7.90894e-07 -3.25721e-07 -1.18727e-17)
(8.11391e-07 -3.25338e-07 -1.40137e-17)
(8.25546e-07 -3.12853e-07 1.55652e-17)
(8.42599e-07 -2.93393e-07 -2.37223e-18)
(8.53422e-07 -2.68539e-07 6.59345e-18)
(8.64181e-07 -2.40628e-07 -3.50073e-20)
(8.69035e-07 -2.0635e-07 -6.17539e-17)
(8.71023e-07 -1.71488e-07 -1.15678e-16)
(8.67654e-07 -1.33898e-07 1.93913e-17)
(8.58842e-07 -9.71342e-08 5.3883e-17)
(8.46064e-07 -5.90365e-08 1.68054e-17)
(8.25825e-07 -2.26924e-08 9.48124e-17)
(8.03344e-07 1.42054e-08 -1.17509e-16)
(7.72985e-07 4.91709e-08 1.17977e-17)
(7.42982e-07 8.28762e-08 6.13469e-17)
(7.03697e-07 1.18289e-07 2.92638e-17)
(6.70093e-07 1.48092e-07 1.23767e-17)
(6.32191e-07 1.72929e-07 5.25048e-17)
(6.01908e-07 1.91003e-07 1.13323e-16)
(5.57782e-07 2.09721e-07 9.23576e-17)
(5.18128e-07 2.26888e-07 -5.18303e-17)
(4.72435e-07 2.49282e-07 -2.17897e-16)
(4.2416e-07 2.75115e-07 1.00448e-16)
(3.70934e-07 3.06593e-07 -4.90228e-17)
(3.15101e-07 3.40133e-07 1.90212e-16)
(2.53811e-07 3.67511e-07 3.42159e-16)
(1.93184e-07 4.07802e-07 5.76309e-16)
(1.29268e-07 4.17815e-07 -2.0733e-16)
(7.0956e-08 4.01842e-07 1.12915e-15)
(2.27846e-06 2.73567e-06 2.0601e-18)
(2.8567e-06 3.53753e-06 -2.68211e-18)
(3.68077e-06 1.61026e-06 -8.70333e-19)
(3.63971e-06 1.72184e-06 3.91723e-18)
(3.63309e-06 1.5522e-06 3.36236e-18)
(3.57682e-06 1.57412e-06 1.51705e-18)
(3.46639e-06 1.67109e-06 -2.62582e-18)
(3.31535e-06 1.75889e-06 1.39078e-19)
(3.13489e-06 1.7547e-06 3.80889e-18)
(2.94284e-06 1.64072e-06 1.5055e-18)
(2.7464e-06 1.45072e-06 -1.67722e-18)
(2.44666e-06 1.25296e-06 7.8293e-19)
(2.27745e-06 1.09485e-06 -2.36262e-18)
(2.09637e-06 9.62777e-07 9.92946e-19)
(1.9154e-06 8.45902e-07 1.30787e-18)
(1.50448e-06 6.93274e-07 1.8642e-18)
(8.99874e-07 5.04233e-07 -1.6769e-18)
(1.72675e-07 2.91463e-07 2.66993e-18)
(-3.15569e-07 8.76476e-08 -4.11957e-18)
(-4.56881e-07 -2.00685e-07 2.52061e-18)
(-2.02132e-06 -1.25934e-06 3.58668e-19)
(-6.30661e-06 1.76212e-06 1.26772e-18)
(1.11545e-05 2.20273e-06 -4.11798e-18)
(-1.80153e-06 -5.06747e-07 -6.32104e-18)
(1.6409e-06 1.10068e-07 1.23893e-17)
(6.7363e-07 3.31393e-07 3.62227e-18)
(-2.4127e-07 3.56004e-07 -1.52208e-17)
(-1.53825e-06 3.29292e-07 -4.06175e-18)
(-2.00312e-06 3.57348e-07 -4.46307e-18)
(-1.58528e-06 4.10515e-07 -6.92262e-18)
(2.55826e-06 1.1224e-06 -2.5507e-18)
(1.56606e-05 4.17517e-06 -1.35088e-17)
(-2.0694e-05 -8.50255e-07 -7.49184e-18)
(-2.07553e-05 -6.76946e-06 -4.33336e-18)
(3.74726e-05 5.69959e-06 -2.96855e-18)
(-1.78553e-05 2.78099e-06 -1.92245e-18)
(-5.04352e-06 2.37087e-08 -2.50918e-18)
(5.71509e-06 1.08629e-06 -2.22802e-18)
(1.22296e-06 4.90767e-07 -3.53425e-18)
(4.74232e-07 2.15145e-07 -9.41826e-18)
(8.8238e-07 1.38295e-07 2.69391e-18)
(7.37378e-07 1.58631e-08 -1.11354e-18)
(6.96255e-07 -4.67419e-08 4.51933e-19)
(6.86466e-07 -9.0599e-08 1.42781e-18)
(6.88808e-07 -1.23431e-07 -1.97549e-18)
(6.92057e-07 -1.5488e-07 7.95751e-19)
(6.98918e-07 -1.83985e-07 -7.64153e-19)
(7.05467e-07 -2.10346e-07 1.43279e-18)
(7.16473e-07 -2.30599e-07 9.23834e-18)
(7.2659e-07 -2.45973e-07 5.71187e-18)
(7.3987e-07 -2.51668e-07 5.48529e-18)
(7.51623e-07 -2.52353e-07 -5.10563e-18)
(7.64239e-07 -2.44539e-07 1.93157e-17)
(7.73162e-07 -2.35312e-07 -3.13793e-18)
(7.81306e-07 -2.1851e-07 3.40649e-17)
(7.84546e-07 -2.01038e-07 2.99607e-17)
(7.85409e-07 -1.77302e-07 6.4706e-17)
(7.81537e-07 -1.53619e-07 4.79463e-17)
(7.74379e-07 -1.25739e-07 3.60549e-17)
(7.6323e-07 -9.85176e-08 1.41824e-17)
(7.47982e-07 -6.86399e-08 -6.52757e-17)
(7.30065e-07 -3.91501e-08 2.24852e-17)
(7.0758e-07 -8.07153e-09 6.88065e-18)
(6.84088e-07 2.10732e-08 3.88925e-17)
(6.54764e-07 5.38444e-08 4.92341e-17)
(6.27811e-07 7.9197e-08 3.53761e-17)
(5.99239e-07 1.02259e-07 -8.02099e-18)
(5.74526e-07 1.23659e-07 6.90543e-17)
(5.41084e-07 1.43411e-07 1.72117e-17)
(5.08839e-07 1.65488e-07 -1.02501e-16)
(4.71523e-07 1.8714e-07 -1.00672e-16)
(4.32356e-07 2.15753e-07 1.33081e-16)
(3.87115e-07 2.44077e-07 6.52717e-17)
(3.36047e-07 2.80364e-07 1.27226e-16)
(2.76951e-07 3.09708e-07 -5.56825e-17)
(2.14478e-07 3.52618e-07 -4.12619e-16)
(1.46387e-07 3.72873e-07 3.75617e-18)
(8.0235e-08 3.53873e-07 2.81225e-16)
(4.46713e-06 6.06228e-07 -4.12886e-19)
(5.08487e-06 1.19014e-06 1.41178e-18)
(4.11983e-06 2.49943e-07 2.48651e-18)
(3.77157e-06 4.03631e-07 -1.02936e-18)
(3.50762e-06 2.72633e-07 -5.12351e-19)
(3.26723e-06 2.2725e-07 -5.76914e-19)
(3.03601e-06 2.29969e-07 -4.25817e-19)
(2.81227e-06 2.66073e-07 4.10709e-18)
(2.59764e-06 2.91475e-07 -7.57977e-19)
(2.39668e-06 2.7369e-07 -1.82445e-18)
(2.20421e-06 2.04375e-07 4.35331e-18)
(2.01367e-06 1.06649e-07 -1.23557e-19)
(1.84702e-06 1.5309e-08 -1.53481e-18)
(1.71485e-06 -4.99828e-08 -4.30435e-18)
(1.63002e-06 -9.08315e-08 1.2004e-18)
(1.5392e-06 -1.27192e-07 9.99546e-19)
(1.37114e-06 -1.8071e-07 9.42171e-20)
(1.08694e-06 -2.6048e-07 -2.43547e-18)
(1.02852e-06 -3.65201e-07 -5.7802e-19)
(4.58229e-06 -4.97046e-07 -6.24126e-21)
(6.64448e-05 3.88727e-07 9.201e-19)
(-7.03283e-05 -2.17044e-06 2.4843e-18)
(2.7477e-05 6.23546e-06 -1.019e-19)
(-3.54205e-05 -7.38782e-06 1.90702e-18)
(7.26098e-06 1.12979e-06 -8.08044e-21)
(4.85434e-06 1.36903e-06 -3.67418e-18)
(-3.35987e-06 -7.54091e-07 8.10278e-18)
(-1.6499e-06 1.71731e-07 5.02055e-19)
(-1.61471e-06 1.2366e-07 -8.39448e-18)
(-2.06398e-06 7.84268e-08 6.57972e-19)
(-2.00424e-06 2.13987e-08 -8.39056e-18)
(-6.20132e-06 -1.33684e-06 5.14222e-18)
(-5.6693e-06 -3.29078e-06 5.25999e-18)
(1.31831e-05 1.58768e-06 4.41436e-18)
(4.9773e-05 1.31862e-05 -3.36407e-18)
(-3.12298e-05 -1.64712e-06 3.67478e-18)
(-2.09365e-05 -6.59048e-06 4.5139e-19)
(7.87624e-06 -4.24323e-07 6.0433e-19)
(2.00569e-06 1.18843e-07 -5.50346e-18)
(-3.46123e-07 -3.13382e-07 7.86245e-19)
(1.10652e-06 2.0803e-08 -2.43957e-18)
(7.91049e-07 -9.70719e-08 -2.09957e-18)
(7.31175e-07 -1.15036e-07 3.00815e-18)
(6.81278e-07 -1.41522e-07 -1.5757e-18)
(6.58412e-07 -1.48073e-07 2.67367e-18)
(6.537e-07 -1.5119e-07 5.95035e-20)
(6.55874e-07 -1.54916e-07 3.44844e-19)
(6.61271e-07 -1.65261e-07 8.76453e-19)
(6.65547e-07 -1.76555e-07 -2.0095e-18)
(6.71792e-07 -1.87746e-07 4.81642e-18)
(6.77036e-07 -1.93603e-07 -2.37298e-18)
(6.83587e-07 -1.98017e-07 3.0757e-18)
(6.88713e-07 -1.9914e-07 6.78244e-18)
(6.94066e-07 -1.98031e-07 2.42792e-18)
(6.97171e-07 -1.92958e-07 6.38771e-18)
(6.99112e-07 -1.84821e-07 -1.03741e-17)
(6.9857e-07 -1.72167e-07 3.97169e-17)
(6.95878e-07 -1.57084e-07 -1.75668e-17)
(6.91044e-07 -1.38889e-07 -2.31905e-17)
(6.8323e-07 -1.19018e-07 -3.08374e-17)
(6.73784e-07 -9.67548e-08 5.97716e-17)
(6.60919e-07 -7.28328e-08 -2.59171e-17)
(6.46991e-07 -4.71389e-08 5.29119e-17)
(6.29282e-07 -2.13808e-08 3.73375e-17)
(6.10607e-07 5.79655e-09 -1.29833e-17)
(5.89417e-07 2.91517e-08 -2.18607e-17)
(5.71523e-07 5.03765e-08 -4.95698e-17)
(5.52219e-07 7.15542e-08 -5.5584e-17)
(5.2941e-07 9.23969e-08 -1.12307e-16)
(5.0219e-07 1.15181e-07 2.89691e-17)
(4.73614e-07 1.3796e-07 1.53043e-16)
(4.4018e-07 1.63835e-07 8.98826e-18)
(4.01653e-07 1.92599e-07 -3.27176e-17)
(3.55559e-07 2.22454e-07 -1.72207e-16)
(2.99543e-07 2.53098e-07 1.59909e-17)
(2.35536e-07 2.96301e-07 -2.06746e-16)
(1.63794e-07 3.20591e-07 1.59702e-17)
(8.75891e-08 2.99855e-07 -8.00885e-16)
(2.51675e-06 -7.62829e-07 -3.59896e-19)
(2.80865e-06 -4.08571e-07 2.54382e-19)
(1.7937e-06 -9.83958e-07 4.30406e-21)
(1.56617e-06 -6.79174e-07 -5.69622e-19)
(1.38009e-06 -6.34703e-07 -4.23143e-19)
(1.22371e-06 -5.79664e-07 -2.62808e-19)
(1.09421e-06 -5.58848e-07 7.61507e-20)
(9.8698e-07 -5.40427e-07 -3.51354e-19)
(8.96996e-07 -5.22548e-07 -6.55049e-19)
(8.21353e-07 -5.03253e-07 1.46347e-18)
(7.57602e-07 -4.95342e-07 -1.97304e-18)
(6.99094e-07 -5.0269e-07 -1.43253e-20)
(6.46832e-07 -5.22655e-07 3.82737e-19)
(6.01715e-07 -5.41674e-07 1.52752e-18)
(5.78962e-07 -5.51755e-07 6.83727e-19)
(5.85258e-07 -5.51718e-07 -5.58333e-19)
(6.07285e-07 -5.5044e-07 9.91012e-19)
(5.99286e-07 -5.56444e-07 1.70898e-19)
(5.4605e-07 -5.73586e-07 1.12079e-18)
(4.96691e-07 -5.74148e-07 -1.22274e-19)
(-6.06855e-06 -7.39586e-07 -5.08468e-19)
(5.45827e-06 -1.94476e-06 -3.42108e-19)
(4.5166e-05 -2.66399e-06 1.16579e-18)
(-5.26117e-05 -6.66036e-06 7.51817e-19)
(9.45841e-06 7.85807e-06 1.5977e-18)
(2.45478e-05 2.16138e-06 2.18606e-18)
(-3.21408e-05 -5.0074e-06 -5.62823e-20)
(9.43928e-06 1.677e-06 -2.43189e-18)
(-5.33135e-06 -6.81868e-07 6.54549e-18)
(-3.18423e-06 -1.61521e-07 -2.37163e-18)
(-1.94727e-06 -5.12847e-08 6.5054e-18)
(-5.76338e-07 -5.48603e-08 1.85392e-19)
(7.47683e-07 2.0695e-07 1.87481e-18)
(8.11174e-06 2.73663e-06 -5.66935e-18)
(-1.15287e-05 -5.94061e-07 3.56125e-18)
(-1.10241e-05 -5.27984e-06 -5.65623e-19)
(4.11523e-06 -1.1397e-06 3.72946e-18)
(4.39896e-06 8.88914e-08 -2.0327e-18)
(2.40256e-05 4.30901e-06 3.98775e-18)
(-1.34491e-05 -1.8309e-06 2.29648e-18)
(3.57424e-06 7.9234e-07 -1.18329e-18)
(4.41124e-07 -1.07239e-07 5.0699e-19)
(8.87496e-07 1.15355e-08 -5.0829e-18)
(7.61903e-07 -5.63494e-08 1.23142e-19)
(7.06753e-07 -6.468e-08 2.89676e-19)
(6.65782e-07 -7.35338e-08 -2.66804e-19)
(6.47289e-07 -8.03868e-08 2.32192e-19)
(6.40405e-07 -9.30104e-08 -4.88566e-19)
(6.37801e-07 -1.08969e-07 8.29586e-19)
(6.36176e-07 -1.27906e-07 -5.31592e-19)
(6.34549e-07 -1.45183e-07 2.69247e-18)
(6.32711e-07 -1.60231e-07 5.24055e-19)
(6.31453e-07 -1.6972e-07 -8.2661e-18)
(6.30346e-07 -1.76723e-07 2.66594e-18)
(6.29848e-07 -1.7829e-07 -6.93922e-18)
(6.28941e-07 -1.76662e-07 6.09915e-18)
(6.27861e-07 -1.69442e-07 -2.00998e-17)
(6.25738e-07 -1.59579e-07 -3.26972e-17)
(6.22913e-07 -1.45888e-07 -3.23176e-17)
(6.18704e-07 -1.30703e-07 1.27031e-17)
(6.13381e-07 -1.12531e-07 -2.1524e-17)
(6.06486e-07 -9.28549e-08 1.40825e-17)
(5.98259e-07 -7.09788e-08 6.52957e-18)
(5.88258e-07 -4.93556e-08 -4.40827e-17)
(5.76305e-07 -2.59963e-08 -4.01426e-17)
(5.64322e-07 -6.11563e-09 4.07722e-17)
(5.5171e-07 1.36684e-08 6.34085e-18)
(5.40356e-07 3.37082e-08 -3.5748e-17)
(5.23084e-07 5.32811e-08 5.61403e-17)
(5.03487e-07 7.41345e-08 8.35991e-18)
(4.79801e-07 9.55725e-08 -6.615e-19)
(4.52219e-07 1.19637e-07 -9.22399e-17)
(4.18539e-07 1.42784e-07 -7.20235e-17)
(3.76931e-07 1.70485e-07 1.39161e-16)
(3.21071e-07 1.95775e-07 1.72646e-17)
(2.57524e-07 2.35161e-07 1.38455e-16)
(1.79616e-07 2.64837e-07 -1.10021e-18)
(9.38118e-08 2.36847e-07 2.68658e-16)
(6.29323e-07 -4.80499e-07 -4.19997e-19)
(7.5274e-07 -1.60312e-07 -2.26772e-19)
(3.9578e-07 -7.93382e-07 -5.42948e-19)
(3.89234e-07 -6.10391e-07 2.00611e-19)
(3.80717e-07 -5.62184e-07 3.22231e-19)
(3.74317e-07 -4.82482e-07 1.31707e-19)
(3.71889e-07 -4.57489e-07 4.42832e-19)
(3.72471e-07 -4.84199e-07 -8.83595e-19)
(3.74952e-07 -5.37495e-07 -3.07998e-19)
(3.77246e-07 -5.85416e-07 -8.34799e-19)
(3.7819e-07 -6.1585e-07 6.82812e-20)
(3.75795e-07 -6.31274e-07 2.6409e-19)
(3.68693e-07 -6.41923e-07 3.56348e-19)
(3.54363e-07 -6.52163e-07 -3.06565e-20)
(3.35525e-07 -6.62991e-07 -1.50724e-18)
(3.20922e-07 -6.70958e-07 -1.91143e-19)
(3.21845e-07 -6.75648e-07 8.15717e-20)
(3.3764e-07 -6.76774e-07 -8.06136e-20)
(3.70975e-07 -6.7733e-07 -6.40714e-19)
(5.6388e-07 -6.77618e-07 -1.43992e-18)
(1.55065e-06 -6.96146e-07 -5.39624e-19)
(-1.30633e-06 -7.14132e-07 6.74938e-19)
(1.56086e-06 -7.72469e-07 9.13493e-19)
(-3.15956e-06 -1.18869e-06 -3.02093e-19)
(4.86244e-06 2.97074e-07 -1.68119e-18)
(-1.9985e-06 -1.72279e-06 -6.47637e-19)
(2.53937e-06 8.00904e-08 -4.53097e-19)
(-1.35486e-07 -5.72215e-07 2.94472e-18)
(-2.6655e-06 -5.3952e-07 -3.53177e-18)
(-3.36193e-06 -4.79667e-07 6.37448e-20)
(-3.11217e-06 -3.70774e-07 -1.18281e-18)
(-2.36562e-06 -2.85455e-07 -3.50008e-18)
(-1.13272e-06 -8.67711e-08 -2.00129e-18)
(-1.96047e-06 -2.09154e-07 3.5142e-18)
(-5.07614e-07 -9.48835e-07 -2.13725e-19)
(5.15622e-06 7.60169e-07 -2.1518e-18)
(2.39052e-06 3.26287e-07 -3.83188e-18)
(1.57095e-05 2.9628e-06 -1.05131e-18)
(-8.96406e-06 -1.20085e-06 2.27111e-19)
(1.58357e-06 2.05658e-06 4.04594e-19)
(-4.42946e-06 3.72279e-06 3.30173e-18)
(1.74806e-06 -1.42034e-06 -9.19103e-20)
(3.49734e-07 -1.84286e-07 1.35172e-18)
(8.85698e-07 -3.1254e-07 1.60016e-18)
(7.63109e-07 -1.93081e-07 -2.53623e-19)
(7.21532e-07 -1.62122e-07 2.95527e-19)
(6.64958e-07 -1.33068e-07 -1.24233e-19)
(6.32615e-07 -1.2042e-07 -9.85145e-20)
(6.13979e-07 -1.18126e-07 -6.56623e-19)
(6.03621e-07 -1.24003e-07 -1.15741e-18)
(5.96114e-07 -1.33253e-07 -1.09997e-18)
(5.9021e-07 -1.43166e-07 -2.29299e-18)
(5.85159e-07 -1.50929e-07 2.18092e-18)
(5.81693e-07 -1.56543e-07 3.81e-18)
(5.79571e-07 -1.58692e-07 -6.68183e-18)
(5.78643e-07 -1.58449e-07 1.28986e-18)
(5.78406e-07 -1.54177e-07 -4.30778e-18)
(5.7829e-07 -1.47706e-07 7.87207e-18)
(5.78103e-07 -1.37978e-07 3.19059e-18)
(5.77234e-07 -1.26708e-07 5.5963e-18)
(5.75787e-07 -1.1276e-07 -5.76212e-18)
(5.73114e-07 -9.72628e-08 -1.80972e-17)
(5.69563e-07 -7.98089e-08 -2.59288e-17)
(5.64513e-07 -6.23842e-08 3.31835e-17)
(5.58385e-07 -4.36168e-08 1.95509e-17)
(5.51969e-07 -2.73981e-08 -1.0421e-17)
(5.43395e-07 -1.02999e-08 2.31677e-17)
(5.36377e-07 6.93901e-09 6.29278e-18)
(5.24101e-07 2.35963e-08 8.9429e-18)
(5.09088e-07 4.15192e-08 -9.92272e-18)
(4.89848e-07 5.95687e-08 4.60857e-17)
(4.65909e-07 7.93441e-08 -2.55246e-18)
(4.35928e-07 1.00174e-07 7.87447e-17)
(3.93604e-07 1.15028e-07 4.13542e-17)
(3.41647e-07 1.37291e-07 -1.48099e-17)
(2.77645e-07 1.72052e-07 -1.44501e-17)
(1.95177e-07 1.9949e-07 1.17478e-17)
(1.01873e-07 1.68653e-07 -2.65558e-16)
(1.64947e-06 -4.08878e-07 -5.92247e-21)
(2.08428e-06 -2.97145e-07 -1.28292e-19)
(1.807e-06 -7.84865e-07 1.05452e-20)
(1.82306e-06 -7.23706e-07 1.39027e-19)
(1.83451e-06 -8.10713e-07 -8.76019e-20)
(1.83315e-06 -8.68794e-07 -1.34222e-19)
(1.81739e-06 -9.18378e-07 -9.4185e-20)
(1.78849e-06 -9.5201e-07 2.64829e-19)
(1.74896e-06 -9.69796e-07 2.57552e-19)
(1.70079e-06 -9.64524e-07 2.18194e-19)
(1.64589e-06 -9.37011e-07 1.334e-20)
(1.58468e-06 -8.93496e-07 -9.11881e-20)
(1.51767e-06 -8.46675e-07 2.46606e-20)
(1.4439e-06 -8.06455e-07 -1.34378e-19)
(1.36232e-06 -7.77227e-07 2.65673e-19)
(1.27366e-06 -7.57051e-07 -1.21116e-19)
(1.18431e-06 -7.4051e-07 3.63742e-20)
(1.10309e-06 -7.22611e-07 -1.23933e-19)
(1.03524e-06 -7.00794e-07 -5.40451e-19)
(9.71612e-07 -6.74925e-07 5.47507e-20)
(7.64048e-07 -6.51433e-07 3.51302e-19)
(6.04906e-07 -6.43886e-07 -3.95829e-19)
(-2.03063e-08 -6.37907e-07 -4.9034e-19)
(1.02706e-06 -7.76494e-07 -3.66579e-19)
(-6.64035e-07 -7.05929e-07 5.37322e-20)
(2.93507e-06 -1.5258e-07 2.20172e-19)
(1.55248e-07 -6.1677e-07 4.2452e-19)
(1.48075e-06 -3.09696e-07 -9.69853e-19)
(2.70886e-07 -3.68091e-07 2.06164e-19)
(-1.35866e-06 -4.19874e-07 8.66342e-19)
(-2.27081e-06 -4.23405e-07 -9.08572e-19)
(-2.68006e-06 -4.33567e-07 1.94672e-18)
(-2.23434e-06 -4.17409e-07 3.00854e-18)
(-7.89554e-07 -3.71702e-07 -9.2887e-19)
(3.50028e-06 4.49336e-07 -2.81819e-18)
(3.37259e-06 5.59502e-07 1.14967e-18)
(-2.24401e-06 -8.41318e-07 3.25608e-19)
(-2.587e-06 -1.04586e-06 8.79951e-19)
(2.93869e-05 7.08342e-06 -1.32219e-19)
(7.18193e-05 3.0788e-05 -3.66425e-19)
(-0.000113892 -2.41355e-05 3.49448e-20)
(2.98621e-05 -1.57307e-05 4.13428e-19)
(-5.59003e-06 7.86527e-07 9.51466e-19)
(1.76561e-06 -1.01339e-06 -5.4369e-19)
(5.62215e-07 -2.93904e-07 1.29793e-19)
(7.58704e-07 -2.64498e-07 2.26312e-19)
(6.9236e-07 -1.80353e-07 -1.46903e-19)
(6.59893e-07 -1.44544e-07 7.70379e-21)
(6.29884e-07 -1.23835e-07 -1.21068e-20)
(6.1161e-07 -1.18023e-07 2.3704e-19)
(5.9988e-07 -1.20258e-07 -6.12375e-19)
(5.91666e-07 -1.2586e-07 1.29369e-18)
(5.84214e-07 -1.30242e-07 1.60409e-18)
(5.77494e-07 -1.33648e-07 -3.46121e-18)
(5.71218e-07 -1.35078e-07 1.71466e-18)
(5.66134e-07 -1.35607e-07 -1.02968e-18)
(5.61996e-07 -1.33353e-07 3.06617e-18)
(5.59001e-07 -1.29336e-07 5.29984e-18)
(5.56755e-07 -1.22508e-07 4.75399e-18)
(5.54965e-07 -1.14022e-07 -2.24853e-18)
(5.53337e-07 -1.032e-07 1.36828e-18)
(5.51461e-07 -9.1136e-08 7.8659e-18)
(5.49445e-07 -7.72057e-08 -6.09107e-18)
(5.46793e-07 -6.32943e-08 -1.08866e-17)
(5.44098e-07 -4.86134e-08 -5.50209e-18)
(5.42362e-07 -3.59667e-08 1.01606e-17)
(5.3631e-07 -2.23765e-08 -1.54206e-17)
(5.33209e-07 -8.50199e-09 1.27024e-17)
(5.25102e-07 4.85372e-09 6.89474e-19)
(5.14264e-07 1.80518e-08 -5.61201e-18)
(4.98913e-07 3.11492e-08 -3.39162e-17)
(4.79203e-07 4.59834e-08 -1.32718e-17)
(4.50127e-07 5.35719e-08 -2.75994e-17)
(4.13119e-07 6.43351e-08 -6.02127e-17)
(3.65759e-07 7.92696e-08 -7.65267e-18)
(2.99467e-07 1.01065e-07 4.82057e-17)
(2.16326e-07 1.27627e-07 -4.83638e-19)
(1.09314e-07 8.32037e-08 4.83342e-17)
(4.1834e-06 -1.76641e-06 -8.80268e-21)
(4.92926e-06 -1.94277e-06 -3.13571e-20)
(3.91955e-06 -1.92906e-06 1.4555e-21)
(3.72127e-06 -1.88812e-06 -5.01907e-21)
(3.53853e-06 -1.92065e-06 2.6454e-21)
(3.36404e-06 -1.90009e-06 1.47592e-20)
(3.19568e-06 -1.84906e-06 6.1446e-20)
(3.03135e-06 -1.76913e-06 2.50456e-20)
(2.8707e-06 -1.66924e-06 -4.64671e-21)
(2.71405e-06 -1.55546e-06 3.74369e-20)
(2.56249e-06 -1.4359e-06 -3.02532e-20)
(2.41694e-06 -1.3177e-06 -3.26094e-20)
(2.27843e-06 -1.20774e-06 -1.40143e-19)
(2.14729e-06 -1.11088e-06 9.92929e-20)
(2.02321e-06 -1.02873e-06 1.03652e-19)
(1.90449e-06 -9.59031e-07 -1.79655e-20)
(1.78995e-06 -8.96608e-07 -1.31572e-20)
(1.68122e-06 -8.37438e-07 8.83113e-20)
(1.58435e-06 -7.79692e-07 1.284e-19)
(1.50949e-06 -7.22739e-07 6.61858e-20)
(1.45304e-06 -6.65756e-07 -2.54505e-20)
(1.28536e-06 -6.17368e-07 7.99384e-20)
(1.4541e-06 -5.9157e-07 2.0299e-20)
(8.62241e-07 -5.72594e-07 7.28778e-20)
(9.32553e-07 -4.18905e-07 3.52104e-20)
(1.08692e-06 -3.90744e-07 -4.87807e-20)
(9.01358e-07 -3.70918e-07 -7.63684e-20)
(1.43709e-06 -2.96045e-07 3.57124e-19)
(1.47107e-06 -2.6792e-07 2.79095e-19)
(1.21767e-06 -2.43685e-07 -3.28143e-19)
(5.28719e-07 -2.6314e-07 -1.7322e-20)
(-4.21437e-07 -3.00899e-07 2.93157e-20)
(-1.16137e-06 -3.3647e-07 -7.66331e-19)
(-1.42184e-06 -2.88414e-07 -1.37852e-18)
(-1.33832e-06 -1.78178e-07 1.84321e-18)
(-5.71911e-07 -2.7631e-07 1.34463e-18)
(6.07992e-07 -3.29935e-07 8.55819e-19)
(3.25286e-06 3.6345e-07 -1.38099e-19)
(2.27084e-06 8.06254e-07 1.41522e-19)
(-3.52165e-05 -8.59866e-06 -4.85682e-19)
(1.5061e-05 -6.92411e-06 -6.30467e-19)
(2.38289e-05 4.20678e-06 -3.05236e-19)
(2.24926e-06 4.21846e-07 -5.89081e-19)
(1.09017e-06 -1.27442e-07 -1.04784e-19)
(6.33731e-07 -1.77538e-07 -1.20135e-19)
(6.82136e-07 -1.88868e-07 -1.44083e-19)
(6.71097e-07 -1.67035e-07 8.00894e-20)
(6.6358e-07 -1.51067e-07 9.57923e-20)
(6.4134e-07 -1.41674e-07 1.35847e-20)
(6.16914e-07 -1.40804e-07 4.55e-20)
(5.94707e-07 -1.44744e-07 -2.70321e-21)
(5.77676e-07 -1.50325e-07 -3.09375e-19)
(5.64635e-07 -1.54513e-07 -1.02833e-18)
(5.55472e-07 -1.5586e-07 5.81846e-19)
(5.4874e-07 -1.5388e-07 -5.17596e-19)
(5.44845e-07 -1.49271e-07 7.69742e-20)
(5.43125e-07 -1.42318e-07 1.0002e-19)
(5.44082e-07 -1.34e-07 -1.41274e-18)
(5.47167e-07 -1.24056e-07 1.09999e-19)
(5.52426e-07 -1.13592e-07 -1.34915e-18)
(5.59223e-07 -1.02032e-07 -1.66635e-19)
(5.67044e-07 -9.0031e-08 -2.2072e-18)
(5.753e-07 -7.72028e-08 5.51966e-18)
(5.82886e-07 -6.48886e-08 -1.09994e-18)
(5.90215e-07 -5.3e-08 2.96062e-18)
(5.96763e-07 -4.40561e-08 -4.88499e-18)
(5.94575e-07 -3.49804e-08 4.35652e-18)
(5.96929e-07 -2.63867e-08 1.55681e-19)
(5.93933e-07 -1.8053e-08 2.95595e-18)
(5.87652e-07 -1.04487e-08 1.02584e-17)
(5.77027e-07 -2.51183e-09 -1.09122e-18)
(5.5971e-07 3.23228e-09 2.28421e-18)
(5.32312e-07 1.00154e-08 -3.37124e-18)
(4.95329e-07 1.25954e-08 -3.15649e-18)
(4.38665e-07 1.72958e-08 7.13802e-18)
(3.65823e-07 2.75551e-08 -3.72253e-17)
(2.55067e-07 4.00223e-08 -7.4044e-18)
(1.07337e-07 1.69931e-09 8.53335e-17)
)
;

boundaryField
{
    inlet
    {
        type            calculated;
        value           nonuniform List<vector> 
27
(
(3.86275e-09 0.603869 -7.39662e-16)
(1.04567e-07 0.576213 -7.61666e-16)
(1.27631e-07 0.553748 1.22431e-15)
(1.19755e-07 0.54111 -1.89476e-15)
(1.11498e-07 0.529639 -1.06215e-15)
(9.82291e-08 0.516278 2.6612e-15)
(8.36553e-08 0.502352 -6.44685e-16)
(7.01417e-08 0.488882 8.89298e-16)
(5.92528e-08 0.475749 2.69295e-16)
(5.20553e-08 0.462705 -1.50211e-15)
(4.74781e-08 0.449642 4.72832e-16)
(4.54133e-08 0.436561 8.39012e-17)
(4.52861e-08 0.423388 -1.26747e-16)
(4.6188e-08 0.409945 1.8108e-16)
(4.64128e-08 0.395967 -3.41118e-16)
(4.44767e-08 0.380875 2.54884e-16)
(3.88442e-08 0.363902 3.55136e-16)
(3.7009e-08 0.344339 8.45757e-17)
(4.84912e-08 0.331831 -3.34944e-16)
(6.14208e-08 0.323286 -6.10419e-16)
(7.09081e-08 0.312672 1.12915e-15)
(8.02753e-08 0.299697 2.81225e-16)
(8.75799e-08 0.284701 -8.00885e-16)
(9.38087e-08 0.264754 2.68658e-16)
(1.01852e-07 0.236361 -2.65558e-16)
(1.09308e-07 0.176461 4.83342e-17)
(1.07337e-07 0.083894 8.53335e-17)
)
;
    }
    outlet
    {
        type            calculated;
        value           nonuniform List<vector> 
78
(
(-0.0167478 -1.76651e-06 -8.80268e-21)
(-0.0168326 -1.94274e-06 -3.13571e-20)
(-0.0169225 -1.92907e-06 1.4555e-21)
(-0.017016 -1.88808e-06 -5.01907e-21)
(-0.0171145 -1.92064e-06 2.6454e-21)
(-0.0172182 -1.90005e-06 1.47592e-20)
(-0.0173279 -1.84905e-06 6.1446e-20)
(-0.0174443 -1.76909e-06 2.50456e-20)
(-0.0175673 -1.66922e-06 -4.64671e-21)
(-0.017697 -1.55542e-06 3.74369e-20)
(-0.0178347 -1.43587e-06 -3.02532e-20)
(-0.0179815 -1.31765e-06 -3.26094e-20)
(-0.0181381 -1.20771e-06 -1.40143e-19)
(-0.0183058 -1.11083e-06 9.92929e-20)
(-0.0184859 -1.0287e-06 1.03652e-19)
(-0.0186794 -9.58968e-07 -1.79655e-20)
(-0.0188888 -8.96575e-07 -1.31572e-20)
(-0.0191162 -8.3737e-07 8.83113e-20)
(-0.0193641 -7.79661e-07 1.284e-19)
(-0.0196363 -7.22668e-07 6.61858e-20)
(-0.0199367 -6.65727e-07 -2.54505e-20)
(-0.0202694 -6.17293e-07 7.99384e-20)
(-0.0206343 -5.91545e-07 2.0299e-20)
(-0.0210275 -5.7252e-07 7.28778e-20)
(-0.0214413 -4.18883e-07 3.52104e-20)
(-0.0218832 -3.9067e-07 -4.87807e-20)
(-0.0224041 -3.70902e-07 -7.63684e-20)
(-0.0231311 -2.95975e-07 3.57124e-19)
(-0.0242762 -2.67908e-07 2.79095e-19)
(-0.0260624 -2.4362e-07 -3.28143e-19)
(-0.0285311 -2.63133e-07 -1.7322e-20)
(-0.031282 -3.00839e-07 2.93157e-20)
(-0.0333729 -3.36467e-07 -7.66331e-19)
(-0.0335718 -2.88361e-07 -1.37852e-18)
(-0.0308433 -1.78177e-07 1.84321e-18)
(-0.0248098 -2.76263e-07 1.34463e-18)
(-0.0160024 -3.29936e-07 8.55819e-19)
(-0.00585279 3.63489e-07 -1.38099e-19)
(0.00363505 8.06252e-07 1.41522e-19)
(0.0105196 -8.59863e-06 -4.85682e-19)
(0.0138788 -6.92411e-06 -6.30467e-19)
(0.0138481 4.20681e-06 -3.05236e-19)
(0.0117513 4.21845e-07 -5.89081e-19)
(0.00912679 -1.27425e-07 -1.04784e-19)
(0.00685483 -1.77538e-07 -1.20135e-19)
(0.00513184 -1.88855e-07 -1.44083e-19)
(0.00379315 -1.67034e-07 8.00894e-20)
(0.00265762 -1.51055e-07 9.57923e-20)
(0.00165267 -1.41672e-07 1.35847e-20)
(0.000778369 -1.40792e-07 4.55e-20)
(4.31184e-05 -1.44738e-07 -2.70321e-21)
(-0.000560549 -1.50311e-07 -3.09375e-19)
(-0.00105073 -1.54504e-07 -1.02833e-18)
(-0.00144584 -1.55845e-07 5.81846e-19)
(-0.00176169 -1.53869e-07 -5.17596e-19)
(-0.00201262 -1.49257e-07 7.69742e-20)
(-0.0022117 -1.42306e-07 1.0002e-19)
(-0.00237038 -1.33989e-07 -1.41274e-18)
(-0.00249831 -1.24047e-07 1.09999e-19)
(-0.00260234 -1.13583e-07 -1.34915e-18)
(-0.0026894 -1.02025e-07 -1.66635e-19)
(-0.00275848 -9.0025e-08 -2.2072e-18)
(-0.00281926 -7.71974e-08 5.51966e-18)
(-0.00284783 -6.48849e-08 -1.09994e-18)
(-0.00287567 -5.29956e-08 2.96062e-18)
(-0.00279448 -4.40522e-08 -4.88499e-18)
(-0.00285813 -3.49767e-08 4.35652e-18)
(-0.00275638 -2.6385e-08 1.55681e-19)
(-0.00303576 -1.80512e-08 2.95595e-18)
(-0.00251737 -1.04476e-08 1.02584e-17)
(-0.0036167 -2.51127e-09 -1.09122e-18)
(-0.00146463 3.23371e-09 2.28421e-18)
(-0.00557278 1.00162e-08 -3.37124e-18)
(0.00194722 1.25975e-08 -3.15649e-18)
(-0.0116108 1.72972e-08 7.13802e-18)
(0.0102813 2.75559e-08 -3.72253e-17)
(-0.0301398 4.00224e-08 -7.4044e-18)
(0.0268934 1.69931e-09 8.53335e-17)
)
;
    }
    walls
    {
        type            calculated;
        value           nonuniform List<vector> 0();
    }
    frontAndBack
    {
        type            empty;
    }
    procBoundary7to3
    {
        type            processor;
        value           nonuniform List<vector> 
16
(
(-6.20065e-06 -5.34652e-06 -7.58901e-17)
(1.41729e-05 -1.37674e-05 -1.36773e-17)
(2.30982e-05 -2.13435e-05 -1.24917e-17)
(2.28035e-05 -2.35218e-05 6.81336e-18)
(1.37268e-05 -2.14987e-05 4.92318e-19)
(-3.22239e-06 -1.10191e-05 2.7132e-18)
(-2.09201e-05 -4.23748e-07 9.35518e-18)
(-2.44498e-05 8.60478e-06 -2.26203e-18)
(-1.13186e-05 8.80075e-06 9.64036e-19)
(-1.13186e-05 8.80075e-06 9.64036e-19)
(1.09433e-06 4.56964e-06 4.0977e-18)
(5.78429e-06 1.20246e-06 2.12849e-19)
(3.90149e-06 -2.6988e-07 4.59629e-19)
(1.11575e-06 2.06142e-07 9.89368e-20)
(2.08788e-06 -9.31568e-08 1.52327e-19)
(5.6754e-06 -2.16175e-06 1.05499e-19)
)
;
    }
    procBoundary7to6
    {
        type            processor;
        value           nonuniform List<vector> 
91
(
(2.49584e-08 9.54245e-07 4.6862e-16)
(6.67262e-08 5.528e-07 4.28201e-16)
(6.67262e-08 5.528e-07 4.28201e-16)
(2.24621e-07 7.88987e-07 6.99687e-17)
(2.24621e-07 7.88987e-07 6.99687e-17)
(2.40334e-07 6.99344e-07 -1.34457e-17)
(2.40334e-07 6.99344e-07 -1.34457e-17)
(2.41227e-07 8.07187e-07 -1.42926e-15)
(2.33034e-07 7.53111e-07 9.7257e-16)
(2.33034e-07 7.53111e-07 9.7257e-16)
(3.22871e-07 9.39189e-07 -1.35828e-16)
(3.02264e-07 8.2999e-07 -8.67067e-16)
(3.02264e-07 8.2999e-07 -8.67067e-16)
(5.75327e-07 1.44438e-06 -1.17377e-15)
(4.84648e-07 1.29171e-06 3.46881e-17)
(4.12138e-07 1.11197e-06 -5.81028e-16)
(4.12138e-07 1.11197e-06 -5.81028e-16)
(9.91111e-07 1.82248e-06 -2.28236e-16)
(8.49675e-07 1.61719e-06 -7.64067e-16)
(7.3726e-07 1.49016e-06 2.06169e-16)
(7.3726e-07 1.49016e-06 2.06169e-16)
(2.1297e-06 2.33356e-06 1.75352e-15)
(1.77013e-06 2.17377e-06 4.69006e-16)
(1.46722e-06 2.04316e-06 1.30492e-15)
(1.23655e-06 1.9053e-06 -1.99328e-16)
(1.23655e-06 1.9053e-06 -1.99328e-16)
(4.61421e-06 1.62069e-06 -1.25977e-16)
(4.09616e-06 1.75455e-06 2.93243e-17)
(3.58285e-06 1.88128e-06 -4.62556e-17)
(3.05973e-06 1.97808e-06 -1.04361e-15)
(2.59714e-06 2.0099e-06 4.81721e-16)
(2.59714e-06 2.0099e-06 4.81721e-16)
(7.55305e-06 -1.17358e-06 2.29032e-16)
(7.08658e-06 -6.4185e-07 3.19266e-16)
(6.60167e-06 -2.05265e-07 -1.92765e-17)
(6.11029e-06 1.62392e-07 2.20446e-16)
(5.63328e-06 4.64922e-07 2.24749e-16)
(5.14879e-06 7.2125e-07 4.69449e-17)
(4.726e-06 9.25644e-07 1.99929e-17)
(4.726e-06 9.25644e-07 1.99929e-17)
(6.30838e-06 -7.67181e-06 -2.36347e-18)
(6.50723e-06 -7.3482e-06 -9.47645e-18)
(6.68799e-06 -6.96687e-06 -5.90654e-18)
(6.83342e-06 -6.56169e-06 -3.63244e-17)
(6.95459e-06 -6.0791e-06 -2.95916e-17)
(7.01846e-06 -5.58725e-06 -5.25625e-17)
(7.04953e-06 -5.02591e-06 1.32442e-16)
(7.02169e-06 -4.4536e-06 -3.31273e-17)
(6.95789e-06 -3.84902e-06 7.31229e-17)
(6.82921e-06 -3.26241e-06 1.36032e-16)
(6.66327e-06 -2.68105e-06 -6.9802e-17)
(6.4349e-06 -2.11204e-06 -2.62321e-16)
(6.4349e-06 -2.11204e-06 -2.62321e-16)
(1.03891e-05 -9.35307e-06 2.42857e-18)
(-7.02706e-05 -7.82817e-06 -1.4675e-17)
(-2.50257e-05 -1.50441e-05 -6.96556e-17)
(-2.43643e-05 -1.69193e-05 -5.1261e-17)
(2.21975e-05 -1.53939e-05 1.88018e-17)
(2.21255e-05 -1.15466e-05 -2.05786e-18)
(-1.78727e-05 -1.38989e-05 -1.80784e-17)
(-2.75683e-05 -1.26283e-05 9.85002e-18)
(-3.08407e-05 -1.19243e-05 5.16355e-17)
(-3.14446e-05 -1.08352e-05 8.00463e-18)
(-3.1135e-05 -9.80229e-06 -4.90682e-17)
(-2.85718e-05 -8.83721e-06 -2.70433e-19)
(-2.32896e-05 -7.97079e-06 -2.06811e-17)
(-1.53233e-05 -7.12374e-06 -3.99561e-17)
(-5.67143e-06 -6.27737e-06 -8.10967e-18)
(3.76767e-06 -5.50096e-06 4.26075e-17)
(1.04399e-05 -5.21854e-06 1.64377e-17)
(1.33561e-05 -5.08852e-06 -8.18217e-17)
(8.47253e-06 -5.78677e-06 -7.50631e-17)
(-5.69813e-05 -2.01658e-05 1.482e-17)
(-0.000289271 -6.21786e-05 8.43284e-17)
(0.000487481 4.56383e-05 -4.09007e-17)
(-8.69718e-05 1.76617e-05 -4.14615e-17)
(-6.73671e-05 1.77444e-08 1.05246e-16)
(1.904e-05 5.07933e-07 -4.89196e-17)
(5.97483e-06 -9.20252e-06 -5.68319e-17)
(3.523e-06 -1.08793e-05 5.31118e-18)
(5.00613e-06 -1.14379e-05 -4.05523e-18)
(4.61248e-06 -1.15686e-05 -5.61197e-17)
(4.3917e-06 -1.10651e-05 2.10109e-17)
(4.37327e-06 -1.04025e-05 3.81199e-19)
(4.38695e-06 -9.70869e-06 -3.03377e-17)
(4.43098e-06 -9.15711e-06 1.32362e-17)
(4.45082e-06 -8.69611e-06 1.9551e-17)
(4.5026e-06 -8.30797e-06 3.02126e-17)
(4.5448e-06 -7.96791e-06 -1.15661e-17)
(4.60625e-06 -7.51312e-06 8.60652e-18)
(4.60625e-06 -7.51312e-06 8.60652e-18)
)
;
    }
}


// ************************************************************************* //
