/*--------------------------------*- C++ -*----------------------------------*\
| =========                 |                                                 |
| \\      /  F ield         | OpenFOAM: The Open Source CFD Toolbox           |
|  \\    /   O peration     | Version:  2306                                  |
|   \\  /    A nd           | Website:  www.openfoam.com                      |
|    \\/     M anipulation  |                                                 |
\*---------------------------------------------------------------------------*/
FoamFile
{
    version     2.0;
    format      ascii;
    arch        "LSB;label=32;scalar=64";
    class       volVectorField;
    location    "700";
    object      momentError;
}
// * * * * * * * * * * * * * * * * * * * * * * * * * * * * * * * * * * * * * //

dimensions      [0 1 -2 0 0 0 0];

internalField   nonuniform List<vector> 
1340
(
(-9.34531e-08 4.33544e-07 -7.39662e-16)
(-3.07004e-09 8.269e-07 -1.09304e-16)
(7.18673e-10 8.86359e-07 -7.61666e-16)
(1.24372e-07 7.23439e-07 3.80758e-15)
(1.14038e-07 7.84968e-07 -5.74739e-17)
(3.94056e-08 8.92536e-07 1.22431e-15)
(1.88072e-07 7.41243e-07 -8.403e-16)
(2.32888e-07 7.5835e-07 3.98106e-15)
(1.74138e-07 8.4143e-07 3.2788e-16)
(6.02731e-08 9.19126e-07 -1.89477e-15)
(1.64846e-07 8.87592e-07 -1.92696e-15)
(1.99028e-07 8.19892e-07 -1.60869e-15)
(2.51565e-07 7.72962e-07 -1.14752e-15)
(2.75715e-07 7.96128e-07 -1.40695e-15)
(1.94254e-07 8.36082e-07 -3.27568e-16)
(8.00743e-08 9.22475e-07 -1.06215e-15)
(1.87692e-07 1.11502e-06 -6.14266e-16)
(2.00025e-07 9.79759e-07 4.86059e-17)
(2.19509e-07 9.04006e-07 -4.69377e-15)
(2.52923e-07 8.53151e-07 -2.57509e-15)
(2.80164e-07 8.11868e-07 1.25474e-15)
(2.76113e-07 8.07689e-07 -1.57595e-15)
(2.08068e-07 8.36073e-07 -8.49853e-16)
(9.19029e-08 9.12762e-07 2.6612e-15)
(3.52371e-07 1.7269e-06 -3.26937e-15)
(2.9398e-07 1.54574e-06 -4.23872e-15)
(2.36558e-07 1.34133e-06 -2.67336e-15)
(2.23897e-07 1.11611e-06 -6.48506e-18)
(2.69799e-07 9.90378e-07 -1.54766e-16)
(2.65038e-07 9.33358e-07 1.87989e-15)
(2.80364e-07 8.69257e-07 8.19435e-16)
(2.81598e-07 8.22194e-07 -2.12806e-16)
(2.78557e-07 8.16726e-07 7.75839e-16)
(2.09873e-07 8.24159e-07 5.70466e-17)
(9.86885e-08 8.93946e-07 -6.44686e-16)
(7.84792e-07 2.12098e-06 -8.15368e-16)
(6.66361e-07 1.89721e-06 1.23721e-15)
(5.4352e-07 1.7583e-06 3.37327e-16)
(4.50358e-07 1.6323e-06 -3.97566e-16)
(3.69281e-07 1.48976e-06 -1.53646e-15)
(3.11e-07 1.30375e-06 -2.70432e-15)
(2.79105e-07 1.13451e-06 -5.42606e-16)
(3.20321e-07 9.98039e-07 1.41887e-16)
(2.8626e-07 9.184e-07 1.94725e-15)
(2.87049e-07 8.77446e-07 4.49707e-16)
(2.87751e-07 8.29339e-07 -1.01406e-15)
(2.72165e-07 8.15421e-07 1.32281e-15)
(2.0644e-07 8.07756e-07 5.05554e-16)
(1.01133e-07 8.6774e-07 8.89299e-16)
(2.15159e-06 2.50389e-06 -1.04906e-15)
(1.786e-06 2.37589e-06 2.93819e-16)
(1.471e-06 2.26684e-06 1.17442e-16)
(1.15788e-06 2.10847e-06 -1.09926e-16)
(9.27701e-07 1.93335e-06 -4.53051e-16)
(7.75469e-07 1.76773e-06 2.17503e-15)
(6.5871e-07 1.63862e-06 2.6753e-16)
(5.69461e-07 1.55014e-06 9.03932e-16)
(4.70964e-07 1.41423e-06 -1.61447e-16)
(4.01547e-07 1.25338e-06 1.19923e-15)
(3.60463e-07 1.09566e-06 5.01645e-16)
(3.40881e-07 9.88714e-07 -1.66792e-16)
(3.18439e-07 9.10149e-07 -1.35732e-15)
(3.05344e-07 8.68917e-07 -3.62284e-16)
(2.91048e-07 8.24846e-07 5.21662e-16)
(2.65716e-07 8.06866e-07 -8.03854e-16)
(2.00006e-07 7.84689e-07 1.34952e-16)
(1.01147e-07 8.3716e-07 2.69295e-16)
(4.96235e-06 1.66035e-06 -9.97611e-16)
(4.45436e-06 1.76636e-06 -1.96763e-16)
(3.8453e-06 1.88922e-06 1.45625e-16)
(3.3661e-06 1.99946e-06 1.44021e-15)
(2.80019e-06 2.02147e-06 -1.2886e-16)
(2.36241e-06 2.01034e-06 -8.38469e-16)
(1.95697e-06 2.03148e-06 1.59349e-15)
(1.61703e-06 1.92848e-06 5.30195e-16)
(1.32083e-06 1.85565e-06 1.06274e-16)
(1.09097e-06 1.74134e-06 3.03784e-16)
(9.04099e-07 1.60142e-06 -4.85144e-16)
(7.96025e-07 1.51439e-06 -6.72413e-17)
(6.77704e-07 1.42521e-06 -1.9069e-15)
(5.71563e-07 1.31662e-06 -2.87818e-16)
(4.87544e-07 1.18647e-06 2.21566e-16)
(4.29057e-07 1.05839e-06 -4.57907e-16)
(3.89287e-07 9.55483e-07 6.36185e-17)
(3.51284e-07 8.82839e-07 -4.45177e-16)
(3.24498e-07 8.54423e-07 -1.88455e-16)
(2.96362e-07 8.12134e-07 2.8291e-17)
(2.60196e-07 7.90024e-07 -1.03147e-15)
(1.92815e-07 7.58623e-07 -1.56654e-16)
(9.96004e-08 8.02735e-07 -1.50212e-15)
(7.95872e-06 -9.67275e-07 1.20367e-16)
(7.58684e-06 -5.52608e-07 -2.11521e-16)
(7.17678e-06 -1.86174e-07 5.66138e-17)
(6.74027e-06 1.34281e-07 -1.62226e-16)
(6.2669e-06 3.87513e-07 -6.50231e-16)
(5.80938e-06 6.40746e-07 2.20259e-16)
(5.30515e-06 8.00096e-07 1.53085e-16)
(4.82597e-06 9.62143e-07 -1.10366e-15)
(4.32566e-06 1.10415e-06 -2.67573e-16)
(3.86607e-06 1.26709e-06 -3.24918e-16)
(3.37802e-06 1.41821e-06 -4.48939e-16)
(2.91331e-06 1.48434e-06 -4.23394e-17)
(2.51929e-06 1.57911e-06 1.17028e-15)
(2.11251e-06 1.59349e-06 6.60856e-16)
(1.7598e-06 1.63088e-06 -2.06317e-16)
(1.47904e-06 1.58496e-06 2.76169e-16)
(1.21303e-06 1.50665e-06 2.98703e-17)
(1.04487e-06 1.42612e-06 -8.30268e-17)
(9.10046e-07 1.36278e-06 -3.35768e-17)
(7.86888e-07 1.29895e-06 1.08009e-15)
(6.66333e-07 1.21236e-06 1.17893e-15)
(5.70828e-07 1.10436e-06 4.4184e-17)
(4.96899e-07 9.93439e-07 4.83617e-16)
(4.37297e-07 9.14784e-07 -7.6616e-17)
(3.87199e-07 8.5253e-07 9.60668e-16)
(3.45304e-07 8.25841e-07 6.34036e-16)
(3.04215e-07 7.89894e-07 1.15784e-16)
(2.55888e-07 7.67359e-07 2.16756e-16)
(1.86047e-07 7.27385e-07 1.02915e-15)
(9.67299e-08 7.66541e-07 4.72832e-16)
(5.60395e-06 -3.13999e-06 -1.74714e-17)
(6.03565e-06 -3.38333e-06 -1.88723e-18)
(6.41171e-06 -3.45766e-06 -2.15056e-18)
(6.75057e-06 -3.48604e-06 1.58935e-17)
(7.02615e-06 -3.43886e-06 2.53917e-17)
(7.25098e-06 -3.35653e-06 1.1745e-16)
(7.41605e-06 -3.1707e-06 2.50335e-17)
(7.51906e-06 -2.95699e-06 4.81499e-17)
(7.55928e-06 -2.68363e-06 5.10625e-18)
(7.52613e-06 -2.40291e-06 -2.01818e-16)
(7.43552e-06 -2.09101e-06 -7.92452e-17)
(7.2729e-06 -1.75126e-06 -2.45074e-16)
(7.05662e-06 -1.39811e-06 -2.00376e-16)
(6.78034e-06 -1.06537e-06 -3.52512e-16)
(6.46877e-06 -7.39804e-07 1.52843e-16)
(6.12121e-06 -4.75972e-07 -3.58815e-16)
(5.74988e-06 -2.03245e-07 -4.20558e-17)
(5.37596e-06 6.939e-09 4.86966e-16)
(4.95581e-06 2.00194e-07 -1.47108e-16)
(4.58882e-06 3.7829e-07 6.30364e-16)
(4.15952e-06 5.6621e-07 -9.12751e-17)
(3.8026e-06 7.19244e-07 -2.34212e-17)
(3.36046e-06 8.80621e-07 1.39112e-16)
(3.0003e-06 1.01962e-06 8.24783e-17)
(2.6063e-06 1.11258e-06 -4.60904e-16)
(2.24634e-06 1.21092e-06 -7.79492e-16)
(1.91748e-06 1.25765e-06 1.73673e-16)
(1.60938e-06 1.29825e-06 -5.15302e-16)
(1.36185e-06 1.28137e-06 -1.48761e-16)
(1.17265e-06 1.23212e-06 3.54886e-17)
(1.02502e-06 1.2003e-06 3.79424e-17)
(8.81955e-07 1.15083e-06 8.91031e-16)
(7.52535e-07 1.08973e-06 -3.64326e-16)
(6.45945e-07 1.01558e-06 5.1984e-16)
(5.59994e-07 9.30026e-07 -6.75766e-16)
(4.84911e-07 8.57606e-07 2.24067e-16)
(4.21792e-07 8.06188e-07 -6.80934e-16)
(3.67255e-07 7.93841e-07 1.0484e-15)
(3.11968e-07 7.61301e-07 9.38499e-16)
(2.52966e-07 7.37731e-07 -1.81504e-17)
(1.7992e-07 6.9504e-07 -1.36187e-16)
(9.30082e-08 7.28816e-07 8.39012e-17)
(-3.56117e-05 2.32435e-05 -1.75115e-17)
(-2.3343e-05 2.1493e-05 1.36802e-17)
(-3.29694e-05 1.41164e-05 -3.83356e-17)
(-1.66098e-05 1.49986e-05 -5.971e-18)
(-3.29651e-05 1.07286e-05 2.98053e-17)
(-2.4971e-05 1.28958e-05 -1.7961e-17)
(-2.41401e-05 1.2109e-05 -4.17212e-17)
(-1.0363e-05 1.3389e-05 1.16905e-17)
(2.55736e-06 1.52393e-05 1.53998e-17)
(1.28855e-05 1.74844e-05 -4.60348e-17)
(2.06327e-05 1.97654e-05 -3.38482e-17)
(2.48184e-05 2.11592e-05 -6.71943e-18)
(2.48009e-05 2.16035e-05 -1.59016e-17)
(1.91877e-05 2.09016e-05 4.95165e-17)
(7.99135e-06 1.91203e-05 5.15883e-17)
(-7.1005e-06 1.64721e-05 -8.08654e-17)
(-2.27664e-05 1.31928e-05 -1.41932e-16)
(-3.42448e-05 9.99747e-06 -2.56433e-17)
(-3.04247e-05 9.53846e-06 3.23782e-17)
(1.04935e-05 1.82417e-05 -2.36327e-17)
(-9.67775e-05 -7.56662e-06 2.10284e-17)
(-0.000688467 -0.000128103 -4.93263e-17)
(0.000523842 5.66079e-05 1.20887e-16)
(0.000179747 5.32877e-05 -9.93665e-17)
(-4.7292e-05 -2.13726e-06 -1.44347e-16)
(1.17433e-05 6.43692e-06 -1.32822e-17)
(7.89402e-06 5.63442e-06 -1.71481e-18)
(3.45667e-06 4.55245e-06 -8.08789e-17)
(3.39501e-06 3.69975e-06 -8.39608e-18)
(3.43548e-06 2.72409e-06 -3.13472e-17)
(3.67775e-06 1.84137e-06 1.78895e-17)
(3.89116e-06 1.12852e-06 1.37511e-16)
(4.13999e-06 4.77082e-07 1.38777e-17)
(4.30079e-06 -8.04009e-08 6.30447e-17)
(4.55921e-06 -6.34695e-07 -3.02486e-17)
(4.75215e-06 -1.18643e-06 1.26813e-17)
(5.05737e-06 -1.53627e-06 2.63329e-17)
(5.23392e-06 -1.87468e-06 1.45756e-17)
(5.48419e-06 -2.29326e-06 -1.31074e-18)
(5.66289e-06 -2.48522e-06 4.99309e-21)
(5.88095e-06 -2.65016e-06 4.25177e-17)
(6.0192e-06 -2.72134e-06 2.75593e-17)
(6.18654e-06 -2.74577e-06 6.34782e-17)
(6.27516e-06 -2.68744e-06 2.43417e-17)
(6.36575e-06 -2.60274e-06 6.31989e-17)
(6.37982e-06 -2.47089e-06 -9.21364e-17)
(6.37924e-06 -2.31793e-06 -3.25753e-16)
(6.3124e-06 -2.12185e-06 2.58579e-16)
(6.22236e-06 -1.90665e-06 -3.07496e-17)
(6.06627e-06 -1.64579e-06 1.10982e-16)
(5.88241e-06 -1.39229e-06 1.0452e-16)
(5.65783e-06 -1.13043e-06 5.71933e-17)
(5.40258e-06 -8.82686e-07 1.23008e-16)
(5.14458e-06 -6.52432e-07 3.4498e-17)
(4.84187e-06 -4.36328e-07 -1.65829e-16)
(4.56887e-06 -2.53472e-07 -9.43912e-17)
(4.25297e-06 -6.9605e-08 2.33119e-16)
(3.96121e-06 9.22006e-08 2.15781e-17)
(3.62721e-06 2.7899e-07 2.08554e-16)
(3.32676e-06 4.36729e-07 -5.03759e-17)
(2.98419e-06 5.85527e-07 -2.16215e-16)
(2.66379e-06 7.09765e-07 -6.23672e-16)
(2.34763e-06 8.1442e-07 -5.69443e-16)
(2.04488e-06 9.3404e-07 4.37401e-16)
(1.76811e-06 9.93003e-07 -3.18396e-16)
(1.49532e-06 1.02154e-06 1.5453e-16)
(1.29836e-06 1.01438e-06 -2.87186e-16)
(1.13275e-06 1.0069e-06 -2.06874e-16)
(9.79876e-07 9.9092e-07 -5.60397e-16)
(8.42526e-07 9.62654e-07 -5.06379e-16)
(7.19189e-07 9.12008e-07 -9.13035e-16)
(6.16893e-07 8.44101e-07 4.0767e-16)
(5.29617e-07 7.97225e-07 -2.69271e-16)
(4.52945e-07 7.60337e-07 7.43576e-16)
(3.86465e-07 7.49376e-07 2.62327e-16)
(3.194e-07 7.24757e-07 -5.61152e-17)
(2.51862e-07 7.0406e-07 1.63644e-16)
(1.74624e-07 6.58478e-07 -2.78213e-16)
(8.94055e-08 6.90686e-07 -1.26747e-16)
(-3.63003e-05 2.67061e-05 1.5471e-17)
(-3.37298e-05 2.21772e-05 -1.68927e-17)
(-2.23123e-05 1.31108e-05 -3.54637e-17)
(-1.82515e-05 1.19202e-05 3.16294e-18)
(-1.72625e-05 1.09624e-05 1.7777e-17)
(-1.8585e-05 1.06886e-05 -6.07652e-18)
(-1.95295e-05 1.02757e-05 -4.20724e-18)
(-1.77043e-05 9.79881e-06 -8.26936e-18)
(-1.48011e-05 9.36209e-06 -3.43193e-18)
(-9.86102e-06 1.01082e-05 -1.66271e-17)
(-1.87914e-07 1.27471e-05 -2.33098e-17)
(1.2255e-06 1.36128e-05 1.3982e-17)
(5.46881e-06 1.55114e-05 -8.29165e-18)
(7.10186e-06 1.61996e-05 -4.66526e-18)
(7.37902e-06 1.64063e-05 1.17079e-17)
(4.72604e-06 1.58253e-05 -4.29144e-17)
(-6.25429e-07 1.45499e-05 2.0843e-17)
(-7.69843e-06 1.27615e-05 3.46108e-17)
(-1.61638e-05 1.07229e-05 -4.05519e-17)
(-3.7343e-05 3.75077e-06 -4.16966e-17)
(-0.000107037 -2.50707e-05 -4.42437e-17)
(0.000231356 2.85961e-05 6.10796e-18)
(1.85085e-06 5.64562e-05 3.62906e-17)
(-0.000101738 -4.94003e-06 -5.43738e-17)
(-5.01951e-05 2.37114e-06 1.90345e-17)
(3.10289e-06 4.92505e-06 -1.87381e-17)
(8.59347e-06 4.48639e-06 2.28577e-18)
(6.28406e-06 3.276e-06 -3.89763e-17)
(6.32472e-06 2.47972e-06 1.40015e-17)
(5.70289e-06 1.70091e-06 -1.9551e-17)
(5.26512e-06 1.05272e-06 5.31454e-17)
(5.07168e-06 5.6118e-07 2.50418e-17)
(4.98109e-06 2.22673e-07 -1.93724e-17)
(4.87653e-06 -6.97041e-08 -2.47804e-17)
(4.80667e-06 -3.62719e-07 -2.8873e-17)
(4.74314e-06 -6.7457e-07 1.78011e-17)
(4.7548e-06 -1.02787e-06 1.95952e-17)
(4.73165e-06 -1.36289e-06 7.679e-19)
(4.79664e-06 -1.58785e-06 -1.74155e-17)
(4.84225e-06 -1.82616e-06 1.97818e-18)
(4.92232e-06 -1.98695e-06 -2.24311e-17)
(4.98064e-06 -2.1231e-06 -1.62094e-17)
(5.05862e-06 -2.18777e-06 -1.03034e-17)
(5.10537e-06 -2.23676e-06 -6.21851e-18)
(5.15577e-06 -2.22554e-06 -2.56733e-17)
(5.17107e-06 -2.19427e-06 -1.32901e-17)
(5.18053e-06 -2.10978e-06 1.08771e-16)
(5.15335e-06 -2.00825e-06 1.79307e-16)
(5.11095e-06 -1.86205e-06 1.10018e-16)
(5.03212e-06 -1.70794e-06 5.36236e-17)
(4.92963e-06 -1.51722e-06 -3.6545e-18)
(4.79752e-06 -1.32241e-06 4.34596e-17)
(4.64106e-06 -1.11618e-06 -6.80884e-18)
(4.46681e-06 -9.1707e-07 1.1228e-17)
(4.27491e-06 -7.27022e-07 8.73654e-17)
(4.0712e-06 -5.50732e-07 2.77099e-16)
(3.85871e-06 -3.93803e-07 -4.87247e-16)
(3.63203e-06 -2.22092e-07 7.24748e-17)
(3.405e-06 -6.58757e-08 -1.72208e-16)
(3.14462e-06 9.32428e-08 5.16997e-16)
(2.89419e-06 2.28798e-07 -4.47541e-19)
(2.6241e-06 3.68795e-07 4.14218e-16)
(2.37414e-06 5.0327e-07 6.9729e-16)
(2.11041e-06 6.09082e-07 -3.7781e-16)
(1.84583e-06 7.02784e-07 3.91972e-16)
(1.59894e-06 7.57155e-07 -2.33575e-16)
(1.40226e-06 7.83834e-07 -3.25909e-16)
(1.23381e-06 8.06532e-07 -1.76891e-16)
(1.07739e-06 8.13771e-07 1.11423e-16)
(9.2442e-07 8.11174e-07 8.70957e-16)
(7.91543e-07 7.92367e-07 9.3304e-16)
(6.71576e-07 7.58375e-07 -4.54344e-17)
(5.63809e-07 7.22541e-07 -3.1135e-16)
(4.76664e-07 6.98695e-07 -5.7795e-17)
(4.01737e-07 7.04674e-07 -1.41476e-15)
(3.2597e-07 6.84244e-07 1.53368e-17)
(2.51855e-07 6.64796e-07 -5.91439e-16)
(1.70797e-07 6.21419e-07 -1.24628e-16)
(8.59818e-08 6.51446e-07 1.8108e-16)
(-2.92425e-05 2.45153e-05 -8.97754e-18)
(-2.2517e-05 1.92977e-05 -8.12154e-18)
(-1.43067e-05 1.06389e-05 7.41557e-18)
(-1.20041e-05 9.26593e-06 -8.07599e-19)
(-1.08307e-05 7.32434e-06 -1.58421e-17)
(-1.07098e-05 6.43279e-06 1.07037e-17)
(-1.14701e-05 5.71893e-06 6.22131e-18)
(-1.09486e-05 4.63078e-06 -1.51458e-17)
(-8.08557e-06 1.9181e-06 5.96286e-18)
(-4.30702e-05 1.17997e-05 -9.28613e-18)
(1.26141e-05 7.79631e-06 9.16655e-18)
(-1.94446e-05 2.82338e-06 -9.332e-18)
(-1.29138e-06 7.77351e-06 -2.78503e-17)
(-9.80058e-06 6.47154e-06 3.89451e-18)
(-6.2835e-06 7.5756e-06 1.10949e-17)
(-3.91022e-06 7.90551e-06 -1.17582e-18)
(-9.91163e-07 8.10613e-06 2.23331e-17)
(8.29252e-07 7.85902e-06 -5.00816e-17)
(1.62448e-06 6.98261e-06 -2.77263e-17)
(5.8419e-06 5.09875e-06 1.9945e-18)
(2.2154e-05 6.39841e-06 -1.53192e-18)
(-9.94437e-06 1.10674e-05 2.21719e-17)
(-7.16262e-06 -5.88878e-06 -7.51333e-17)
(2.28445e-05 6.83285e-06 1.34969e-16)
(-7.90403e-06 1.50787e-06 1.85154e-17)
(-8.19845e-06 -1.32458e-06 1.35533e-17)
(4.58794e-06 8.538e-07 2.36723e-17)
(5.8113e-06 8.24219e-07 4.78767e-17)
(6.61743e-06 4.88437e-07 1.16045e-17)
(6.54054e-06 3.58607e-08 2.33193e-17)
(5.88984e-06 -4.3571e-07 -1.57452e-17)
(5.39146e-06 -7.64811e-07 -5.03633e-17)
(5.0724e-06 -9.25986e-07 2.22748e-18)
(4.88877e-06 -9.99423e-07 1.27149e-17)
(4.7151e-06 -1.04679e-06 3.98966e-17)
(4.5766e-06 -1.1305e-06 -2.15369e-17)
(4.42399e-06 -1.23635e-06 2.1426e-18)
(4.33366e-06 -1.38313e-06 -2.09671e-17)
(4.23794e-06 -1.52104e-06 1.0858e-17)
(4.18722e-06 -1.64749e-06 -2.58035e-19)
(4.13985e-06 -1.73648e-06 -9.49256e-18)
(4.12595e-06 -1.81141e-06 -6.48357e-18)
(4.11035e-06 -1.85086e-06 3.98043e-19)
(4.11634e-06 -1.87996e-06 -8.84528e-18)
(4.1167e-06 -1.87887e-06 -5.07792e-18)
(4.1279e-06 -1.87088e-06 5.07604e-17)
(4.12865e-06 -1.83186e-06 2.68516e-17)
(4.1276e-06 -1.77994e-06 -6.16951e-17)
(4.11134e-06 -1.69781e-06 3.2864e-17)
(4.08314e-06 -1.59492e-06 1.40202e-17)
(4.03726e-06 -1.46726e-06 6.48571e-17)
(3.97112e-06 -1.32977e-06 -1.51652e-16)
(3.88882e-06 -1.17694e-06 9.97288e-18)
(3.78424e-06 -1.0186e-06 1.50209e-17)
(3.66606e-06 -8.65194e-07 7.30426e-17)
(3.53045e-06 -7.1527e-07 -8.39775e-17)
(3.38586e-06 -5.70809e-07 1.70406e-16)
(3.23114e-06 -4.29332e-07 6.88838e-17)
(3.05632e-06 -2.88919e-07 -1.00134e-16)
(2.87822e-06 -1.55469e-07 1.41113e-16)
(2.67903e-06 -1.38231e-08 3.42889e-17)
(2.49004e-06 1.15521e-07 5.54325e-16)
(2.27482e-06 2.38386e-07 -1.17229e-18)
(2.06473e-06 3.55006e-07 -3.24975e-16)
(1.84426e-06 4.47629e-07 5.01667e-16)
(1.63016e-06 5.25725e-07 3.67919e-18)
(1.45465e-06 5.64648e-07 -2.66867e-16)
(1.2953e-06 6.01376e-07 1.79639e-16)
(1.14182e-06 6.30851e-07 -5.48699e-17)
(9.91428e-07 6.57346e-07 3.90355e-16)
(8.44812e-07 6.63663e-07 2.1399e-17)
(7.05711e-07 6.42891e-07 -3.20068e-17)
(5.90438e-07 6.41177e-07 2.9037e-16)
(4.9225e-07 6.42251e-07 -1.81354e-18)
(4.10299e-07 6.50281e-07 -6.68032e-17)
(3.3038e-07 6.3809e-07 -1.09654e-16)
(2.51082e-07 6.23371e-07 -3.59857e-16)
(1.67338e-07 5.80275e-07 2.32566e-16)
(8.23974e-08 6.11951e-07 -3.41119e-16)
(-1.55471e-05 1.77629e-05 8.71041e-18)
(-9.01982e-06 1.29745e-05 4.41154e-18)
(-3.91126e-06 6.13561e-06 -1.27147e-17)
(-3.29854e-06 4.63098e-06 -1.3006e-17)
(-2.53569e-06 2.58334e-06 1.70481e-17)
(-1.96285e-06 1.61068e-06 -1.03028e-17)
(-8.88052e-07 1.15529e-06 6.75785e-18)
(1.58732e-05 7.44903e-07 2.27004e-17)
(0.000227785 4.59128e-07 -5.35701e-18)
(-0.000192216 -3.1338e-06 4.02375e-18)
(-3.23628e-06 1.44559e-05 -2.04485e-18)
(-8.73014e-05 -1.73088e-05 3.06644e-18)
(3.8332e-05 6.34834e-06 1.72372e-17)
(-3.54452e-05 -3.35224e-06 -6.90665e-18)
(-1.46149e-05 5.71408e-07 -4.67226e-17)
(-1.80468e-05 8.41459e-07 -1.85649e-17)
(-1.3674e-05 1.75132e-06 -1.9842e-17)
(-8.83223e-06 2.39477e-06 1.89728e-18)
(-2.91098e-06 2.86803e-06 1.64513e-17)
(3.23892e-06 3.25258e-06 -7.02435e-18)
(3.794e-07 2.16735e-06 2.54436e-17)
(-2.19617e-05 -4.35333e-06 -4.14435e-17)
(8.68349e-06 3.81548e-07 7.03417e-17)
(4.90269e-05 9.5927e-06 -6.2031e-17)
(1.71893e-05 3.19236e-06 -6.6179e-17)
(-3.70617e-06 -1.28703e-06 -2.12778e-17)
(2.92206e-06 -7.32089e-07 -7.68594e-18)
(3.8489e-06 -5.71476e-07 -6.10703e-18)
(4.71245e-06 -7.0097e-07 3.54609e-18)
(5.89518e-06 -8.96958e-07 -1.50709e-17)
(6.04684e-06 -1.21718e-06 -3.93133e-18)
(5.60595e-06 -1.54709e-06 3.74116e-17)
(5.09446e-06 -1.76506e-06 2.17168e-17)
(4.71527e-06 -1.83953e-06 5.65968e-18)
(4.46701e-06 -1.80521e-06 -7.0426e-17)
(4.28257e-06 -1.74428e-06 2.32013e-18)
(4.12361e-06 -1.70691e-06 -1.25217e-19)
(3.97547e-06 -1.70646e-06 2.11017e-18)
(3.8433e-06 -1.71614e-06 1.07938e-17)
(3.72858e-06 -1.7285e-06 2.22269e-18)
(3.63218e-06 -1.72208e-06 -7.26934e-18)
(3.5535e-06 -1.71616e-06 -6.64453e-18)
(3.4922e-06 -1.69393e-06 -1.58086e-17)
(3.44519e-06 -1.67989e-06 -3.74443e-18)
(3.41294e-06 -1.65122e-06 -2.92452e-18)
(3.39027e-06 -1.6244e-06 -1.62897e-17)
(3.37661e-06 -1.58333e-06 8.55832e-18)
(3.36518e-06 -1.54081e-06 -1.95214e-17)
(3.35486e-06 -1.47971e-06 -1.19937e-16)
(3.33868e-06 -1.41668e-06 8.39569e-17)
(3.31553e-06 -1.33391e-06 3.13561e-17)
(3.2805e-06 -1.23892e-06 -1.21251e-18)
(3.23348e-06 -1.13149e-06 1.51428e-17)
(3.17218e-06 -1.01995e-06 2.37746e-17)
(3.09768e-06 -9.01534e-07 -3.12983e-16)
(3.01099e-06 -7.83272e-07 -7.30056e-19)
(2.91264e-06 -6.66785e-07 5.12746e-17)
(2.80381e-06 -5.47786e-07 -2.57899e-17)
(2.68463e-06 -4.2866e-07 1.44209e-16)
(2.55503e-06 -3.07408e-07 -6.93683e-16)
(2.41987e-06 -1.88608e-07 2.00758e-16)
(2.26687e-06 -6.68862e-08 1.2048e-16)
(2.11363e-06 4.74215e-08 -8.05138e-16)
(1.94456e-06 1.5248e-07 3.44096e-16)
(1.77068e-06 2.47261e-07 -3.09713e-16)
(1.59652e-06 3.2746e-07 8.08312e-17)
(1.44327e-06 3.75565e-07 -1.95273e-16)
(1.30589e-06 4.17857e-07 2.04209e-16)
(1.16649e-06 4.59823e-07 1.47462e-16)
(1.02013e-06 4.93929e-07 -2.18771e-16)
(8.72048e-07 5.14279e-07 -3.43039e-16)
(7.34741e-07 5.3354e-07 -2.10696e-17)
(6.16485e-07 5.48019e-07 -4.79778e-16)
(5.07713e-07 5.65071e-07 -8.80617e-17)
(4.18442e-07 5.96917e-07 1.054e-15)
(3.32086e-07 5.90008e-07 -2.66504e-16)
(2.48642e-07 5.77195e-07 8.22864e-16)
(1.62718e-07 5.39552e-07 -6.15664e-16)
(7.74941e-08 5.71628e-07 2.54884e-16)
(1.13184e-06 6.66402e-06 -7.3205e-18)
(5.65718e-06 3.64514e-06 1.28217e-18)
(6.07777e-06 4.66541e-07 -1.95508e-18)
(5.37608e-06 -2.92504e-07 -5.79602e-18)
(5.0829e-06 -1.9731e-06 -1.81558e-17)
(4.95587e-06 -2.85559e-06 8.15808e-18)
(4.77827e-06 -3.09754e-06 2.43826e-18)
(3.78796e-06 -3.08552e-06 -1.87066e-17)
(-2.34375e-05 -4.13298e-06 3.65419e-18)
(2.32475e-06 -1.19951e-05 1.28725e-18)
(2.72368e-06 -4.80512e-06 2.86499e-18)
(2.25517e-05 -3.09801e-06 -1.32624e-18)
(-9.46243e-06 -1.88241e-06 -9.71939e-18)
(5.40924e-06 -1.78036e-06 -4.17474e-18)
(-1.95538e-05 -4.84518e-06 8.25354e-18)
(-1.496e-05 -2.46784e-06 1.51333e-17)
(-2.10447e-05 -3.27351e-06 3.81655e-18)
(-1.86188e-05 -2.66782e-06 1.18448e-17)
(-1.46587e-05 -2.28553e-06 -2.26647e-17)
(-8.39402e-06 -1.80285e-06 6.80691e-18)
(-1.50072e-06 -1.92354e-06 1.30009e-17)
(8.87649e-06 -1.10176e-06 2.73916e-17)
(1.92241e-05 2.91949e-06 -2.71617e-17)
(2.35446e-05 4.38144e-06 -6.0478e-17)
(1.34351e-05 1.03751e-06 4.27804e-17)
(4.49494e-06 -1.67397e-06 2.02237e-17)
(5.81653e-06 -1.98616e-06 1.94489e-18)
(4.02062e-06 -2.07838e-06 -2.8696e-18)
(2.01104e-06 -2.36083e-06 4.90213e-18)
(2.77821e-06 -2.48558e-06 1.61385e-17)
(4.10247e-06 -2.58474e-06 -3.42506e-19)
(4.76209e-06 -2.70673e-06 -2.45272e-17)
(4.74594e-06 -2.77564e-06 -3.44365e-17)
(4.42741e-06 -2.75262e-06 -2.31355e-17)
(4.11701e-06 -2.62432e-06 5.31904e-17)
(3.86533e-06 -2.4529e-06 1.68628e-17)
(3.68164e-06 -2.27844e-06 -8.39689e-18)
(3.53678e-06 -2.13962e-06 -1.29455e-18)
(3.40854e-06 -2.02535e-06 1.11972e-18)
(3.2917e-06 -1.93682e-06 -5.73184e-18)
(3.18172e-06 -1.8489e-06 -6.02663e-18)
(3.08375e-06 -1.76387e-06 3.91247e-18)
(2.99656e-06 -1.6724e-06 1.86976e-18)
(2.9238e-06 -1.58942e-06 1.91104e-18)
(2.86215e-06 -1.50903e-06 -9.1999e-18)
(2.81125e-06 -1.44824e-06 -6.20426e-18)
(2.76851e-06 -1.38703e-06 5.53134e-17)
(2.73129e-06 -1.33983e-06 -8.49106e-18)
(2.69847e-06 -1.28774e-06 7.27753e-18)
(2.66658e-06 -1.23604e-06 -7.25773e-17)
(2.63511e-06 -1.17357e-06 -4.06287e-18)
(2.59953e-06 -1.11031e-06 -2.32877e-17)
(2.56154e-06 -1.0337e-06 7.36008e-17)
(2.51745e-06 -9.50212e-07 3.76534e-18)
(2.46855e-06 -8.63109e-07 -2.01351e-16)
(2.41271e-06 -7.72176e-07 9.98184e-17)
(2.35073e-06 -6.78014e-07 -1.07637e-17)
(2.28266e-06 -5.81686e-07 -1.40938e-16)
(2.206e-06 -4.832e-07 1.39832e-16)
(2.12268e-06 -3.8158e-07 1.96054e-16)
(2.02975e-06 -2.78827e-07 2.22777e-16)
(1.92909e-06 -1.75095e-07 -6.48526e-17)
(1.8179e-06 -7.59869e-08 2.0169e-16)
(1.69705e-06 1.67828e-08 -3.05805e-16)
(1.56891e-06 1.02529e-07 3.08945e-17)
(1.43447e-06 1.81208e-07 -1.28289e-16)
(1.31743e-06 2.26584e-07 4.28151e-16)
(1.20395e-06 2.67946e-07 1.15588e-17)
(1.09234e-06 3.04905e-07 1.74912e-18)
(9.72092e-07 3.48506e-07 -3.62057e-16)
(8.45775e-07 3.85449e-07 1.26634e-16)
(7.28493e-07 4.08156e-07 8.95281e-17)
(6.10384e-07 4.49892e-07 5.12767e-16)
(5.14304e-07 4.8739e-07 1.1585e-16)
(4.13699e-07 5.26879e-07 -1.08906e-15)
(3.21832e-07 5.32579e-07 -2.84458e-16)
(2.38002e-07 5.28282e-07 -1.41966e-16)
(1.52834e-07 4.94505e-07 1.9399e-16)
(7.08101e-08 5.32284e-07 3.55136e-16)
(1.43954e-05 -3.99662e-06 -4.31912e-18)
(1.51766e-05 -5.27634e-06 -3.26212e-18)
(1.06647e-05 -5.15963e-06 9.2643e-18)
(9.34152e-06 -4.88811e-06 2.76987e-18)
(8.38732e-06 -5.65874e-06 -5.17836e-18)
(7.61955e-06 -6.155e-06 -1.67395e-17)
(7.06746e-06 -6.31165e-06 -7.5953e-18)
(7.01064e-06 -6.12617e-06 1.33023e-17)
(8.43877e-06 -5.87262e-06 -8.53146e-18)
(1.21255e-06 -5.00876e-06 -1.11045e-17)
(7.14203e-06 -4.80071e-06 4.241e-18)
(0.000102024 -4.97296e-06 9.3446e-20)
(-7.71456e-05 -4.97278e-06 8.4233e-18)
(1.22558e-05 2.55694e-06 -4.33304e-18)
(-4.02566e-05 -1.23014e-05 -1.52271e-18)
(2.11123e-05 -5.98359e-07 1.99285e-17)
(-2.42388e-05 -6.72966e-06 3.48953e-17)
(-1.30427e-05 -4.55611e-06 -1.08185e-17)
(-1.68088e-05 -4.98295e-06 3.77947e-18)
(-1.36082e-05 -4.57802e-06 1.15127e-17)
(-8.84298e-06 -4.16485e-06 2.06495e-18)
(-2.17987e-06 -3.22658e-06 3.76934e-18)
(4.73045e-06 -2.01178e-06 5.94148e-18)
(1.1083e-05 -9.38908e-07 5.6811e-17)
(1.33493e-05 -1.18703e-06 2.01902e-17)
(1.19722e-05 -1.74922e-06 -4.37383e-19)
(1.1436e-05 -1.74573e-06 9.06393e-18)
(8.80781e-06 -1.74857e-06 1.20115e-18)
(4.46407e-06 -2.04591e-06 1.41972e-17)
(1.67106e-06 -2.36477e-06 -1.93274e-18)
(1.12089e-06 -2.55651e-06 -2.46177e-17)
(1.74379e-06 -2.63456e-06 -2.72973e-17)
(2.41942e-06 -2.63572e-06 1.8165e-17)
(2.5834e-06 -2.64174e-06 8.5309e-18)
(2.80503e-06 -2.5504e-06 -2.91674e-18)
(2.64288e-06 -2.41831e-06 -3.01201e-18)
(2.55102e-06 -2.2327e-06 8.39869e-18)
(2.44152e-06 -2.06616e-06 8.83915e-18)
(2.35654e-06 -1.93285e-06 -8.44742e-18)
(2.28723e-06 -1.83352e-06 8.77023e-18)
(2.22498e-06 -1.73735e-06 1.29255e-17)
(2.16467e-06 -1.64176e-06 6.61123e-18)
(2.10519e-06 -1.54296e-06 -4.98461e-18)
(2.04574e-06 -1.45617e-06 -1.87309e-18)
(1.98804e-06 -1.37461e-06 -6.03822e-18)
(1.93322e-06 -1.30381e-06 1.63858e-17)
(1.88352e-06 -1.23481e-06 3.21944e-17)
(1.83673e-06 -1.17181e-06 -1.61346e-17)
(1.79613e-06 -1.10883e-06 1.66029e-17)
(1.75776e-06 -1.05462e-06 2.05211e-17)
(1.72573e-06 -9.93724e-07 2.91292e-17)
(1.69517e-06 -9.27974e-07 3.75346e-17)
(1.66973e-06 -8.56515e-07 -1.41534e-18)
(1.64329e-06 -7.84658e-07 2.11189e-17)
(1.61928e-06 -7.10137e-07 8.46237e-17)
(1.59322e-06 -6.36746e-07 -2.88218e-17)
(1.56601e-06 -5.61813e-07 -9.74017e-18)
(1.53577e-06 -4.85081e-07 1.52077e-16)
(1.50157e-06 -4.0724e-07 5.02409e-19)
(1.46398e-06 -3.27786e-07 1.2292e-16)
(1.41889e-06 -2.47795e-07 -3.38057e-16)
(1.36962e-06 -1.66957e-07 -1.05922e-16)
(1.31019e-06 -9.0124e-08 -2.16665e-17)
(1.24575e-06 -1.75586e-08 -2.08691e-16)
(1.17221e-06 5.07842e-08 9.67899e-17)
(1.09465e-06 1.14345e-07 6.35257e-17)
(1.02921e-06 1.54649e-07 -5.86235e-18)
(9.55711e-07 1.88416e-07 -1.60237e-16)
(8.90858e-07 2.27569e-07 -8.82238e-17)
(8.10704e-07 2.57286e-07 8.91937e-17)
(7.28464e-07 2.89542e-07 -5.30538e-17)
(6.4174e-07 3.26551e-07 -4.10599e-17)
(5.6036e-07 3.6679e-07 5.36258e-16)
(4.70729e-07 4.08022e-07 7.81894e-17)
(3.84494e-07 4.5631e-07 3.72243e-16)
(2.99024e-07 4.7313e-07 4.27196e-16)
(2.21732e-07 4.79265e-07 6.33064e-17)
(1.44695e-07 4.51322e-07 2.74053e-16)
(6.79682e-08 4.92561e-07 8.45756e-17)
(1.67553e-05 -1.35636e-05 -2.50626e-19)
(1.40239e-05 -1.33069e-05 -1.18084e-18)
(8.12542e-06 -1.05305e-05 -1.29208e-18)
(7.05997e-06 -9.06552e-06 -1.61016e-18)
(6.17759e-06 -8.60967e-06 7.39514e-18)
(5.43024e-06 -8.32083e-06 1.50578e-17)
(4.86543e-06 -8.17042e-06 1.04075e-17)
(4.52892e-06 -7.88626e-06 -4.59867e-18)
(4.16242e-06 -7.42697e-06 5.16864e-18)
(3.28997e-06 -6.94627e-06 1.59291e-17)
(3.4091e-06 -6.10651e-06 -5.8982e-18)
(-5.4603e-06 -5.70946e-06 2.18654e-18)
(3.70905e-06 -7.69679e-06 6.87003e-18)
(4.10024e-06 -5.37804e-06 5.05364e-18)
(7.07628e-06 -3.80033e-06 6.26273e-19)
(6.11732e-06 -4.29834e-06 2.23344e-18)
(5.19592e-07 -4.25601e-06 -8.97116e-18)
(-3.21543e-06 -4.17396e-06 9.39091e-18)
(-7.84921e-06 -4.36084e-06 9.47055e-18)
(-9.95111e-06 -4.41522e-06 -9.5448e-18)
(-1.04594e-05 -4.44315e-06 -9.62084e-19)
(-9.0576e-06 -4.38139e-06 3.42018e-18)
(-5.54531e-06 -4.0697e-06 -9.63773e-18)
(9.01552e-08 -3.3634e-06 -3.93216e-17)
(5.6643e-06 -2.79389e-06 -3.34733e-17)
(9.41602e-06 -2.44413e-06 1.88587e-17)
(1.19818e-05 -2.08698e-06 -1.38515e-19)
(1.26295e-05 -1.79269e-06 3.41003e-18)
(1.02902e-05 -1.76793e-06 -2.71281e-17)
(6.40366e-06 -1.99655e-06 -3.44513e-17)
(3.15204e-06 -2.25582e-06 -1.58427e-18)
(1.75659e-06 -2.24497e-06 4.50875e-17)
(1.56713e-06 -1.75821e-06 -1.78426e-17)
(-1.28107e-06 -2.71967e-06 -1.29085e-17)
(2.67676e-06 -2.70816e-06 -2.48538e-18)
(1.49115e-06 -2.76843e-06 6.13561e-18)
(1.97785e-06 -2.45965e-06 -7.88357e-18)
(1.84787e-06 -2.26866e-06 -4.54499e-19)
(1.83894e-06 -2.09226e-06 5.01861e-18)
(1.80719e-06 -1.96939e-06 -2.26549e-19)
(1.76429e-06 -1.87104e-06 6.24634e-18)
(1.72265e-06 -1.79184e-06 -3.38729e-19)
(1.67861e-06 -1.70971e-06 3.30685e-18)
(1.63019e-06 -1.62011e-06 -4.79888e-19)
(1.58152e-06 -1.51904e-06 6.10527e-18)
(1.5329e-06 -1.41903e-06 -2.2599e-19)
(1.48834e-06 -1.31952e-06 -1.81396e-17)
(1.44596e-06 -1.23181e-06 -1.18396e-17)
(1.40996e-06 -1.14296e-06 -4.06856e-18)
(1.37761e-06 -1.05617e-06 2.26866e-17)
(1.35407e-06 -9.65609e-07 5.45062e-17)
(1.333e-06 -8.84829e-07 -2.83222e-18)
(1.31866e-06 -8.01497e-07 -3.15051e-17)
(1.30462e-06 -7.25925e-07 2.11631e-17)
(1.29557e-06 -6.50248e-07 4.56264e-17)
(1.28542e-06 -5.78517e-07 -5.9171e-17)
(1.27858e-06 -5.05539e-07 9.77891e-17)
(1.26929e-06 -4.35818e-07 5.16426e-17)
(1.25947e-06 -3.64578e-07 1.26367e-17)
(1.24595e-06 -2.93547e-07 1.82656e-16)
(1.22752e-06 -2.21627e-07 7.42594e-17)
(1.20416e-06 -1.50354e-07 -1.63562e-16)
(1.17107e-06 -8.26007e-08 1.63341e-16)
(1.13319e-06 -1.84595e-08 1.11085e-16)
(1.08429e-06 4.24085e-08 -1.69018e-16)
(1.03272e-06 1.01003e-07 2.13736e-17)
(9.72023e-07 1.3242e-07 -6.06085e-17)
(9.27012e-07 1.72211e-07 -1.39932e-16)
(8.77873e-07 1.95306e-07 -6.27143e-17)
(8.16214e-07 2.25624e-07 3.12428e-17)
(7.54481e-07 2.57405e-07 8.91033e-17)
(6.77015e-07 2.85891e-07 -9.96265e-17)
(5.99878e-07 3.30289e-07 -4.09946e-16)
(5.09859e-07 3.73966e-07 -1.06302e-16)
(4.2174e-07 4.23779e-07 1.96599e-16)
(3.26027e-07 4.46217e-07 -2.16243e-16)
(2.41449e-07 4.52037e-07 -3.47907e-16)
(1.58488e-07 4.19908e-07 -2.05662e-16)
(7.59489e-08 4.52555e-07 -3.34944e-16)
(7.16538e-06 -1.23114e-05 1.08094e-18)
(3.84604e-06 -1.20112e-05 5.43612e-18)
(8.52455e-07 -9.63039e-06 -6.39445e-19)
(6.64782e-07 -8.17774e-06 -2.31903e-18)
(4.23239e-07 -7.27475e-06 -4.47251e-18)
(2.28692e-07 -6.56771e-06 -5.83448e-18)
(1.21788e-07 -6.20617e-06 -5.50392e-18)
(1.28745e-07 -5.97569e-06 -4.19306e-18)
(2.48731e-07 -5.71937e-06 -2.30855e-18)
(2.54706e-07 -5.30011e-06 8.95886e-19)
(6.59066e-07 -4.76274e-06 1.00326e-17)
(2.24781e-06 -4.27225e-06 5.95599e-19)
(-1.10924e-06 -3.63296e-06 -5.61091e-19)
(8.56615e-07 -3.15664e-06 -8.5093e-18)
(7.15932e-07 -3.21277e-06 4.50311e-19)
(2.55769e-06 -2.73798e-06 -1.84394e-18)
(2.11475e-06 -2.57441e-06 -1.32335e-17)
(2.13425e-06 -2.33188e-06 -3.80933e-18)
(7.17333e-08 -2.32647e-06 -6.20785e-19)
(-2.206e-06 -2.40809e-06 6.34964e-18)
(-4.44483e-06 -2.65081e-06 5.09653e-18)
(-5.68263e-06 -2.92525e-06 -5.21093e-18)
(-5.44833e-06 -3.09769e-06 -9.70964e-18)
(-3.72715e-06 -3.00478e-06 -9.84443e-18)
(-9.37739e-07 -2.85348e-06 2.48248e-17)
(2.5038e-06 -2.61337e-06 3.36768e-18)
(6.0053e-06 -2.27489e-06 -2.65459e-17)
(8.68789e-06 -1.89255e-06 -8.65329e-18)
(9.67957e-06 -1.58572e-06 4.22237e-18)
(9.08699e-06 -1.36648e-06 2.2171e-17)
(9.03823e-06 -8.53649e-07 3.34202e-17)
(1.50203e-05 1.14869e-06 -1.69478e-17)
(1.70273e-05 2.02203e-06 8.29821e-18)
(-5.71549e-05 -1.46145e-05 2.63878e-17)
(3.19612e-05 2.79315e-07 1.49507e-17)
(-5.04603e-06 -2.97232e-06 -1.39503e-17)
(1.8687e-06 -1.63813e-06 -6.35808e-18)
(6.87997e-07 -1.79972e-06 -6.21058e-18)
(1.18592e-06 -1.63251e-06 -1.49056e-18)
(1.11527e-06 -1.51501e-06 -6.20965e-18)
(1.08134e-06 -1.42811e-06 1.9388e-18)
(1.06371e-06 -1.37191e-06 4.55226e-19)
(1.02737e-06 -1.31643e-06 -2.5991e-19)
(9.90808e-07 -1.25726e-06 5.47046e-18)
(9.53917e-07 -1.18195e-06 8.82326e-19)
(9.19584e-07 -1.10404e-06 -3.49825e-19)
(8.86277e-07 -1.02273e-06 1.98423e-18)
(8.58584e-07 -9.43723e-07 -6.53949e-18)
(8.34238e-07 -8.6078e-07 -2.30825e-18)
(8.15238e-07 -7.87478e-07 -9.73505e-18)
(7.99542e-07 -7.14255e-07 -3.72288e-17)
(7.89004e-07 -6.48829e-07 -1.14249e-17)
(7.82541e-07 -5.83968e-07 1.42192e-17)
(7.80202e-07 -5.26654e-07 -4.53324e-17)
(7.83114e-07 -4.67794e-07 -6.16837e-18)
(7.88485e-07 -4.17392e-07 -2.32317e-17)
(7.98185e-07 -3.67305e-07 6.01926e-17)
(8.07978e-07 -3.22277e-07 -4.04411e-17)
(8.20604e-07 -2.76003e-07 -7.71665e-17)
(8.30251e-07 -2.33102e-07 -6.69556e-17)
(8.39641e-07 -1.88522e-07 7.39169e-17)
(8.43262e-07 -1.4592e-07 1.36073e-16)
(8.43001e-07 -1.04016e-07 1.07769e-16)
(8.36248e-07 -6.35259e-08 -1.15568e-17)
(8.23218e-07 -2.13241e-08 -2.82576e-17)
(8.04785e-07 2.10301e-08 -2.83172e-17)
(7.81661e-07 5.0833e-08 -1.61568e-16)
(7.59489e-07 7.49453e-08 1.17746e-16)
(7.29666e-07 9.65505e-08 -1.0012e-16)
(7.04085e-07 1.18517e-07 1.41496e-17)
(6.57334e-07 1.3994e-07 2.48035e-16)
(6.1618e-07 1.71031e-07 1.74154e-16)
(5.56556e-07 2.12838e-07 -1.82498e-16)
(4.91562e-07 2.57458e-07 2.15606e-16)
(4.14221e-07 3.15207e-07 -3.95393e-16)
(3.31286e-07 3.49991e-07 -3.47202e-16)
(2.49537e-07 3.68839e-07 2.91954e-17)
(1.67876e-07 3.54069e-07 1.85401e-16)
(8.25343e-08 3.96954e-07 -6.10419e-16)
(-2.72413e-06 -6.66125e-06 -1.76917e-18)
(-3.14009e-06 -6.43244e-06 3.04736e-18)
(-2.90415e-06 -5.64726e-06 1.86443e-18)
(-2.46149e-06 -4.75608e-06 -1.90809e-18)
(-2.12067e-06 -4.15041e-06 -1.12041e-18)
(-1.80848e-06 -3.67838e-06 1.90982e-18)
(-1.50927e-06 -3.45105e-06 5.0524e-18)
(-1.21562e-06 -3.33271e-06 -2.86656e-18)
(-9.34876e-07 -3.19301e-06 -1.25584e-18)
(-6.28722e-07 -2.93101e-06 -3.08207e-18)
(-4.88662e-07 -2.59031e-06 -3.68399e-18)
(-4.05482e-07 -2.27291e-06 -2.96424e-18)
(-1.85867e-07 -1.93786e-06 7.32087e-18)
(1.20885e-07 -1.71045e-06 -2.98453e-19)
(7.39671e-07 -1.53247e-06 -2.36542e-18)
(1.28537e-06 -1.37146e-06 3.52145e-18)
(1.76895e-06 -1.20799e-06 -2.3852e-18)
(1.79717e-06 -1.08215e-06 -2.53983e-19)
(1.2973e-06 -1.05723e-06 7.37319e-18)
(4.95442e-08 -1.2021e-06 -5.90538e-18)
(-1.86718e-06 -1.60547e-06 1.03549e-19)
(-2.52922e-06 -1.98497e-06 6.50475e-18)
(-1.80394e-06 -1.79518e-06 1.48868e-17)
(-2.13109e-06 -2.35566e-06 -5.75549e-18)
(-4.24664e-07 -2.22678e-06 -2.87368e-17)
(1.52021e-06 -2.15275e-06 1.50856e-17)
(3.77211e-06 -1.94622e-06 1.16861e-17)
(5.65045e-06 -1.67347e-06 7.97016e-18)
(6.59764e-06 -1.42058e-06 2.05002e-17)
(6.16412e-06 -1.2794e-06 -5.89206e-18)
(2.29004e-08 -2.47135e-06 -1.24019e-18)
(-3.70165e-05 -1.08217e-05 1.22215e-17)
(3.54253e-05 2.60903e-06 -9.15555e-18)
(1.74592e-05 4.3571e-06 -4.76774e-18)
(5.0363e-07 1.07969e-06 7.64013e-18)
(-5.85843e-06 -1.89826e-06 -4.15646e-19)
(1.90019e-06 -1.6524e-06 5.0499e-18)
(7.8125e-07 -1.53587e-06 5.14391e-18)
(3.46586e-07 -1.36591e-06 6.57552e-18)
(6.19811e-07 -1.23442e-06 -2.85046e-19)
(6.56198e-07 -1.147e-06 -3.65404e-18)
(6.41231e-07 -1.08675e-06 3.10582e-18)
(6.47452e-07 -1.0347e-06 -4.40059e-18)
(6.38321e-07 -9.78716e-07 -3.98424e-18)
(6.32043e-07 -9.21825e-07 -2.25149e-18)
(6.19812e-07 -8.56461e-07 -9.10809e-19)
(6.15968e-07 -7.93256e-07 1.74486e-18)
(6.0775e-07 -7.32407e-07 2.50354e-18)
(6.08071e-07 -6.73035e-07 -1.00729e-17)
(6.0464e-07 -6.10551e-07 -1.18729e-17)
(6.09108e-07 -5.52535e-07 -1.40138e-17)
(6.10244e-07 -4.91625e-07 1.55653e-17)
(6.1887e-07 -4.33669e-07 -2.37237e-18)
(6.25102e-07 -3.79133e-07 6.59341e-18)
(6.36403e-07 -3.31306e-07 -3.50921e-20)
(6.46483e-07 -2.85266e-07 -6.17538e-17)
(6.58944e-07 -2.46306e-07 -1.15678e-16)
(6.70756e-07 -2.0928e-07 1.93913e-17)
(6.81509e-07 -1.76683e-07 5.38829e-17)
(6.92198e-07 -1.44012e-07 1.68054e-17)
(6.98107e-07 -1.14344e-07 9.48122e-17)
(7.03925e-07 -8.42338e-08 -1.17509e-16)
(7.02096e-07 -5.5315e-08 1.17977e-17)
(7.00148e-07 -2.44193e-08 6.13469e-17)
(6.87485e-07 8.94258e-09 2.92638e-17)
(6.74372e-07 3.20718e-08 1.23767e-17)
(6.55467e-07 5.18374e-08 5.25046e-17)
(6.44657e-07 6.65116e-08 1.13323e-16)
(6.19563e-07 8.40553e-08 9.23574e-17)
(5.97154e-07 1.01794e-07 -5.18304e-17)
(5.65361e-07 1.2652e-07 -2.17896e-16)
(5.25581e-07 1.57354e-07 1.00448e-16)
(4.73526e-07 1.99428e-07 -4.90228e-17)
(4.10107e-07 2.49588e-07 1.90212e-16)
(3.3373e-07 2.87767e-07 3.42159e-16)
(2.54583e-07 3.1054e-07 5.76308e-16)
(1.72088e-07 3.01204e-07 -2.07331e-16)
(8.49602e-08 3.44532e-07 1.12915e-15)
(-1.55979e-06 -3.61345e-06 2.06006e-18)
(-1.50004e-06 -3.34084e-06 -2.68206e-18)
(-4.98384e-07 -3.36864e-06 -8.70318e-19)
(-9.38195e-08 -2.78761e-06 3.91715e-18)
(2.49839e-07 -2.41301e-06 3.3623e-18)
(5.47936e-07 -2.04351e-06 1.51702e-18)
(7.99812e-07 -1.81828e-06 -2.62577e-18)
(1.00159e-06 -1.71357e-06 1.39074e-19)
(1.15864e-06 -1.66064e-06 3.80881e-18)
(1.29529e-06 -1.57929e-06 1.50547e-18)
(1.41416e-06 -1.43748e-06 -1.67719e-18)
(1.37641e-06 -1.2492e-06 7.82913e-19)
(1.36799e-06 -1.06014e-06 -2.36257e-18)
(1.2817e-06 -9.254e-07 9.92926e-19)
(1.29745e-06 -8.29618e-07 1.30784e-18)
(1.39778e-06 -7.64281e-07 1.86415e-18)
(1.671e-06 -6.92513e-07 -1.67686e-18)
(1.94076e-06 -6.21599e-07 2.66986e-18)
(2.10025e-06 -5.875e-07 -4.11946e-18)
(1.86078e-06 -7.56035e-07 2.52055e-18)
(-6.32583e-07 -1.86126e-06 3.58659e-19)
(-6.62052e-06 8.54559e-07 1.2677e-18)
(7.39435e-06 3.27385e-07 -4.11789e-18)
(-5.01135e-06 -2.75745e-06 -6.32098e-18)
(3.50165e-06 -3.86829e-07 1.2389e-17)
(4.6441e-07 -1.5506e-06 3.62229e-18)
(1.14901e-06 -1.59159e-06 -1.52206e-17)
(2.4005e-06 -1.51325e-06 -4.06159e-18)
(3.53135e-06 -1.39635e-06 -4.46297e-18)
(4.88857e-06 -1.11766e-06 -6.92246e-18)
(8.45919e-06 -3.55851e-07 -2.55066e-18)
(2.04478e-05 2.55457e-06 -1.35085e-17)
(-6.60497e-06 2.87783e-07 -7.49185e-18)
(1.58087e-05 3.02778e-06 -4.33677e-18)
(-1.74066e-05 -2.37788e-06 -2.96045e-18)
(-2.70992e-05 -1.30026e-05 -1.91623e-18)
(2.9071e-05 9.61896e-07 -2.52189e-18)
(-9.72692e-06 -2.72428e-06 -2.23349e-18)
(1.1529e-06 -9.66144e-07 -3.53443e-18)
(6.01546e-07 -8.63853e-07 -9.41784e-18)
(3.50481e-07 -7.47768e-07 2.69377e-18)
(3.87914e-07 -6.92447e-07 -1.11346e-18)
(4.17944e-07 -6.68138e-07 4.51896e-19)
(4.17369e-07 -6.52665e-07 1.42774e-18)
(4.1798e-07 -6.28556e-07 -1.9752e-18)
(4.11951e-07 -5.96549e-07 7.95741e-19)
(4.07899e-07 -5.55362e-07 -7.63988e-19)
(4.02921e-07 -5.12122e-07 1.43306e-18)
(4.04374e-07 -4.67623e-07 9.23867e-18)
(4.05739e-07 -4.26316e-07 5.71186e-18)
(4.12841e-07 -3.81955e-07 5.48535e-18)
(4.19423e-07 -3.40042e-07 -5.10576e-18)
(4.29788e-07 -2.96282e-07 1.93159e-17)
(4.38363e-07 -2.587e-07 -3.13791e-18)
(4.50177e-07 -2.21143e-07 3.4065e-17)
(4.60198e-07 -1.90749e-07 2.99607e-17)
(4.72399e-07 -1.6066e-07 6.4706e-17)
(4.83343e-07 -1.36116e-07 4.79464e-17)
(4.95436e-07 -1.11115e-07 3.6055e-17)
(5.06842e-07 -8.97186e-08 1.41824e-17)
(5.17669e-07 -6.79226e-08 -6.52756e-17)
(5.28008e-07 -4.86823e-08 2.24852e-17)
(5.35227e-07 -2.88291e-08 6.88063e-18)
(5.41436e-07 -9.3484e-09 3.88924e-17)
(5.41543e-07 1.48574e-08 4.92339e-17)
(5.37291e-07 2.97677e-08 3.53761e-17)
(5.30623e-07 4.31653e-08 -8.02099e-18)
(5.2871e-07 5.50274e-08 6.90541e-17)
(5.18423e-07 6.62407e-08 1.72117e-17)
(5.08648e-07 8.08833e-08 -1.02501e-16)
(4.91386e-07 9.57752e-08 -1.00672e-16)
(4.68532e-07 1.19563e-07 1.3308e-16)
(4.33264e-07 1.48375e-07 6.52715e-17)
(3.84921e-07 1.92306e-07 1.27226e-16)
(3.21078e-07 2.26441e-07 -5.56825e-17)
(2.4971e-07 2.49433e-07 -4.12619e-16)
(1.71412e-07 2.47748e-07 3.75625e-18)
(8.59217e-08 2.87966e-07 2.81225e-16)
(3.55381e-06 -2.90301e-06 -4.1288e-19)
(4.43005e-06 -2.8311e-06 1.41176e-18)
(4.35467e-06 -2.83597e-06 2.48646e-18)
(4.33854e-06 -2.44654e-06 -1.02934e-18)
(4.30672e-06 -2.20671e-06 -5.12342e-19)
(4.24361e-06 -1.90047e-06 -5.76901e-19)
(4.15058e-06 -1.65216e-06 -4.25809e-19)
(4.03324e-06 -1.49578e-06 4.10701e-18)
(3.89448e-06 -1.42167e-06 -7.5796e-19)
(3.74205e-06 -1.38512e-06 -1.82442e-18)
(3.57924e-06 -1.33657e-06 4.35322e-18)
(3.4021e-06 -1.25273e-06 -1.23554e-19)
(3.21361e-06 -1.14128e-06 -1.53477e-18)
(2.99281e-06 -1.03198e-06 -4.30425e-18)
(2.7566e-06 -9.44595e-07 1.20037e-18)
(2.5352e-06 -8.79755e-07 9.99524e-19)
(2.39486e-06 -8.25714e-07 9.42128e-20)
(2.37807e-06 -7.71817e-07 -2.43541e-18)
(2.7445e-06 -7.28687e-07 -5.78008e-19)
(6.64313e-06 -7.38967e-07 -6.24092e-21)
(6.84484e-05 1.36608e-07 9.20079e-19)
(-6.96784e-05 -3.0619e-06 2.48425e-18)
(2.28308e-05 2.78051e-06 -1.02171e-19)
(-4.01329e-05 -6.05809e-06 1.90552e-18)
(3.73273e-05 6.20167e-06 -7.65052e-21)
(-1.24412e-05 -3.81093e-06 -3.67421e-18)
(1.68829e-07 -8.63617e-07 8.1028e-18)
(2.58975e-07 -1.28045e-06 5.0209e-19)
(1.73874e-07 -1.46055e-06 -8.39439e-18)
(1.53307e-06 -1.23151e-06 6.57945e-19)
(1.64275e-06 -1.2381e-06 -8.39046e-18)
(-8.97884e-07 -1.85183e-06 5.14219e-18)
(7.15739e-06 -3.43654e-07 5.25981e-18)
(-6.95505e-06 -1.40512e-06 4.41349e-18)
(-7.23864e-05 -1.97608e-05 -3.36463e-18)
(5.79599e-05 4.10628e-06 3.66304e-18)
(3.15128e-05 9.28413e-06 4.48599e-19)
(-8.6747e-06 -7.09458e-07 6.09519e-19)
(1.27636e-06 -1.63742e-07 -5.50388e-18)
(5.85929e-07 -3.5274e-07 7.86263e-19)
(4.56875e-07 -3.09466e-07 -2.43945e-18)
(3.75856e-07 -4.13194e-07 -2.09947e-18)
(4.42057e-07 -4.35328e-07 3.00795e-18)
(4.24765e-07 -4.69039e-07 -1.5756e-18)
(4.17923e-07 -4.75262e-07 2.67332e-18)
(4.07089e-07 -4.63217e-07 5.95168e-20)
(3.92312e-07 -4.33366e-07 3.4484e-19)
(3.78969e-07 -3.97321e-07 8.7667e-19)
(3.65524e-07 -3.56856e-07 -2.00945e-18)
(3.57059e-07 -3.1741e-07 4.81681e-18)
(3.50495e-07 -2.75825e-07 -2.37299e-18)
(3.48188e-07 -2.37829e-07 3.07586e-18)
(3.46736e-07 -2.01485e-07 6.7826e-18)
(3.47998e-07 -1.693e-07 2.42784e-18)
(3.49929e-07 -1.39638e-07 6.38788e-18)
(3.54004e-07 -1.14227e-07 -1.03742e-17)
(3.59282e-07 -9.06057e-08 3.97171e-17)
(3.66058e-07 -7.05005e-08 -1.75668e-17)
(3.74603e-07 -5.15929e-08 -2.31905e-17)
(3.83727e-07 -3.50909e-08 -3.08374e-17)
(3.94794e-07 -1.96563e-08 5.97716e-17)
(4.05056e-07 -6.42058e-09 -2.59171e-17)
(4.16419e-07 5.72389e-09 5.29118e-17)
(4.24696e-07 1.773e-08 3.73374e-17)
(4.32577e-07 3.19834e-08 -1.29832e-17)
(4.3157e-07 4.26198e-08 -2.18607e-17)
(4.34318e-07 5.12453e-08 -4.95696e-17)
(4.36646e-07 5.83916e-08 -5.55838e-17)
(4.36821e-07 6.52315e-08 -1.12306e-16)
(4.32568e-07 7.42723e-08 2.89691e-17)
(4.262e-07 8.29909e-08 1.53042e-16)
(4.12631e-07 9.57086e-08 8.98815e-18)
(3.89896e-07 1.15594e-07 -3.27175e-17)
(3.53997e-07 1.44616e-07 -1.72207e-16)
(3.02302e-07 1.73536e-07 1.59909e-17)
(2.39096e-07 1.93831e-07 -2.06746e-16)
(1.67303e-07 1.93429e-07 1.59702e-17)
(8.4249e-08 2.31099e-07 -8.00885e-16)
(7.31563e-06 -3.86073e-06 -3.5989e-19)
(8.57912e-06 -4.04858e-06 2.54377e-19)
(6.80968e-06 -3.4334e-06 4.30273e-21)
(6.36139e-06 -3.0495e-06 -5.6961e-19)
(5.95e-06 -2.91384e-06 -4.23134e-19)
(5.54374e-06 -2.71195e-06 -2.62803e-19)
(5.1442e-06 -2.49876e-06 7.61498e-20)
(4.76104e-06 -2.27794e-06 -3.51347e-19)
(4.40028e-06 -2.0874e-06 -6.55037e-19)
(4.06556e-06 -1.93702e-06 1.46344e-18)
(3.75904e-06 -1.81932e-06 -1.97299e-18)
(3.47866e-06 -1.71168e-06 -1.43251e-20)
(3.22579e-06 -1.6029e-06 3.82728e-19)
(2.98878e-06 -1.49194e-06 1.52748e-18)
(2.75878e-06 -1.38792e-06 6.83711e-19)
(2.5306e-06 -1.29725e-06 -5.58321e-19)
(2.32419e-06 -1.22257e-06 9.90989e-19)
(2.17012e-06 -1.15715e-06 1.70893e-19)
(2.11517e-06 -1.09556e-06 1.12077e-18)
(2.16708e-06 -1.03556e-06 -1.22272e-19)
(-4.59408e-06 -1.36039e-06 -5.08459e-19)
(1.28104e-06 -3.70824e-06 -3.42639e-19)
(3.13102e-05 -1.77537e-06 1.16324e-18)
(-3.60941e-05 3.70536e-06 7.52677e-19)
(6.71589e-05 5.32334e-06 1.59997e-18)
(-6.75974e-05 -1.29575e-05 2.18583e-18)
(2.78119e-05 3.26934e-06 -5.60025e-20)
(-4.98643e-06 -2.52799e-06 -2.43212e-18)
(-2.65677e-06 -1.84367e-06 6.54543e-18)
(5.73544e-07 -1.34454e-06 -2.37161e-18)
(3.95285e-07 -1.2842e-06 6.50534e-18)
(1.82662e-06 -7.43087e-07 1.85415e-19)
(1.43916e-07 -4.89126e-07 1.87471e-18)
(-4.57317e-06 -2.70356e-06 -5.66908e-18)
(2.54747e-05 2.76151e-06 3.56112e-18)
(5.15456e-07 4.47227e-06 -5.62585e-19)
(-1.50312e-05 -2.6874e-06 3.73401e-18)
(-1.13635e-05 -1.15317e-06 -2.03289e-18)
(2.09365e-05 3.80247e-06 3.98745e-18)
(-1.33855e-05 -1.96635e-06 2.29634e-18)
(2.94652e-06 5.3703e-07 -1.1832e-18)
(-1.19306e-07 -4.34504e-07 5.06967e-19)
(4.50168e-07 -3.44725e-07 -5.08257e-18)
(3.99575e-07 -4.25912e-07 1.23123e-19)
(4.10397e-07 -4.34324e-07 2.89667e-19)
(4.02552e-07 -4.28839e-07 -2.66805e-19)
(3.90903e-07 -4.03698e-07 2.32067e-19)
(3.78456e-07 -3.68598e-07 -4.88703e-19)
(3.65676e-07 -3.2724e-07 8.29685e-19)
(3.53807e-07 -2.86987e-07 -5.316e-19)
(3.43319e-07 -2.48041e-07 2.69261e-18)
(3.34771e-07 -2.12174e-07 5.24068e-19)
(3.28236e-07 -1.76373e-07 -8.26639e-18)
(3.2329e-07 -1.44397e-07 2.66603e-18)
(3.20107e-07 -1.13448e-07 -6.93926e-18)
(3.18389e-07 -8.64584e-08 6.09916e-18)
(3.18554e-07 -6.06463e-08 -2.00999e-17)
(3.20335e-07 -3.85971e-08 -3.26975e-17)
(3.24137e-07 -1.80631e-08 -3.23177e-17)
(3.29582e-07 -1.02639e-09 1.27031e-17)
(3.36811e-07 1.42409e-08 -2.1524e-17)
(3.45135e-07 2.5745e-08 1.40824e-17)
(3.54195e-07 3.4769e-08 6.52957e-18)
(3.6279e-07 4.14916e-08 -4.40825e-17)
(3.70079e-07 5.00752e-08 -4.01424e-17)
(3.72163e-07 5.65902e-08 4.0772e-17)
(3.7511e-07 6.28759e-08 6.34082e-18)
(3.80722e-07 6.66589e-08 -3.57479e-17)
(3.81985e-07 6.92868e-08 5.61401e-17)
(3.81726e-07 7.28061e-08 8.35987e-18)
(3.77672e-07 7.5631e-08 -6.61573e-19)
(3.69148e-07 8.06764e-08 -9.22396e-17)
(3.5267e-07 8.80319e-08 -7.20233e-17)
(3.25372e-07 1.07852e-07 1.39161e-16)
(2.80585e-07 1.26332e-07 1.72645e-17)
(2.26172e-07 1.40465e-07 1.38455e-16)
(1.59291e-07 1.43026e-07 -1.10024e-18)
(8.09645e-08 1.72329e-07 2.68658e-16)
(6.56885e-06 -4.96327e-06 -4.19989e-19)
(7.50457e-06 -5.24191e-06 -2.26768e-19)
(5.05863e-06 -4.14709e-06 -5.42937e-19)
(4.49643e-06 -3.70269e-06 2.00607e-19)
(3.98011e-06 -3.4844e-06 3.22224e-19)
(3.50066e-06 -3.28643e-06 1.31704e-19)
(3.05961e-06 -3.10676e-06 4.42823e-19)
(2.66101e-06 -2.91561e-06 -8.83575e-19)
(2.30698e-06 -2.71686e-06 -3.0799e-19)
(1.9986e-06 -2.5285e-06 -8.3478e-19)
(1.73558e-06 -2.35955e-06 6.82793e-20)
(1.5165e-06 -2.21114e-06 2.64083e-19)
(1.33906e-06 -2.07876e-06 3.5634e-19)
(1.19908e-06 -1.95669e-06 -3.06554e-20)
(1.08887e-06 -1.84032e-06 -1.50721e-18)
(9.98211e-07 -1.72895e-06 -1.91138e-19)
(9.22639e-07 -1.62474e-06 8.15699e-20)
(8.71496e-07 -1.52784e-06 -8.06115e-20)
(8.82706e-07 -1.44103e-06 -6.40699e-19)
(1.13247e-06 -1.37691e-06 -1.43989e-18)
(2.29982e-06 -1.36931e-06 -5.39613e-19)
(-3.19838e-07 -1.17625e-06 6.74928e-19)
(-7.14048e-06 -6.54515e-07 9.13612e-19)
(5.23391e-06 -1.61519e-06 -3.01166e-19)
(-2.45912e-06 -3.09303e-06 -1.68139e-18)
(6.29467e-06 -1.68171e-07 -6.4749e-19)
(2.70136e-06 -1.38811e-06 -4.53195e-19)
(-8.17193e-09 -1.44293e-06 2.94468e-18)
(1.4151e-07 -1.3028e-06 -3.5317e-18)
(2.18217e-07 -1.2393e-06 6.37497e-20)
(2.13297e-08 -1.13158e-06 -1.1828e-18)
(-1.48518e-08 -1.01337e-06 -3.50006e-18)
(2.5257e-07 -1.01142e-06 -2.00126e-18)
(2.46518e-06 -5.53277e-07 3.51413e-18)
(-4.70654e-07 -4.17866e-07 -2.13708e-19)
(-2.44659e-06 -2.17963e-06 -2.15125e-18)
(6.32926e-06 8.17055e-07 -3.83186e-18)
(1.61797e-05 3.49863e-06 -1.05153e-18)
(-1.37977e-05 -2.22432e-06 2.2706e-19)
(9.00159e-07 1.77221e-06 4.04629e-19)
(-4.46479e-06 3.72678e-06 3.30152e-18)
(1.35457e-06 -1.45083e-06 -9.19185e-20)
(-1.6848e-07 -2.5893e-07 1.35164e-18)
(3.52722e-07 -4.36271e-07 1.60006e-18)
(2.8812e-07 -3.59224e-07 -2.53597e-19)
(3.23647e-07 -3.55338e-07 2.95503e-19)
(3.26196e-07 -3.33595e-07 -1.24176e-19)
(3.29838e-07 -3.07667e-07 -9.86185e-20)
(3.31106e-07 -2.7526e-07 -6.56784e-19)
(3.32295e-07 -2.41614e-07 -1.15763e-18)
(3.32426e-07 -2.08774e-07 -1.10003e-18)
(3.32452e-07 -1.78363e-07 -2.29312e-18)
(3.32132e-07 -1.48788e-07 2.18104e-18)
(3.32233e-07 -1.20578e-07 3.81015e-18)
(3.32328e-07 -9.25162e-08 -6.682e-18)
(3.32591e-07 -6.64708e-08 1.2899e-18)
(3.32917e-07 -4.11534e-08 -4.30786e-18)
(3.3348e-07 -1.87475e-08 7.87212e-18)
(3.3467e-07 2.09459e-09 3.19059e-18)
(3.36527e-07 1.96726e-08 5.59634e-18)
(3.3955e-07 3.49089e-08 -5.76213e-18)
(3.43272e-07 4.58091e-08 -1.80972e-17)
(3.47856e-07 5.29776e-08 -2.59287e-17)
(3.52252e-07 5.6622e-08 3.31834e-17)
(3.56183e-07 6.08333e-08 1.95508e-17)
(3.56017e-07 6.43718e-08 -1.0421e-17)
(3.56175e-07 6.89771e-08 2.31676e-17)
(3.59171e-07 7.01004e-08 6.29276e-18)
(3.58415e-07 6.9409e-08 8.94285e-18)
(3.56208e-07 6.91568e-08 -9.92265e-18)
(3.5099e-07 6.69922e-08 4.60855e-17)
(3.42062e-07 6.51671e-08 -2.55243e-18)
(3.27585e-07 6.64466e-08 7.87443e-17)
(3.00703e-07 6.98024e-08 4.1354e-17)
(2.62602e-07 8.17285e-08 -1.48098e-17)
(2.1425e-07 9.05533e-08 -1.44501e-17)
(1.52525e-07 8.99382e-08 1.17478e-17)
(8.03762e-08 1.14579e-07 -2.65558e-16)
(2.6585e-06 -4.02931e-06 -5.92228e-21)
(2.86637e-06 -4.28002e-06 -1.28289e-19)
(1.04779e-06 -3.27461e-06 1.0545e-20)
(6.63851e-07 -3.0321e-06 1.39024e-19)
(2.95628e-07 -2.92316e-06 -8.76002e-20)
(-3.31214e-08 -2.80019e-06 -1.3422e-19)
(-3.16042e-07 -2.68143e-06 -9.41834e-20)
(-5.54133e-07 -2.54251e-06 2.64823e-19)
(-7.49221e-07 -2.38869e-06 2.57546e-19)
(-9.04283e-07 -2.23391e-06 2.18188e-19)
(-1.02169e-06 -2.09227e-06 1.33398e-20)
(-1.10385e-06 -1.96861e-06 -9.11849e-20)
(-1.15227e-06 -1.86185e-06 2.46619e-20)
(-1.16986e-06 -1.76546e-06 -1.34374e-19)
(-1.15906e-06 -1.67296e-06 2.65665e-19)
(-1.12545e-06 -1.57969e-06 -1.21112e-19)
(-1.07511e-06 -1.4858e-06 3.63738e-20)
(-1.01167e-06 -1.39427e-06 -1.23931e-19)
(-9.28776e-07 -1.3094e-06 -5.40441e-19)
(-8.09711e-07 -1.23588e-06 5.47499e-20)
(-7.50976e-07 -1.18169e-06 3.51294e-19)
(-5.25653e-07 -1.18804e-06 -3.95824e-19)
(1.24487e-06 -1.17728e-06 -4.90313e-19)
(-2.47676e-06 -9.18907e-07 -3.66542e-19)
(2.13239e-06 -3.84917e-07 5.37179e-20)
(-1.75956e-06 -1.17402e-06 2.20179e-19)
(-2.26931e-07 -8.93064e-07 4.24513e-19)
(6.68568e-07 -8.25092e-07 -9.69818e-19)
(5.06033e-08 -8.55995e-07 2.06148e-19)
(5.2263e-07 -7.20092e-07 8.66317e-19)
(2.29158e-07 -6.91117e-07 -9.08558e-19)
(1.21246e-07 -6.24369e-07 1.9467e-18)
(1.40416e-07 -5.08327e-07 3.00852e-18)
(-1.23586e-07 -4.05701e-07 -9.28885e-19)
(-2.52632e-06 -9.84001e-07 -2.81823e-18)
(-2.27503e-06 -8.97339e-07 1.14957e-18)
(2.00393e-06 1.35802e-07 3.25596e-19)
(-4.31052e-07 -3.53737e-07 8.79951e-19)
(2.60141e-05 6.91554e-06 -1.32202e-19)
(7.02606e-05 3.07169e-05 -3.66452e-19)
(-0.000113842 -2.3924e-05 3.49263e-20)
(3.00269e-05 -1.54252e-05 4.13408e-19)
(-5.59246e-06 1.09728e-06 9.51407e-19)
(1.55653e-06 -7.54019e-07 -5.43656e-19)
(2.211e-07 -1.09244e-07 1.29781e-19)
(3.86068e-07 -1.54451e-07 2.26282e-19)
(3.45466e-07 -1.30261e-07 -1.4688e-19)
(3.52523e-07 -1.32181e-07 7.73678e-21)
(3.54658e-07 -1.26608e-07 -1.2197e-20)
(3.58088e-07 -1.18573e-07 2.3708e-19)
(3.6084e-07 -1.08623e-07 -6.12443e-19)
(3.63515e-07 -9.82823e-08 1.29378e-18)
(3.65192e-07 -8.61208e-08 1.60418e-18)
(3.66723e-07 -7.31086e-08 -3.46137e-18)
(3.67784e-07 -5.81455e-08 1.7147e-18)
(3.69071e-07 -4.25583e-08 -1.0297e-18)
(3.70122e-07 -2.51735e-08 3.06622e-18)
(3.71363e-07 -7.99768e-09 5.29992e-18)
(3.72619e-07 9.41021e-09 4.75403e-18)
(3.74162e-07 2.51996e-08 -2.24854e-18)
(3.76059e-07 3.92791e-08 1.36829e-18)
(3.78196e-07 4.92063e-08 7.86591e-18)
(3.80519e-07 5.525e-08 -6.09109e-18)
(3.82199e-07 5.6942e-08 -1.08866e-17)
(3.83028e-07 5.76918e-08 -5.50207e-18)
(3.81328e-07 5.76388e-08 1.01606e-17)
(3.76552e-07 6.03597e-08 -1.54205e-17)
(3.75203e-07 5.97715e-08 1.27023e-17)
(3.6951e-07 5.75225e-08 6.89468e-19)
(3.62017e-07 5.43298e-08 -5.61197e-18)
(3.51314e-07 4.90811e-08 -3.3916e-17)
(3.37801e-07 4.39853e-08 -1.32718e-17)
(3.17098e-07 3.34789e-08 -2.75993e-17)
(2.89645e-07 3.25799e-08 -6.02124e-17)
(2.54861e-07 3.89413e-08 -7.6526e-18)
(2.07536e-07 3.8809e-08 4.82055e-17)
(1.51118e-07 4.03581e-08 -4.8356e-19)
(7.76487e-08 5.46875e-08 4.83342e-17)
(-2.69317e-06 -1.93506e-06 -8.8025e-21)
(-3.21255e-06 -1.88498e-06 -3.13569e-20)
(-3.33132e-06 -1.58279e-06 1.45543e-21)
(-3.32627e-06 -1.46926e-06 -5.01892e-21)
(-3.31317e-06 -1.42693e-06 2.6455e-21)
(-3.27676e-06 -1.38452e-06 1.47594e-20)
(-3.21904e-06 -1.35039e-06 6.14451e-20)
(-3.1446e-06 -1.30998e-06 2.50448e-20)
(-3.05709e-06 -1.26465e-06 -4.64717e-21)
(-2.95999e-06 -1.22037e-06 3.74364e-20)
(-2.85551e-06 -1.18055e-06 -3.02524e-20)
(-2.74564e-06 -1.14442e-06 -3.26095e-20)
(-2.6312e-06 -1.10758e-06 -1.40141e-19)
(-2.51292e-06 -1.06715e-06 9.92904e-20)
(-2.3909e-06 -1.022e-06 1.03651e-19)
(-2.26555e-06 -9.72386e-07 -1.79657e-20)
(-2.13819e-06 -9.19964e-07 -1.31574e-20)
(-2.01153e-06 -8.67673e-07 8.831e-20)
(-1.88517e-06 -8.19053e-07 1.28399e-19)
(-1.74956e-06 -7.77666e-07 6.6184e-20)
(-1.58634e-06 -7.47153e-07 -2.54498e-20)
(-1.50151e-06 -7.28955e-07 7.99388e-20)
(-1.48611e-06 -6.91055e-07 2.02996e-20)
(-1.57339e-06 -6.48272e-07 7.2876e-20)
(-8.23764e-07 -5.60774e-07 3.52107e-20)
(-1.09892e-06 -5.95052e-07 -4.87812e-20)
(-6.62867e-07 -4.97914e-07 -7.63677e-20)
(-6.27435e-07 -4.7281e-07 3.57113e-19)
(-4.47948e-07 -4.02056e-07 2.79083e-19)
(-1.36019e-07 -3.38231e-07 -3.28136e-19)
(-1.46369e-07 -2.91329e-07 -1.73205e-20)
(-7.46628e-08 -2.17071e-07 2.93203e-20)
(-5.51225e-08 -1.49761e-07 -7.66324e-19)
(-4.06378e-08 -1.48187e-07 -1.37851e-18)
(2.00824e-07 -2.03799e-07 1.8432e-18)
(3.73793e-07 -3.56167e-08 1.34466e-18)
(7.09744e-07 3.31082e-07 8.55836e-19)
(2.2974e-06 9.26616e-07 -1.38113e-19)
(-7.46115e-07 9.97389e-07 1.4153e-19)
(-3.80644e-05 -8.4529e-06 -4.85651e-19)
(1.34566e-05 -6.61983e-06 -6.30434e-19)
(2.29749e-05 4.60006e-06 -3.05221e-19)
(1.86974e-06 8.44242e-07 -5.89048e-19)
(9.25203e-07 2.74807e-07 -1.04778e-19)
(4.88739e-07 1.70803e-07 -1.20127e-19)
(4.9217e-07 9.38431e-08 -1.44068e-19)
(4.48404e-07 5.37858e-08 8.0077e-20)
(4.40062e-07 2.03744e-08 9.57725e-20)
(4.3902e-07 -3.78336e-09 1.36053e-20)
(4.44006e-07 -2.11418e-08 4.55165e-20)
(4.51478e-07 -3.15277e-08 -2.70946e-21)
(4.61926e-07 -3.64297e-08 -3.09402e-19)
(4.73872e-07 -3.68783e-08 -1.0284e-18)
(4.8752e-07 -3.35703e-08 5.81875e-19)
(5.01348e-07 -2.67393e-08 -5.17615e-19)
(5.15464e-07 -1.71246e-08 7.69749e-20)
(5.28359e-07 -5.30223e-09 1.00023e-19)
(5.39645e-07 7.0067e-09 -1.41276e-18)
(5.47832e-07 1.91691e-08 1.10005e-19)
(5.52572e-07 2.93395e-08 -1.34917e-18)
(5.53164e-07 3.74346e-08 -1.66637e-19)
(5.4964e-07 4.18986e-08 -2.20721e-18)
(5.4227e-07 4.27119e-08 5.51967e-18)
(5.31319e-07 3.97975e-08 -1.09994e-18)
(5.18123e-07 3.52023e-08 2.96061e-18)
(5.03858e-07 2.99747e-08 -4.88497e-18)
(4.84574e-07 3.05803e-08 4.3565e-18)
(4.6926e-07 2.87966e-08 1.55679e-19)
(4.47123e-07 2.61123e-08 2.95593e-18)
(4.21614e-07 2.25408e-08 1.02583e-17)
(3.92765e-07 1.83283e-08 -1.09121e-18)
(3.60888e-07 1.1497e-08 2.2842e-18)
(3.26145e-07 6.56402e-09 -3.3712e-18)
(2.92454e-07 4.73705e-09 -3.15646e-18)
(2.50356e-07 8.95812e-09 7.13793e-18)
(2.02745e-07 9.72284e-09 -3.72252e-17)
(1.41367e-07 9.57013e-09 -7.40445e-18)
(7.7528e-08 1.69249e-08 8.53335e-17)
)
;

boundaryField
{
    inlet
    {
        type            calculated;
        value           nonuniform List<vector> 
27
(
(-9.49401e-08 0.603869 -7.39662e-16)
(2.20874e-10 0.576213 -7.61666e-16)
(3.8878e-08 0.553748 1.22431e-15)
(6.00353e-08 0.541111 -1.89477e-15)
(7.97398e-08 0.52964 -1.06215e-15)
(9.18125e-08 0.516278 2.6612e-15)
(9.84816e-08 0.502352 -6.44686e-16)
(1.01124e-07 0.488882 8.89299e-16)
(1.01001e-07 0.475749 2.69295e-16)
(9.96331e-08 0.462706 -1.50212e-15)
(9.66347e-08 0.449642 4.72832e-16)
(9.3059e-08 0.436561 8.39012e-17)
(8.93298e-08 0.423388 -1.26747e-16)
(8.60354e-08 0.409945 1.8108e-16)
(8.23465e-08 0.395968 -3.41119e-16)
(7.7554e-08 0.380876 2.54884e-16)
(7.07696e-08 0.363902 3.55136e-16)
(6.80236e-08 0.34434 8.45756e-17)
(7.5911e-08 0.331831 -3.34944e-16)
(8.25799e-08 0.323286 -6.10419e-16)
(8.49211e-08 0.312672 1.12915e-15)
(8.59577e-08 0.299697 2.81225e-16)
(8.4241e-08 0.284701 -8.00885e-16)
(8.09613e-08 0.264754 2.68658e-16)
(8.03578e-08 0.236361 -2.65558e-16)
(7.76436e-08 0.176461 4.83342e-17)
(7.7528e-08 0.083894 8.53335e-17)
)
;
    }
    outlet
    {
        type            calculated;
        value           nonuniform List<vector> 
78
(
(-0.0167552 -1.93507e-06 -8.8025e-21)
(-0.0168413 -1.88488e-06 -3.13569e-20)
(-0.0169302 -1.58277e-06 1.45543e-21)
(-0.0170236 -1.46916e-06 -5.01892e-21)
(-0.0171218 -1.42691e-06 2.6455e-21)
(-0.0172253 -1.38443e-06 1.47594e-20)
(-0.0173348 -1.35038e-06 6.14451e-20)
(-0.0174509 -1.30989e-06 2.50448e-20)
(-0.0175737 -1.26464e-06 -4.64717e-21)
(-0.0177032 -1.22028e-06 3.74364e-20)
(-0.0178405 -1.18054e-06 -3.02524e-20)
(-0.017987 -1.14434e-06 -3.26095e-20)
(-0.0181434 -1.10757e-06 -1.40141e-19)
(-0.0183109 -1.06707e-06 9.92904e-20)
(-0.0184906 -1.02199e-06 1.03651e-19)
(-0.0186839 -9.72304e-07 -1.79657e-20)
(-0.018893 -9.19951e-07 -1.31574e-20)
(-0.0191202 -8.6759e-07 8.831e-20)
(-0.0193678 -8.19039e-07 1.28399e-19)
(-0.0196397 -7.77585e-07 6.6184e-20)
(-0.0199399 -7.47138e-07 -2.54498e-20)
(-0.0202723 -7.28875e-07 7.99388e-20)
(-0.0206374 -6.91041e-07 2.02996e-20)
(-0.02103 -6.48194e-07 7.2876e-20)
(-0.0214431 -5.60761e-07 3.52107e-20)
(-0.0218854 -5.94978e-07 -4.87812e-20)
(-0.0224056 -4.97904e-07 -7.63677e-20)
(-0.023133 -4.72741e-07 3.57113e-19)
(-0.0242781 -4.0205e-07 2.79083e-19)
(-0.0260636 -3.38167e-07 -3.28136e-19)
(-0.0285317 -2.91326e-07 -1.73205e-20)
(-0.0312815 -2.17014e-07 2.93203e-20)
(-0.0333716 -1.49761e-07 -7.66324e-19)
(-0.0335701 -1.48136e-07 -1.37851e-18)
(-0.0308415 -2.03801e-07 1.8432e-18)
(-0.0248085 -3.55724e-08 1.34466e-18)
(-0.0160019 3.31077e-07 8.55836e-19)
(-0.00585341 9.26652e-07 -1.38113e-19)
(0.00363235 9.97384e-07 1.4153e-19)
(0.010517 -8.45287e-06 -4.85651e-19)
(0.0138774 -6.61984e-06 -6.30434e-19)
(0.0138474 4.60008e-06 -3.05221e-19)
(0.0117511 8.44238e-07 -5.89048e-19)
(0.00912668 2.74822e-07 -1.04778e-19)
(0.0068547 1.708e-07 -1.20127e-19)
(0.00513164 9.3854e-08 -1.44068e-19)
(0.00379291 5.37839e-08 8.0077e-20)
(0.00265737 2.0384e-08 9.57725e-20)
(0.00165244 -3.78356e-09 1.36053e-20)
(0.000778178 -2.11314e-08 4.55165e-20)
(4.29658e-05 -3.15238e-08 -2.70946e-21)
(-0.000560664 -3.64175e-08 -3.09402e-19)
(-0.00105081 -3.68718e-08 -1.0284e-18)
(-0.00144589 -3.3557e-08 5.81875e-19)
(-0.00176171 -2.67301e-08 -5.17615e-19)
(-0.0020126 -1.7112e-08 7.69749e-20)
(-0.00221166 -5.2926e-09 1.00023e-19)
(-0.00237032 7.01723e-09 -1.41276e-18)
(-0.00249824 1.91772e-08 1.10005e-19)
(-0.00260227 2.93473e-08 -1.34917e-18)
(-0.00268934 3.74409e-08 -1.66637e-19)
(-0.00275843 4.19039e-08 -2.20721e-18)
(-0.00281923 4.27165e-08 5.51967e-18)
(-0.00284783 3.98007e-08 -1.09994e-18)
(-0.0028757 3.52061e-08 2.96061e-18)
(-0.00279453 2.99781e-08 -4.88497e-18)
(-0.00285821 3.05834e-08 4.3565e-18)
(-0.00275648 2.87981e-08 1.55679e-19)
(-0.00303589 2.61137e-08 2.95593e-18)
(-0.00251753 2.25417e-08 1.02583e-17)
(-0.00361689 1.83288e-08 -1.09121e-18)
(-0.00146484 1.14982e-08 2.2842e-18)
(-0.00557301 6.56475e-09 -3.3712e-18)
(0.00194699 4.73886e-09 -3.15646e-18)
(-0.011611 8.95937e-09 7.13793e-18)
(0.0102811 9.72357e-09 -3.72252e-17)
(-0.0301399 9.5703e-09 -7.40445e-18)
(0.0268934 1.69249e-08 8.53335e-17)
)
;
    }
    walls
    {
        type            calculated;
        value           nonuniform List<vector> 0();
    }
    frontAndBack
    {
        type            empty;
    }
    procBoundary7to3
    {
        type            processor;
        value           nonuniform List<vector> 
16
(
(-3.63133e-05 2.16868e-05 -7.58901e-17)
(-3.73887e-05 2.67549e-05 -1.36774e-17)
(-3.23723e-05 2.51293e-05 -1.24918e-17)
(-2.00038e-05 1.81073e-05 6.81347e-18)
(-2.87968e-06 6.3677e-06 4.92443e-19)
(1.27919e-05 -4.48965e-06 2.71327e-18)
(1.79828e-05 -1.46035e-05 9.35511e-18)
(9.49213e-06 -1.29579e-05 -2.26199e-18)
(-2.45896e-06 -7.26109e-06 9.6402e-19)
(-2.45896e-06 -7.26109e-06 9.6402e-19)
(-3.01947e-06 -3.53467e-06 4.09764e-18)
(3.64342e-06 -3.34468e-06 2.12846e-19)
(9.84971e-06 -5.39933e-06 4.59622e-19)
(1.00607e-05 -6.8745e-06 9.89353e-20)
(5.27483e-06 -5.65728e-06 1.52323e-19)
(-2.51235e-06 -2.30449e-06 1.05498e-19)
)
;
    }
    procBoundary7to6
    {
        type            processor;
        value           nonuniform List<vector> 
91
(
(-7.29762e-08 1.06178e-06 4.6862e-16)
(-1.44928e-07 4.55207e-07 4.28202e-16)
(-1.44928e-07 4.55207e-07 4.28202e-16)
(4.33588e-08 7.50295e-07 6.99688e-17)
(4.33588e-08 7.50295e-07 6.99688e-17)
(1.41084e-07 6.9048e-07 -1.34457e-17)
(1.41084e-07 6.9048e-07 -1.34457e-17)
(1.40309e-07 8.49013e-07 -1.42926e-15)
(1.73009e-07 7.79621e-07 9.72572e-16)
(1.73009e-07 7.79621e-07 9.72572e-16)
(1.44462e-07 1.09272e-06 -1.35828e-16)
(1.74432e-07 9.56255e-07 -8.67068e-16)
(1.74432e-07 9.56255e-07 -8.67068e-16)
(2.72016e-07 1.77846e-06 -1.17377e-15)
(2.22744e-07 1.58143e-06 3.46879e-17)
(1.97211e-07 1.35383e-06 -5.81029e-16)
(1.97211e-07 1.35383e-06 -5.81029e-16)
(6.80498e-07 2.26272e-06 -2.28237e-16)
(5.53064e-07 2.02015e-06 -7.64068e-16)
(4.58203e-07 1.86483e-06 2.06169e-16)
(4.58203e-07 1.86483e-06 2.06169e-16)
(1.94927e-06 2.96568e-06 1.75352e-15)
(1.57403e-06 2.73274e-06 4.69008e-16)
(1.26115e-06 2.54552e-06 1.30492e-15)
(1.03027e-06 2.36111e-06 -1.99328e-16)
(1.03027e-06 2.36111e-06 -1.99328e-16)
(4.97054e-06 2.40678e-06 -1.25977e-16)
(4.3799e-06 2.49493e-06 2.93242e-17)
(3.80138e-06 2.57782e-06 -4.62559e-17)
(3.20897e-06 2.62555e-06 -1.04362e-15)
(2.68945e-06 2.59994e-06 4.81723e-16)
(2.68945e-06 2.59994e-06 4.81723e-16)
(8.80207e-06 -3.25888e-07 2.29034e-16)
(8.29784e-06 1.72392e-07 3.19269e-16)
(7.75721e-06 5.71106e-07 -1.92767e-17)
(7.19283e-06 8.96432e-07 2.20447e-16)
(6.63769e-06 1.15392e-06 2.2475e-16)
(6.06232e-06 1.36584e-06 4.69452e-17)
(5.55493e-06 1.5266e-06 1.9993e-17)
(5.55493e-06 1.5266e-06 1.9993e-17)
(6.03714e-06 -5.29577e-06 -2.36388e-18)
(6.68374e-06 -5.17285e-06 -9.47709e-18)
(7.25777e-06 -4.98411e-06 -5.90678e-18)
(7.73993e-06 -4.76414e-06 -3.63259e-17)
(8.14371e-06 -4.45681e-06 -2.95926e-17)
(8.43538e-06 -4.13108e-06 -5.25639e-17)
(8.64308e-06 -3.72695e-06 1.32444e-16)
(8.74311e-06 -3.30194e-06 -3.31279e-17)
(8.7626e-06 -2.83479e-06 7.3124e-17)
(8.67505e-06 -2.37317e-06 1.36034e-16)
(8.51312e-06 -1.90156e-06 -6.98031e-17)
(8.25748e-06 -1.4245e-06 -2.62324e-16)
(8.25748e-06 -1.4245e-06 -2.62324e-16)
(-4.00639e-05 6.20174e-06 2.42944e-18)
(-2.66222e-05 1.59189e-06 -1.46698e-17)
(3.71594e-06 -1.04698e-07 -6.96556e-17)
(-2.12477e-05 -5.45887e-06 -5.12604e-17)
(3.93084e-06 7.72234e-06 1.88035e-17)
(-3.39909e-05 -1.44815e-06 -2.06132e-18)
(1.37929e-07 1.10299e-06 -1.80771e-17)
(1.92586e-05 6.58676e-07 9.85009e-18)
(3.21693e-05 1.61296e-06 5.16351e-17)
(3.88183e-05 2.84964e-06 8.00437e-18)
(4.07051e-05 3.88713e-06 -4.90681e-17)
(3.64252e-05 4.20486e-06 -2.70465e-19)
(2.50209e-05 3.53677e-06 -2.06812e-17)
(7.23825e-06 1.92803e-06 -3.99559e-17)
(-1.38517e-05 -3.66579e-07 -8.10953e-18)
(-3.33358e-05 -2.84334e-06 4.2607e-17)
(-4.74195e-05 -5.30148e-06 1.64374e-17)
(-5.31036e-05 -7.10207e-06 -8.18212e-17)
(-4.43503e-05 -7.17133e-06 -7.50629e-17)
(-7.8668e-06 -8.37036e-07 1.48208e-17)
(-4.45774e-05 2.81186e-06 8.43307e-17)
(4.9868e-05 -8.14163e-06 -4.09915e-17)
(-0.000165468 -6.54073e-05 -4.15394e-17)
(0.000154922 1.56932e-05 1.05357e-16)
(-2.69256e-05 -1.57165e-05 -4.88868e-17)
(1.2168e-06 1.98118e-06 -5.68416e-17)
(7.62289e-07 1.04492e-06 5.31142e-18)
(-3.06408e-07 8.49463e-07 -4.05548e-18)
(4.13382e-07 2.71668e-07 -5.61186e-17)
(1.17513e-06 -4.46017e-07 2.10105e-17)
(1.81569e-06 -1.06559e-06 3.81169e-19)
(2.37905e-06 -1.50166e-06 -3.03363e-17)
(2.95147e-06 -1.87931e-06 1.32362e-17)
(3.50042e-06 -2.20915e-06 1.95502e-17)
(4.0714e-06 -2.54007e-06 3.02114e-17)
(4.60067e-06 -2.8769e-06 -1.15658e-17)
(5.10415e-06 -3.06809e-06 8.60689e-18)
(5.10415e-06 -3.06809e-06 8.60689e-18)
)
;
    }
}


// ************************************************************************* //
