/*--------------------------------*- C++ -*----------------------------------*\
| =========                 |                                                 |
| \\      /  F ield         | OpenFOAM: The Open Source CFD Toolbox           |
|  \\    /   O peration     | Version:  2306                                  |
|   \\  /    A nd           | Website:  www.openfoam.com                      |
|    \\/     M anipulation  |                                                 |
\*---------------------------------------------------------------------------*/
FoamFile
{
    version     2.0;
    format      ascii;
    arch        "LSB;label=32;scalar=64";
    class       volVectorField;
    location    "325";
    object      U;
}
// * * * * * * * * * * * * * * * * * * * * * * * * * * * * * * * * * * * * * //

dimensions      [0 1 -1 0 0 0 0];

internalField   nonuniform List<vector> 
1340
(
(0.226842 27.65 6.75047e-18)
(1.96427 29.9462 -5.62449e-17)
(4.13727 32.1646 2.12902e-16)
(6.63511 33.8975 -4.10411e-16)
(9.39138 35.2275 3.14721e-16)
(12.3378 36.1128 2.00397e-16)
(15.3194 36.4549 -3.61692e-16)
(18.2404 36.2882 1.24253e-15)
(21.0158 35.6778 -8.39424e-16)
(23.5627 34.6585 -5.80957e-16)
(25.8442 33.3255 3.00322e-16)
(27.8134 31.7278 1.67807e-15)
(29.4235 29.8621 6.52343e-16)
(30.658 27.7687 5.97851e-16)
(31.4741 25.4627 1.43031e-15)
(31.8436 22.9752 1.24033e-15)
(31.6963 20.3076 -2.52913e-15)
(30.9546 17.4962 -8.97352e-15)
(29.4843 14.5533 6.68143e-15)
(27.1571 11.5433 -3.12769e-16)
(23.8327 8.53054 -1.30861e-15)
(19.5608 5.67555 -2.42415e-15)
(14.8829 3.22647 8.27474e-15)
(11.4352 1.43905 -2.15004e-15)
(10.0541 0.259991 1.47913e-15)
(10.693 -0.359076 -3.16107e-15)
(12.1128 -0.599224 1.8944e-16)
(13.6201 -0.719373 -1.37309e-15)
(14.8636 -0.87102 -5.45319e-15)
(15.6875 -1.08639 -7.68249e-15)
(16.1217 -1.34663 7.7234e-15)
(16.26 -1.62002 2.69386e-15)
(16.0594 -1.86576 1.10782e-15)
(15.5529 -2.06033 3.71584e-14)
(14.7237 -2.17935 -5.57823e-15)
(-1.14335 25.1995 7.65896e-18)
(-2.24941 22.439 1.16863e-17)
(-3.01508 19.3321 -9.04873e-17)
(-3.31771 15.7358 8.60082e-17)
(-2.99773 12.0209 -2.85965e-16)
(-2.02536 8.32307 7.07715e-16)
(-0.4883 4.95376 1.88577e-15)
(7.15426 23.9949 -3.54618e-18)
(9.04485 25.7219 -2.16275e-17)
(11.3485 27.286 1.50712e-17)
(14.0044 28.5825 6.47111e-17)
(16.8662 29.5517 -3.30614e-16)
(19.9387 30.1334 -1.76121e-16)
(23.1095 30.2811 -5.82083e-16)
(26.2457 30.016 1.14495e-16)
(29.2938 29.3479 -4.87159e-16)
(32.1706 28.3286 -8.47296e-17)
(34.8201 27.0111 1.2174e-15)
(37.2354 25.4939 -1.62237e-15)
(39.4253 23.8669 -9.28017e-16)
(41.4015 22.1627 -1.68302e-17)
(43.151 20.4123 5.61713e-16)
(44.633 18.6541 -1.17261e-15)
(45.8288 16.9117 -6.08677e-16)
(46.7012 15.2141 3.57364e-15)
(47.1892 13.5687 -5.87834e-16)
(47.1803 11.9798 -1.2088e-15)
(46.4801 10.3982 -1.7015e-15)
(44.8597 8.72492 1.47972e-15)
(42.1777 6.82233 -2.19533e-15)
(38.639 4.7582 -2.05724e-16)
(35.1047 2.86657 1.18662e-15)
(31.9497 1.34583 1.13937e-15)
(29.1482 0.240066 8.55237e-17)
(26.7663 -0.550435 5.74507e-16)
(24.9126 -1.15067 1.34925e-15)
(23.5622 -1.62223 1.07703e-15)
(22.5367 -1.9916 -1.04683e-15)
(21.6118 -2.27778 -1.2312e-16)
(20.6885 -2.50214 1.44805e-14)
(19.6828 -2.67085 -1.09646e-14)
(18.5046 -2.76908 1.73638e-15)
(5.55913 22.1557 3.08059e-17)
(4.17388 20.111 -9.5818e-17)
(2.95985 17.7171 -4.79868e-16)
(2.03904 14.9969 4.47184e-16)
(1.59099 12.0391 6.06091e-16)
(1.70451 8.98329 -2.53127e-17)
(8.30373 22.1021 2.14364e-18)
(9.6454 23.6278 1.00249e-17)
(11.278 25.1137 5.0989e-18)
(13.1542 26.4877 -5.36317e-17)
(15.2219 27.631 1.44122e-16)
(17.48 28.5202 2.15239e-16)
(19.8543 29.1165 5.84812e-16)
(22.2703 29.3823 2.46076e-17)
(24.6707 29.3177 6.10419e-16)
(26.9979 28.9346 -1.19582e-15)
(29.1986 28.253 -1.30098e-16)
(31.2388 27.2978 -3.3444e-16)
(33.0913 26.0991 1.5118e-15)
(34.739 24.6895 -3.33299e-16)
(36.1802 23.1034 -4.38929e-16)
(37.4741 21.3517 -6.31128e-16)
(38.6511 19.4648 1.95112e-15)
(39.7311 17.4988 -1.55501e-15)
(40.7748 15.5034 -9.24662e-16)
(41.8275 13.5523 2.37263e-15)
(42.9504 11.6867 -1.87381e-15)
(44.0627 9.89471 -3.57713e-16)
(44.8741 8.03607 -4.50281e-16)
(44.9394 6.02684 6.38448e-16)
(44.1671 4.02959 -3.6931e-16)
(42.812 2.28445 5.9552e-16)
(41.097 0.902591 -1.14595e-16)
(39.0735 -0.183192 -8.58507e-17)
(36.6978 -1.07336 1.53223e-15)
(34.0084 -1.80072 2.17506e-16)
(31.2164 -2.36345 -3.02836e-15)
(28.6095 -2.76878 3.15973e-15)
(26.3395 -3.03898 -7.69288e-16)
(24.3364 -3.19736 1.52559e-16)
(22.4093 -3.25637 -3.40881e-15)
(7.20942 20.4949 3.83904e-18)
(6.24969 18.7401 -8.46707e-17)
(5.45219 16.6749 2.92012e-16)
(4.81173 14.3645 2.30187e-16)
(4.4834 11.8835 -6.55493e-16)
(4.51285 9.3014 -6.21781e-16)
(10.9051 20.2265 1.19615e-17)
(12.1616 21.5215 -1.40265e-17)
(13.6684 22.7827 1.64235e-17)
(15.4023 23.9358 -2.31029e-17)
(17.3169 24.8906 -6.94572e-17)
(19.4184 25.6282 -1.78996e-16)
(21.651 26.1046 -2.87158e-16)
(23.9542 26.2849 1.04001e-16)
(26.2816 26.1612 6.91609e-16)
(28.578 25.7351 -4.55443e-16)
(30.7924 25.0198 -7.6664e-16)
(32.8853 24.0383 -1.16242e-15)
(34.8211 22.825 1.31946e-15)
(36.5732 21.417 2.22676e-15)
(38.1311 19.8472 -1.98827e-15)
(39.4552 18.1673 -8.58726e-16)
(40.5 16.4355 1.0888e-16)
(41.2617 14.6884 1.74584e-15)
(41.7501 12.963 1.00846e-16)
(42.0136 11.2941 -2.5259e-15)
(42.1509 9.70842 3.36216e-15)
(42.3152 8.2001 -1.57216e-15)
(42.6112 6.68533 3.38205e-16)
(42.8917 5.07577 1.34194e-15)
(42.8518 3.43745 -8.0081e-16)
(42.4024 1.95721 6.70474e-16)
(41.7049 0.742476 7.42553e-17)
(40.9112 -0.254296 -3.78922e-16)
(40.003 -1.12353 -3.02704e-16)
(38.8222 -1.89639 -4.32524e-16)
(37.1774 -2.55657 4.84169e-16)
(34.9669 -3.07696 -4.98636e-15)
(32.293 -3.4395 -5.14365e-15)
(29.4537 -3.64584 1.44338e-15)
(26.6803 -3.70849 5.69022e-15)
(9.84982 18.8718 -5.22442e-17)
(8.90299 17.4029 -2.10339e-17)
(8.07663 15.6701 3.58729e-16)
(7.38529 13.713 -1.58885e-16)
(6.95981 11.601 9.40555e-16)
(12.4357 18.8276 -2.29663e-17)
(13.492 19.9769 7.30384e-18)
(14.7661 21.1189 7.16069e-19)
(16.2233 22.1914 6.15653e-17)
(17.8236 23.1117 1.11991e-16)
(19.5879 23.8751 -3.03423e-16)
(21.4692 24.442 4.33758e-16)
(23.4207 24.777 1.92221e-16)
(25.4118 24.8702 5.37767e-16)
(27.396 24.715 2.80626e-16)
(29.332 24.3129 -8.40445e-17)
(31.1852 23.6756 9.63214e-16)
(32.9214 22.8223 -2.01728e-15)
(34.5137 21.7745 1.41192e-16)
(35.9411 20.5558 2.09198e-15)
(37.1835 19.1899 -1.03654e-15)
(38.2528 17.6725 1.07031e-15)
(39.1435 16.0265 -2.17237e-16)
(39.8482 14.2851 6.94779e-17)
(40.36 12.4945 2.56154e-15)
(40.6851 10.6945 -1.75391e-15)
(40.85 8.91556 7.15459e-17)
(40.8974 7.1498 -3.84967e-16)
(40.8202 5.39132 -1.76712e-15)
(40.5252 3.71162 6.44713e-16)
(39.9732 2.23127 -2.16299e-15)
(39.2756 1.0076 -8.1841e-17)
(38.5792 -0.00804197 2.70027e-16)
(37.9487 -0.895673 -2.23058e-16)
(37.3624 -1.69022 4.06193e-15)
(36.7535 -2.39475 1.55211e-15)
(35.9849 -3.00523 -7.21922e-16)
(34.8204 -3.50409 -4.10824e-15)
(33.0164 -3.85303 6.53882e-15)
(30.5244 -4.01641 -4.8213e-15)
(11.5427 17.6317 1.21261e-17)
(10.7391 16.3483 -1.522e-16)
(10.0173 14.8335 5.98095e-17)
(9.38563 13.1259 3.82113e-17)
(8.96011 11.2897 -1.34013e-15)
(13.9268 17.5935 1.59496e-17)
(14.8867 18.6105 -2.81546e-17)
(16.0398 19.627 5.55771e-18)
(17.3541 20.5842 4.96301e-18)
(18.791 21.4091 -7.23187e-17)
(20.38 22.102 -8.81008e-17)
(22.081 22.6247 -2.73574e-17)
(23.8561 22.9452 -4.37212e-16)
(25.6847 23.0502 -3.89826e-17)
(27.5285 22.9285 2.0279e-16)
(29.3522 22.5758 -3.46004e-16)
(31.1261 21.9955 4.24908e-16)
(32.8169 21.1979 1.45042e-15)
(34.3964 20.1976 7.55234e-16)
(35.8403 19.0134 -2.99601e-15)
(37.1291 17.6665 2.00461e-15)
(38.2356 16.1972 6.3996e-16)
(39.1323 14.6561 -1.34232e-15)
(39.8091 13.0831 5.86741e-16)
(40.2734 11.5076 1.44964e-16)
(40.543 9.94985 -5.46244e-16)
(40.6431 8.40731 2.87153e-15)
(40.5831 6.84858 1.30941e-16)
(40.3359 5.25477 2.35838e-15)
(39.8548 3.68883 -5.06632e-16)
(39.1417 2.27023 2.25458e-16)
(38.2869 1.0739 7.25965e-17)
(37.4059 0.0775478 -2.3804e-17)
(36.5584 -0.784347 -1.27605e-15)
(35.7542 -1.54812 -1.03619e-15)
(35.0034 -2.22209 1.14663e-16)
(34.3274 -2.81048 3.68232e-15)
(33.7109 -3.3178 4.62426e-15)
(33.02 -3.73765 2.34687e-15)
(31.9181 -4.0344 -2.57486e-15)
(13.1069 16.5389 -3.71878e-17)
(12.3656 15.4141 -2.64364e-17)
(11.686 14.0827 8.90501e-17)
(11.0778 12.5781 -2.31446e-16)
(15.126 16.5503 -1.16245e-17)
(15.9879 17.4636 -1.86887e-18)
(17.023 18.3839 6.65083e-18)
(18.1974 19.2568 -1.86424e-17)
(19.4727 20.0168 1.12692e-16)
(20.884 20.6703 -4.39148e-17)
(22.3945 21.184 -8.03931e-17)
(23.9721 21.5289 1.85484e-16)
(25.6045 21.6937 2.47851e-16)
(27.259 21.6666 -2.20601e-16)
(28.9074 21.4407 9.56642e-16)
(30.5251 21.0155 -5.01792e-16)
(32.082 20.396 -1.36011e-15)
(33.5513 19.5917 -2.40341e-15)
(34.9091 18.6166 3.53219e-15)
(36.1313 17.4903 -1.60164e-15)
(37.1983 16.2333 -2.14405e-15)
(38.102 14.8554 -1.32564e-15)
(38.8338 13.3793 -9.82829e-16)
(39.3898 11.8376 -1.41187e-16)
(39.7744 10.2623 -4.84045e-16)
(39.9955 8.67814 -3.32035e-15)
(40.0505 7.08624 1.34629e-15)
(39.9029 5.48745 -3.70722e-15)
(39.5036 3.93424 2.97403e-16)
(38.8546 2.52231 3.19575e-16)
(38.034 1.31664 -8.14538e-17)
(37.1418 0.303352 2.6983e-16)
(36.2289 -0.572933 8.39658e-16)
(35.2977 -1.34531 1.56483e-16)
(34.349 -2.02029 1.09729e-16)
(33.4089 -2.60136 -3.16466e-15)
(32.5201 -3.09393 5.19979e-15)
(31.737 -3.50211 1.77804e-15)
(31.0459 -3.82269 3.24438e-15)
(14.3841 15.6055 -1.29641e-19)
(13.7101 14.6042 1.00988e-16)
(13.08 13.4169 -1.04673e-16)
(12.5031 12.074 5.51418e-16)
(16.1811 15.6315 -8.41491e-20)
(16.9713 16.4554 2.65114e-18)
(17.9187 17.2893 3.24645e-18)
(18.9897 18.0818 -1.27114e-20)
(20.1458 18.774 -2.47518e-17)
(21.4249 19.3758 -2.15932e-16)
(22.7937 19.8565 1.41859e-17)
(24.2246 20.19 2.33143e-16)
(25.7104 20.3663 -5.68832e-16)
(27.2246 20.3727 -3.2128e-16)
(28.7438 20.2005 6.41954e-17)
(30.2487 19.8457 7.72036e-16)
(31.7132 19.3085 2.19757e-15)
(33.113 18.5924 3.13034e-15)
(34.4247 17.7058 8.84947e-17)
(35.6246 16.6615 -1.87183e-16)
(36.6928 15.4753 2.73826e-15)
(37.6072 14.1762 2.37467e-15)
(38.3505 12.7993 -1.23548e-17)
(38.9168 11.3735 -2.36043e-15)
(39.3101 9.92219 8.03256e-16)
(39.5406 8.45781 9.71289e-16)
(39.6119 6.9784 -1.75641e-16)
(39.5009 5.48411 1.44214e-15)
(39.1667 4.01692 -8.03191e-16)
(38.602 2.65903 -3.80369e-16)
(37.8646 1.47456 -1.27437e-17)
(37.0384 0.463085 -4.18395e-16)
(36.1694 -0.417075 -1.34408e-16)
(35.258 -1.1938 -2.5745e-15)
(34.2944 -1.8717 1.12649e-15)
(33.2811 -2.45127 -2.59923e-15)
(32.2304 -2.93485 -5.86786e-15)
(31.178 -3.32385 3.09849e-16)
(30.1772 -3.61571 -1.9017e-15)
(15.4961 14.7808 -1.63286e-17)
(14.8721 13.8828 -5.8051e-17)
(14.2799 12.8159 1.06064e-16)
(13.7291 11.6073 -4.32492e-16)
(17.092 14.8197 -1.39017e-17)
(17.8199 15.5679 -2.5911e-17)
(18.6914 16.3279 1.0762e-17)
(19.6727 17.0521 7.92512e-18)
(20.7258 17.6859 3.54395e-17)
(21.8893 18.2427 1.00293e-16)
(23.1328 18.6948 2.39905e-16)
(24.4312 19.0187 2.61606e-16)
(25.7817 19.2067 -2.56638e-16)
(27.1612 19.247 -6.09015e-17)
(28.5511 19.1305 -1.19106e-16)
(29.9365 18.8522 -1.95521e-15)
(31.2948 18.4098 5.00983e-16)
(32.6044 17.804 -2.03119e-15)
(33.8438 17.0398 -5.435e-16)
(34.9904 16.1262 6.65132e-16)
(36.0223 15.0783 -1.84198e-15)
(36.9214 13.9123 -1.00429e-15)
(37.6738 12.6459 -4.81754e-16)
(38.2698 11.3024 1.56119e-15)
(38.7062 9.90651 1.18434e-16)
(38.9838 8.47972 7.15998e-16)
(39.0999 7.03381 1.35567e-15)
(39.0364 5.58037 -2.75676e-16)
(38.7631 4.15689 -8.16335e-18)
(38.2736 2.82964 1.17786e-15)
(37.6144 1.6549 2.18016e-16)
(36.8577 0.639255 -4.3564e-17)
(36.0489 -0.249007 2.89512e-16)
(35.1927 -1.03431 -2.60728e-16)
(34.2808 -1.72126 -2.97185e-15)
(33.3092 -2.30935 5.58489e-15)
(32.2737 -2.79896 -5.90374e-15)
(31.1731 -3.18755 -6.15499e-15)
(30.0026 -3.46808 5.72644e-15)
(16.4572 14.0482 8.58667e-18)
(15.8771 13.2366 1.22461e-16)
(15.3193 12.2706 -4.233e-17)
(21.2526 16.7121 -1.01485e-17)
(22.3204 17.2249 -3.78693e-17)
(23.4595 17.6449 -3.68766e-16)
(24.647 17.9519 6.43939e-17)
(25.8831 18.1393 -1.83983e-16)
(27.1479 18.196 4.30751e-16)
(28.4263 18.1134 -4.38007e-16)
(29.7072 17.8857 1.24202e-15)
(30.9714 17.5086 -8.76514e-17)
(32.2006 16.9801 -7.44331e-17)
(33.3757 16.3017 -3.71686e-16)
(34.4749 15.4788 -1.74052e-16)
(35.4777 14.5211 6.47317e-16)
(36.3652 13.4424 1.31193e-15)
(37.1194 12.2644 1.34603e-15)
(37.7269 11.0105 8.8976e-16)
(38.1817 9.70257 7.01038e-16)
(38.482 8.35821 1.44256e-16)
(38.6237 6.98925 -9.14315e-16)
(38.5922 5.60888 -2.1106e-17)
(38.3643 4.24972 5.91374e-16)
(37.934 2.96749 -8.8241e-16)
(37.3373 1.81433 -1.89215e-16)
(36.6359 0.803883 -1.52103e-16)
(35.8734 -0.0856845 -2.95511e-16)
(35.0599 -0.874722 2.57495e-15)
(34.1919 -1.56736 2.4345e-15)
(33.2682 -2.16268 -1.32604e-15)
(32.2853 -2.6603 2.4079e-15)
(31.2358 -3.05643 -8.72813e-16)
(30.0884 -3.34116 -2.96989e-15)
(23.7562 16.6995 1.34253e-16)
(24.847 16.9885 2.0543e-16)
(25.9818 17.1715 1.49224e-16)
(27.1436 17.2391 -5.44285e-16)
(28.3201 17.1832 9.31963e-17)
(29.5032 16.9977 -4.15503e-16)
(30.6766 16.6779 -1.18701e-16)
(31.825 16.2202 -3.57448e-16)
(32.9314 15.6239 2.72918e-16)
(33.9763 14.8918 4.69137e-16)
(34.94 14.0306 -1.07521e-16)
(35.8035 13.0516 -1.43313e-15)
(36.5499 11.9689 -7.8723e-16)
(37.1648 10.8008 -8.68572e-16)
(37.6385 9.56666 -3.23452e-16)
(37.9649 8.28603 -6.80568e-16)
(38.1371 6.97549 -1.18024e-16)
(38.1418 5.6527 1.08226e-15)
(37.9605 4.34749 2.5199e-17)
(37.5876 3.10582 5.53445e-16)
(37.0506 1.97395 1.05281e-16)
(36.4015 0.969791 5.01936e-16)
(35.6807 0.079778 5.17475e-16)
(34.9019 -0.712121 -2.95591e-15)
(34.0656 -1.40926 -1.00172e-15)
(33.1737 -2.0102 -4.86424e-15)
(32.2268 -2.51409 5.10379e-15)
(31.223 -2.91693 3.60277e-16)
(30.1346 -3.20878 2.39395e-15)
(26.0826 16.2839 4.4098e-16)
(27.1536 16.3558 2.35788e-16)
(28.2392 16.3176 3.45905e-16)
(29.3338 16.1635 -1.82831e-16)
(30.4236 15.8883 -7.21943e-16)
(31.4962 15.4872 1.57371e-15)
(32.5368 14.958 -6.48258e-16)
(33.5278 14.3012 -6.77375e-16)
(34.4511 13.5207 -4.4419e-16)
(35.2885 12.6245 1.29954e-15)
(36.0229 11.6244 1.55943e-15)
(36.6381 10.5371 4.33011e-16)
(37.1219 9.38051 -1.81427e-15)
(37.4659 8.1726 4.03284e-16)
(37.6618 6.93033 -8.19273e-17)
(37.6978 5.67248 3.34786e-16)
(37.5586 4.42608 -1.54915e-16)
(37.2388 3.22957 1.15636e-16)
(36.7588 2.12415 4.62464e-17)
(36.1612 1.131 -2.69171e-16)
(35.4827 0.244079 4.48838e-16)
(34.7385 -0.54827 1.91519e-15)
(33.9315 -1.24812 4.62696e-17)
(33.0653 -1.85319 5.01034e-15)
(32.1422 -2.36182 2.12936e-15)
(31.1646 -2.76941 -2.36918e-15)
(30.1126 -3.06678 -3.31342e-15)
(27.1693 15.5419 4.28042e-16)
(28.173 15.516 -8.82055e-16)
(29.1867 15.3862 -6.09185e-17)
(30.1988 15.1474 1.12514e-15)
(31.1992 14.7944 -5.35122e-16)
(32.1754 14.3239 5.96314e-16)
(33.1118 13.7347 1.0944e-15)
(33.9921 13.0288 -2.42817e-15)
(34.7986 12.2115 -8.39614e-16)
(35.515 11.2919 -1.79659e-15)
(36.125 10.2826 -5.41315e-16)
(36.6144 9.19969 1.46676e-15)
(36.9728 8.06031 -5.96544e-17)
(37.1902 6.88234 -3.70473e-16)
(37.2554 5.68589 -1.01932e-15)
(37.1557 4.49592 6.56694e-17)
(36.8855 3.34444 -5.63311e-16)
(36.46 2.26764 -1.62255e-17)
(35.9133 1.28855 -8.12042e-17)
(35.2781 0.407257 -8.06818e-16)
(34.5703 -0.383564 -3.35017e-16)
(33.7946 -1.08464 2.37892e-16)
(32.9553 -1.69278 7.61504e-16)
(32.055 -2.20526 -3.10816e-15)
(31.0973 -2.61662 -4.12068e-15)
(30.067 -2.91804 -1.68056e-16)
(28.1189 14.7707 8.39887e-17)
(29.059 14.6592 -2.03217e-16)
(29.9996 14.4495 -4.21062e-16)
(30.9324 14.1362 5.24178e-16)
(31.8471 13.7153 -2.33859e-15)
(32.7301 13.1844 -3.45832e-16)
(33.5665 12.5439 9.2515e-16)
(34.3401 11.7969 -4.31335e-16)
(35.0349 10.9501 4.15738e-16)
(35.635 10.014 -5.06804e-18)
(36.1249 9.00258 -4.34463e-16)
(36.4926 7.93191 4.14041e-16)
(36.7273 6.81943 2.26043e-16)
(36.818 5.68529 5.68394e-16)
(36.7539 4.55243 1.19512e-16)
(36.5294 3.44756 2.47377e-17)
(36.1549 2.40241 -8.32354e-17)
(35.6575 1.44096 1.39094e-16)
(35.0657 0.568311 2.09636e-16)
(34.3955 -0.218777 3.86706e-16)
(33.6528 -0.91944 -1.45927e-15)
(32.8425 -1.52947 -1.93653e-15)
(31.9676 -2.04506 1.18375e-15)
(31.0315 -2.45971 1.22085e-14)
(30.0218 -2.76437 2.42037e-15)
(28.0729 14.0772 -3.11001e-16)
(28.946 13.9797 -1.22293e-16)
(29.8207 13.7933 2.85112e-16)
(30.6903 13.5131 -6.23967e-16)
(31.5465 13.1348 5.17293e-16)
(32.3773 12.6551 -4.33279e-16)
(33.1695 12.0731 1.0265e-15)
(33.9083 11.3901 2.69082e-15)
(34.5784 10.6112 1.76441e-15)
(35.1646 9.74397 2.85377e-16)
(35.6509 8.80086 -3.33836e-16)
(36.024 7.79652 -3.40762e-17)
(36.2726 6.74777 -9.71808e-16)
(36.3857 5.67458 2.32344e-17)
(36.3537 4.598 4.08447e-16)
(36.171 3.54021 7.06284e-17)
(35.8442 2.52883 2.0601e-17)
(35.3944 1.58796 5.10212e-18)
(34.8455 0.726721 -8.19324e-16)
(34.2133 -0.0544397 -1.66283e-15)
(33.5046 -0.752979 4.16364e-16)
(32.7247 -1.36361 2.98362e-16)
(31.8771 -1.88142 -2.8183e-15)
(30.9655 -2.2989 -1.13318e-14)
(29.9792 -2.60638 -2.744e-15)
(28.8447 13.3434 3.49896e-16)
(29.6588 13.176 -2.73433e-16)
(30.4696 12.9234 -8.66275e-17)
(31.2704 12.5813 4.96655e-16)
(32.0509 12.146 2.12622e-15)
(32.7994 11.6157 -2.65524e-15)
(33.5026 10.9903 1.08859e-16)
(34.146 10.2733 -1.27064e-15)
(34.7151 9.47039 1.95199e-16)
(35.1942 8.59218 -1.25804e-15)
(35.569 7.65198 -3.28423e-16)
(35.8277 6.66575 -6.21512e-17)
(35.9599 5.65262 2.25882e-16)
(35.9564 4.63179 -5.40304e-16)
(35.8116 3.6217 5.41116e-17)
(35.5291 2.64615 3.14345e-17)
(35.1246 1.72882 -1.05447e-16)
(34.618 0.881801 7.92294e-16)
(34.0239 0.108855 8.1995e-16)
(33.3497 -0.585713 1.49438e-15)
(32.6013 -1.19556 9.45729e-16)
(31.7823 -1.71456 1.93468e-15)
(30.8968 -2.13428 4.23686e-15)
(29.936 -2.44425 3.02168e-15)
(29.5107 12.5953 -1.58893e-16)
(30.267 12.3658 3.60562e-17)
(31.0157 12.0547 7.93732e-16)
(31.748 11.6581 -6.33603e-16)
(32.4538 11.1735 2.3008e-15)
(33.121 10.6 -1.13347e-15)
(33.7362 9.93974 4.84071e-16)
(34.2858 9.19671 3.45376e-16)
(34.7546 8.37977 1.78979e-15)
(35.1278 7.50096 4.14447e-16)
(35.3935 6.57523 8.51069e-16)
(35.5413 5.62072 -2.26802e-16)
(35.5628 4.65475 -5.10267e-16)
(35.4521 3.69247 3.47628e-16)
(35.2104 2.75433 2.3415e-17)
(34.8489 1.86308 -3.17479e-16)
(34.3837 1.03294 -5.4331e-16)
(33.8276 0.2705 1.62525e-15)
(33.1885 -0.418205 -1.04978e-15)
(32.4721 -1.02575 -5.84516e-16)
(31.6826 -1.54485 -2.19276e-15)
(30.8245 -1.96609 4.36438e-16)
(29.8906 -2.27819 4.87396e-16)
(29.3743 12.0488 1.89553e-16)
(30.0799 11.8386 1.15543e-16)
(30.7797 11.554 -1.28064e-15)
(31.4662 11.1912 5.83286e-16)
(32.1305 10.7471 -2.09706e-15)
(32.762 10.2202 8.06102e-16)
(33.3482 9.61148 -8.88523e-16)
(33.8764 8.92397 -8.76915e-16)
(34.3322 8.16461 2.91845e-16)
(34.7011 7.34433 -1.63283e-15)
(34.9706 6.47698 -9.58149e-16)
(35.1309 5.57942 4.63463e-16)
(35.1739 4.66727 7.11268e-16)
(35.0937 3.75276 8.36404e-17)
(34.8894 2.85326 9.95777e-18)
(34.5684 1.99034 2.51298e-16)
(34.1431 1.17958 -1.1e-16)
(33.6247 0.429929 -1.19878e-15)
(33.0209 -0.250984 -2.25338e-16)
(32.3373 -0.854647 -8.46365e-16)
(31.5783 -1.37265 -4.74772e-17)
(30.7486 -1.79458 -3.50632e-16)
(29.8427 -2.10841 -3.15017e-16)
(29.906 11.3405 2.41677e-16)
(30.5601 11.0787 3.86148e-16)
(31.2031 10.7453 -1.98918e-16)
(31.8275 10.3371 2.11933e-15)
(32.4238 9.85209 -5.07896e-16)
(32.9807 9.29024 8.20238e-16)
(33.4862 8.65386 -9.20425e-16)
(33.9272 7.94835 4.21994e-16)
(34.2891 7.18354 1.543e-15)
(34.5598 6.37205 8.67175e-16)
(34.7295 5.52954 -5.07775e-16)
(34.7906 4.6699 -2.57616e-16)
(34.7372 3.8028 -4.59702e-16)
(34.5669 2.94287 1.37068e-17)
(34.2838 2.11021 -1.57645e-16)
(33.897 1.32119 3.78644e-16)
(33.4158 0.58654 2.7858e-16)
(32.8472 -0.0846334 5.6676e-16)
(32.1969 -0.682784 5.02284e-16)
(31.4692 -1.19842 -4.20379e-16)
(30.6689 -1.62014 -6.64729e-17)
(29.7923 -1.93522 -2.29271e-15)
(29.7434 10.8699 1.23981e-15)
(30.3547 10.6278 -2.99269e-16)
(30.9567 10.3202 5.88709e-16)
(31.5429 9.94375 -6.4093e-16)
(32.105 9.49617 -7.34789e-16)
(32.6326 8.97691 -1.09244e-15)
(33.1148 8.38761 1.74768e-15)
(33.5392 7.73231 -1.52862e-15)
(33.8922 7.01976 8.99192e-16)
(34.1615 6.26148 -7.62398e-16)
(34.3378 5.47192 1.91484e-17)
(34.4139 4.66334 -2.45743e-17)
(34.3839 3.84309 9.64936e-17)
(34.2442 3.02327 3.12796e-17)
(33.9961 2.22249 3.63647e-17)
(33.646 1.45729 -3.11815e-16)
(33.2012 0.739758 2.27947e-18)
(32.6678 0.0802666 -6.45e-16)
(32.0511 -0.510686 1.48863e-16)
(31.3554 -1.02261 2.22092e-15)
(30.5855 -1.44319 -1.07596e-17)
(29.7393 -1.75894 -4.33695e-16)
(30.1619 10.2003 -8.25939e-17)
(30.7253 9.91523 -1.15508e-15)
(31.2752 9.56703 1.79734e-16)
(31.804 9.15316 1.1382e-16)
(32.3027 8.67264 1.74382e-16)
(32.7611 8.12646 5.65041e-16)
(33.1679 7.51778 1.17701e-15)
(33.5102 6.8543 -2.2613e-15)
(33.776 6.14646 5.11815e-16)
(33.9563 5.40754 -7.63905e-17)
(34.0444 4.64833 7.50091e-16)
(34.0346 3.87411 3.06213e-17)
(33.9222 3.09467 -1.79425e-17)
(33.7065 2.32701 2.81643e-16)
(33.3912 1.58751 4.52793e-16)
(32.9816 0.889074 4.36335e-16)
(32.483 0.243147 -2.48607e-17)
(31.9001 -0.338931 -1.32269e-15)
(31.2369 -0.845759 -2.45681e-15)
(30.4984 -1.26418 7.71693e-16)
(29.6836 -1.57997 1.5663e-15)
(29.9802 9.79532 -7.99372e-16)
(30.5073 9.53015 2.09619e-16)
(31.0226 9.20702 7.78587e-16)
(31.5195 8.82337 -9.56309e-16)
(31.99 8.37794 3.2695e-16)
(32.4245 7.87121 -6.13738e-16)
(32.8129 7.30574 -1.84142e-15)
(33.1431 6.68818 2.33147e-16)
(33.4036 6.02798 -1.89808e-16)
(33.5856 5.33736 -2.3685e-16)
(33.683 4.62568 -6.48723e-16)
(33.6903 3.89643 -2.06272e-16)
(33.602 3.15731 7.10474e-17)
(33.4159 2.42373 -1.19916e-16)
(33.1332 1.71149 -4.35892e-16)
(32.7577 1.034 -1.93194e-16)
(32.2933 0.403445 1.28974e-15)
(31.7441 -0.168063 1.46389e-15)
(31.1139 -0.668387 3.8592e-15)
(30.4075 -1.08362 -5.15417e-16)
(29.6251 -1.39881 -1.54451e-16)
(30.3013 9.16417 -9.01401e-16)
(30.7839 8.86341 -3.61993e-16)
(31.2503 8.50692 -1.58076e-16)
(31.6933 8.09335 2.63805e-16)
(32.1042 7.62272 1.00181e-15)
(32.4737 7.0972 7.37812e-16)
(32.7908 6.52248 5.43252e-16)
(33.0444 5.90711 7.33029e-16)
(33.2261 5.26231 5.94476e-16)
(33.3303 4.5962 5.69234e-16)
(33.3517 3.91068 1.22964e-16)
(33.2846 3.21159 -6.64208e-17)
(33.1252 2.51267 -1.7848e-16)
(32.8731 1.829 4.5874e-16)
(32.5301 1.17407 -5.26597e-16)
(32.0991 0.560633 -4.96628e-16)
(31.5835 0.00131757 6.77964e-16)
(30.9865 -0.491076 1.43269e-15)
(30.3128 -0.90201 1.51684e-15)
(29.5636 -1.21592 -1.39947e-15)
(30.1061 8.81681 7.33291e-16)
(30.5578 8.53601 -4.06548e-16)
(30.9951 8.20401 3.86079e-16)
(31.4115 7.81934 -4.69352e-16)
(31.7993 7.38176 -9.37486e-16)
(32.1497 6.89307 3.96858e-16)
(32.4529 6.3582 2.40839e-16)
(32.6983 5.78484 -6.74706e-16)
(32.878 5.18334 -4.67541e-17)
(32.9868 4.56074 -2.53657e-16)
(33.0197 3.91754 -9.97175e-17)
(32.9709 3.25789 1.27632e-17)
(32.8356 2.59393 1.80268e-16)
(32.6118 1.93984 -2.05622e-16)
(32.2997 1.30892 6.90727e-16)
(31.9012 0.714196 -8.60246e-17)
(31.4187 0.168601 -3.83017e-16)
(30.855 -0.31444 -3.35866e-15)
(30.2146 -0.719968 -1.35816e-15)
(29.4993 -1.03184 1.35236e-15)
(29.9206 8.48731 2.50445e-16)
(30.3433 8.22442 -3.51839e-16)
(30.7529 7.91451 9.70122e-16)
(31.1438 7.55608 -4.14645e-16)
(31.5089 7.14871 6.36973e-16)
(31.8404 6.69395 -2.82911e-16)
(32.1292 6.19602 -7.20659e-16)
(32.3654 5.66202 1.82518e-16)
(32.5416 5.10139 -3.46407e-17)
(32.6529 4.52022 5.13342e-17)
(32.6949 3.91778 1.16805e-16)
(32.6618 3.29674 -9.7763e-18)
(32.548 2.66776 -9.98476e-17)
(32.3502 2.04396 -1.6587e-16)
(32.0674 1.43827 -6.55557e-16)
(31.7001 0.863626 -2.77319e-16)
(31.2501 0.333301 9.56289e-17)
(30.7197 -0.139053 1.09674e-16)
(30.1128 -0.538033 8.44307e-16)
(29.4319 -0.847123 9.41096e-16)
(30.1392 7.92831 1.08919e-15)
(30.5226 7.63839 1.82782e-16)
(30.8891 7.30383 3.45005e-16)
(31.2323 6.92409 -6.01142e-16)
(31.5451 6.50058 -1.60902e-17)
(31.8191 6.0369 6.94818e-16)
(32.0454 5.5396 3.54009e-16)
(32.2168 5.01737 -2.81229e-16)
(32.329 4.47542 -2.45787e-16)
(32.378 3.91208 -4.65309e-17)
(32.3581 3.32863 4.21283e-17)
(32.2632 2.7344 1.67377e-16)
(32.0892 2.14136 1.56749e-17)
(31.8338 1.5618 6.66149e-16)
(31.4966 1.00854 -7.86956e-16)
(31.0784 0.494796 -1.6923e-15)
(30.5809 0.03446 2.23219e-16)
(30.0076 -0.356834 -1.05978e-15)
(29.3615 -0.662391 -1.74948e-15)
(29.9449 7.64712 -3.22585e-16)
(30.3035 7.37533 -8.95582e-17)
(30.6467 7.06253 8.20391e-16)
(30.9687 6.7081 -4.94123e-16)
(31.2631 6.3133 8.31586e-17)
(31.5224 5.88138 -3.80957e-16)
(31.7382 5.41827 -2.39957e-16)
(31.9038 4.93202 7.49702e-17)
(32.0154 4.42719 2.59555e-16)
(32.0695 3.90117 -1.31371e-17)
(32.0605 3.35418 -5.32072e-17)
(31.9823 2.79418 -1.13727e-16)
(31.8298 2.23208 8.667e-17)
(31.5999 1.67937 -9.22534e-17)
(31.2913 1.14852 1.23729e-15)
(30.9039 0.652618 1.43983e-15)
(30.4389 0.205551 -6.90981e-17)
(29.8993 -0.177052 -4.47139e-16)
(29.2883 -0.478233 4.00013e-16)
(29.7594 7.38048 -3.65693e-16)
(30.0946 7.12519 -1.69073e-15)
(30.4156 6.83227 -3.4603e-16)
(30.7174 6.50105 -3.05837e-16)
(30.994 6.13265 9.14544e-16)
(31.2385 5.73009 9.67313e-16)
(31.4434 5.29878 -2.99819e-16)
(31.6025 4.84622 -1.57965e-16)
(31.7122 4.37633 1.37866e-16)
(31.7697 3.88583 -2.11762e-16)
(31.7698 3.37395 3.69304e-17)
(31.7059 2.84751 1.28825e-16)
(31.5728 2.31624 -1.66596e-16)
(31.3666 1.79088 -3.37002e-16)
(31.085 1.28329 -5.69569e-17)
(30.7274 0.806244 -1.53303e-15)
(30.2943 0.373574 -9.04241e-16)
(29.7881 0.000755652 3.70832e-16)
(29.2122 -0.295329 1.3235e-15)
(29.8953 6.88761 6.3872e-17)
(30.1953 6.61282 6.01437e-16)
(30.4777 6.30292 3.22632e-16)
(30.737 5.95885 -1.10474e-15)
(30.967 5.58343 -3.69863e-16)
(31.1609 5.1817 5.67459e-16)
(31.3128 4.76057 -1.46997e-16)
(31.4197 4.32351 -1.11693e-16)
(31.4792 3.86672 5.70474e-17)
(31.4863 3.38856 -3.29725e-17)
(31.4349 2.89478 2.35335e-19)
(31.3191 2.39406 -1.28534e-16)
(31.1346 1.89624 2.56619e-16)
(30.8786 1.41254 -4.02668e-16)
(30.5495 0.955296 6.61105e-16)
(30.1474 0.537987 -5.74961e-16)
(29.6742 0.175917 2.50269e-16)
(29.1333 -0.114257 -1.03997e-15)
(29.7049 6.66229 3.56425e-16)
(29.985 6.40414 -7.84559e-16)
(30.2489 6.1138 4.73672e-16)
(30.4915 5.79215 6.53894e-16)
(30.7074 5.44185 -3.18837e-17)
(30.8902 5.06755 2.52631e-16)
(31.0345 4.67575 -1.599e-16)
(31.1378 4.26949 8.9913e-17)
(31.198 3.84454 -3.58496e-17)
(31.2108 3.39862 1.51375e-17)
(31.1698 2.93646 -2.75641e-17)
(31.0694 2.46577 -1.04477e-16)
(30.9048 1.99549 2.78724e-16)
(30.6727 1.53609 -4.48664e-17)
(30.3709 1.09933 -6.27169e-16)
(29.9989 0.698301 2.45076e-15)
(29.5581 0.347831 -9.63188e-16)
(29.0517 0.0643419 -6.34459e-17)
(29.5228 6.44879 -2.32112e-16)
(29.7842 6.20596 2.74488e-16)
(30.0305 5.93366 -2.33352e-16)
(30.2572 5.63269 -4.51052e-16)
(30.4592 5.30563 7.9623e-17)
(30.631 4.95682 -7.99601e-16)
(30.7675 4.59232 3.77839e-16)
(30.8665 4.21487 -1.80994e-16)
(30.9264 3.81997 -1.07688e-16)
(30.9434 3.4047 4.28659e-18)
(30.9113 2.973 -5.14073e-17)
(30.8245 2.53167 1.46296e-16)
(30.678 2.0887 -3.4171e-16)
(30.4681 1.65379 -1.95035e-17)
(30.1922 1.23804 2.80171e-16)
(29.8492 0.853983 5.92211e-16)
(29.4401 0.515946 4.05235e-16)
(28.9677 0.239823 8.30931e-16)
(29.5922 6.01813 -3.95159e-16)
(29.8218 5.76245 -4.30773e-16)
(30.0333 5.48058 1.18411e-15)
(30.222 5.17502 1.38407e-16)
(30.3829 4.84984 -1.24847e-16)
(30.5115 4.51076 -3.72043e-18)
(30.6057 4.16025 -9.33633e-17)
(30.6646 3.79356 1.00618e-16)
(30.6846 3.40738 -1.26205e-17)
(30.6599 3.00491 3.79068e-17)
(30.585 2.59205 -1.02257e-16)
(30.4549 2.17597 -6.79659e-17)
(30.2655 1.76555 3.1081e-17)
(30.014 1.37115 9.41816e-16)
(29.6988 1.00463 -1.66317e-15)
(29.3204 0.679686 -2.71034e-17)
(28.8815 0.411609 -6.54123e-16)
(29.4086 5.84029 9.93428e-17)
(29.6224 5.59998 5.46106e-16)
(29.8194 5.33579 -4.82618e-16)
(29.9953 5.05014 1.40067e-16)
(30.1457 4.74689 6.84711e-16)
(30.2663 4.43145 3.19451e-16)
(30.3555 4.10606 1.47849e-16)
(30.4126 3.76586 -7.91232e-17)
(30.4345 3.40719 7.28162e-18)
(30.416 3.03261 3.47738e-17)
(30.3515 2.64727 2.34627e-17)
(30.2361 2.25749 1.63441e-16)
(30.0657 1.87135 4.86415e-16)
(29.8371 1.49842 -7.68261e-16)
(29.5484 1.14984 1.552e-15)
(29.1997 0.838564 -4.32397e-16)
(28.7931 0.579145 5.31307e-16)
(29.2329 5.6722 -2.4862e-15)
(29.4318 5.44612 2.03023e-16)
(29.615 5.19832 2.98515e-16)
(29.7787 4.93114 -5.5721e-16)
(29.9188 4.64823 2.52007e-16)
(30.0315 4.35479 -3.0595e-16)
(30.1155 4.05281 8.25152e-18)
(30.1704 3.7374 -3.96445e-17)
(30.1935 3.40465 -3.37909e-18)
(30.1799 3.05659 2.95345e-17)
(30.1244 2.69767 9.17056e-17)
(30.0223 2.33346 2.10747e-16)
(29.8692 1.9712 -4.63529e-16)
(29.662 1.61971 8.62722e-17)
(29.3984 1.2893 9.12925e-17)
(29.0782 0.992128 1.47619e-16)
(29.2496 5.30069 -3.64034e-16)
(29.4198 5.06808 -7.19026e-16)
(29.5718 4.81804 7.0749e-17)
(29.702 4.55402 -4.19914e-16)
(29.807 4.28101 3.70569e-16)
(29.8857 4.00083 -1.80143e-16)
(29.938 3.70857 4.73525e-17)
(29.9615 3.4002 -4.31197e-19)
(29.9519 3.07727 -6.51792e-17)
(29.9042 2.74361 -1.12331e-16)
(29.8138 2.40409 5.17712e-18)
(29.6767 2.06519 -3.42705e-16)
(29.4893 1.73491 2.61788e-16)
(29.2495 1.42275 -1.2019e-15)
(28.9564 1.13998 3.67836e-16)
(29.0753 5.16342 4.58784e-16)
(29.2332 4.94494 7.69885e-16)
(29.3742 4.71081 -5.99415e-16)
(29.4949 4.46436 3.50345e-16)
(29.5924 4.21034 -3.43191e-16)
(29.6658 3.95043 2.82351e-17)
(29.7152 3.67979 -1.90167e-17)
(29.7387 3.39428 -2.25085e-17)
(29.7322 3.09506 2.66731e-17)
(29.6912 2.78543 -3.40005e-17)
(29.6113 2.46963 7.01146e-17)
(29.4886 2.15341 4.92967e-16)
(29.3196 1.84397 -6.30867e-17)
(29.102 1.54997 3.08232e-16)
(28.8347 1.28178 -4.80356e-16)
(28.9087 5.03409 5.77424e-16)
(29.055 4.82878 -4.69205e-16)
(29.1854 4.60945 8.17834e-16)
(29.2972 4.37932 -7.20909e-16)
(29.3874 4.14294 -1.65699e-16)
(29.4556 3.90189 -5.70239e-18)
(29.5019 3.65137 -1.57093e-16)
(29.5249 3.38724 -2.83737e-18)
(29.5208 3.11034 5.98362e-17)
(29.4856 2.82349 -3.22675e-17)
(29.4151 2.53035 -1.21637e-16)
(29.3055 2.23602 -3.97814e-16)
(29.1534 1.9469 -4.70032e-16)
(28.9565 1.67085 6.44953e-16)
(28.7135 1.4173 2.64124e-16)
(28.7492 4.91244 -1.47344e-15)
(28.8846 4.71939 -1.15248e-16)
(29.0052 4.51384 -4.61661e-16)
(29.1084 4.2989 4.58388e-16)
(29.1918 4.0789 1.22598e-16)
(29.2548 3.85537 2.51273e-16)
(29.298 3.62359 1.48276e-16)
(29.3202 3.37942 -2.74273e-17)
(29.318 3.12345 -1.70344e-17)
(29.2876 2.8581 9.07091e-17)
(29.2254 2.58653 -3.58962e-16)
(29.1276 2.31319 3.08813e-16)
(28.9911 2.04376 5.66622e-16)
(28.8134 1.7853 -1.137e-15)
(28.5932 1.54631 -1.56691e-16)
(28.5967 4.79815 1.33768e-15)
(28.7219 4.61657 -7.5267e-16)
(28.8332 4.42386 7.26636e-16)
(28.9283 4.22306 -3.53035e-16)
(29.0051 4.01831 -4.93893e-17)
(29.0632 3.81103 -2.10305e-16)
(29.1033 3.59666 -7.94348e-17)
(29.1244 3.37109 5.17044e-17)
(29.1236 3.13471 -2.41212e-17)
(29.0974 2.88959 8.10627e-17)
(29.0425 2.63842 2.88556e-16)
(28.9553 2.3851 -3.42964e-16)
(28.8331 2.13464 -3.5732e-16)
(28.6732 1.8933 2.13701e-16)
(28.4742 1.66869 -1.71223e-17)
(28.5664 4.52009 8.0765e-16)
(28.6691 4.33938 -6.61751e-17)
(28.7566 4.15174 -3.77374e-16)
(28.8271 3.96115 3.862e-17)
(28.8805 3.76896 1.07265e-16)
(28.9175 3.57075 -7.63073e-17)
(28.9375 3.36249 -2.68141e-17)
(28.9376 3.14439 -5.31941e-17)
(28.915 2.91822 3.87168e-17)
(28.8665 2.6863 5.9776e-17)
(28.789 2.45199 4.65948e-16)
(28.6796 2.21968 7.70339e-17)
(28.5361 1.99489 4.97785e-16)
(28.3569 1.78438 3.73277e-16)
(28.4179 4.4297 -7.89196e-16)
(28.5124 4.2602 2.69631e-16)
(28.5928 4.08482 2.05125e-17)
(28.6575 3.90741 -7.70695e-17)
(28.7064 3.72923 1.60069e-16)
(28.7405 3.54601 2.20502e-17)
(28.7591 3.35382 -1.28208e-18)
(28.76 3.15274 -1.49631e-17)
(28.7404 2.94428 -5.36145e-17)
(28.6975 2.73043 1.35072e-16)
(28.6286 2.51407 -5.70944e-16)
(28.531 2.29904 1.02649e-16)
(28.4025 2.09016 -5.10187e-16)
(28.2415 1.89338 -4.5591e-17)
(28.2761 4.34517 9.38043e-16)
(28.363 4.18614 -7.26741e-16)
(28.4368 4.02221 4.11844e-16)
(28.496 3.85704 1.26671e-17)
(28.5407 3.69185 -1.36474e-17)
(28.5719 3.52251 1.08309e-17)
(28.5892 3.34522 -3.45381e-17)
(28.5905 3.15995 -1.05009e-17)
(28.5735 2.96801 -4.84558e-18)
(28.5356 2.77106 3.2613e-17)
(28.4744 2.5716 5.27452e-16)
(28.3875 2.37293 -5.99397e-16)
(28.2726 2.17924 3.05322e-16)
(28.1284 1.99574 -1.11485e-16)
(28.1407 4.26621 3.44396e-17)
(28.2206 4.11698 -3.65446e-17)
(28.2881 3.96372 -1.54159e-16)
(28.3423 3.80994 1.91472e-16)
(28.383 3.65679 -3.34675e-17)
(28.4115 3.50031 -9.20307e-17)
(28.4274 3.33682 1.33984e-17)
(28.429 3.16622 3.76412e-17)
(28.4142 2.98962 -1.54597e-16)
(28.3808 2.80843 -3.86017e-16)
(28.3264 2.62479 -6.98708e-18)
(28.2491 2.44154 4.29677e-16)
(28.1467 2.2623 -1.97428e-16)
(28.0178 2.09156 1.54698e-16)
(28.0114 4.19257 3.39011e-16)
(28.0847 4.05252 -7.43202e-17)
(28.1466 3.90922 1.71426e-16)
(28.196 3.76603 -2.38732e-17)
(28.233 3.62403 3.48808e-18)
(28.2589 3.47945 7.05919e-17)
(28.2735 3.32872 8.18855e-18)
(28.2753 3.17169 3.448e-18)
(28.2624 3.00932 -8.33729e-17)
(28.2329 2.84278 4.30334e-17)
(28.1847 2.6739 -1.54461e-16)
(28.1159 2.50512 2.14235e-16)
(28.0248 2.33953 1.69811e-16)
(27.9099 2.181 -5.26097e-16)
(27.9553 3.99251 1.34599e-16)
(28.0118 3.8585 -2.58394e-17)
(28.0568 3.72515 -1.63696e-16)
(28.0905 3.59349 1.41644e-16)
(28.114 3.45991 -1.44932e-16)
(28.1273 3.32098 3.76525e-18)
(28.1292 3.17649 -3.56192e-17)
(28.1179 3.02727 4.8612e-17)
(28.0918 2.87431 5.9359e-17)
(28.0491 2.71917 5.445e-18)
(27.9881 2.56391 -3.00719e-16)
(27.9071 2.41117 -2.11981e-16)
(27.8049 2.26424 2.42022e-17)
(27.8319 3.93673 -5.88996e-16)
(27.8836 3.81139 3.65367e-16)
(27.9245 3.6872 1.08678e-16)
(27.955 3.56511 -6.90841e-17)
(27.9763 3.44169 8.12848e-17)
(27.9885 3.31363 3.75909e-19)
(27.9903 3.18071 -5.28826e-17)
(27.9804 3.04363 9.61696e-17)
(27.9573 2.90323 9.39183e-17)
(27.9195 2.76082 -4.45053e-17)
(27.8655 2.61816 -2.74185e-16)
(27.7937 2.47746 1.82398e-16)
(27.7144 3.88493 3.68285e-16)
(27.7615 3.76769 -4.26027e-16)
(27.7988 3.65201 -5.20499e-17)
(27.8264 3.53879 -2.48208e-17)
(27.8457 3.42474 3.46926e-17)
(27.8567 3.30671 2.07155e-17)
(27.8585 3.18444 5.3942e-18)
(27.8498 3.05855 -4.43934e-18)
(27.8294 2.92973 -2.06881e-16)
(27.796 2.7991 1.8874e-16)
(27.7481 2.66812 2.94536e-16)
(27.6846 2.53866 4.34392e-16)
(27.6024 3.83688 -5.70814e-16)
(27.6454 3.72721 1.4078e-17)
(27.6793 3.61943 2.16086e-16)
(27.7043 3.51441 -2.03674e-16)
(27.7217 3.40901 1.08355e-17)
(27.7316 3.30021 3.03257e-17)
(27.7334 3.18775 -9.29696e-18)
(27.7257 3.07215 -8.41842e-17)
(27.7077 2.95399 7.38369e-17)
(27.6782 2.83421 1.32753e-16)
(27.6359 2.71405 -3.82492e-16)
(27.5797 2.59505 3.20427e-16)
(27.4958 3.79236 -2.18953e-16)
(27.535 3.68974 2.27218e-16)
(27.5657 3.5893 -1.2476e-16)
(27.5884 3.49187 1.59282e-16)
(27.6041 3.39444 -7.7095e-17)
(27.6131 3.29413 -9.59867e-18)
(27.6147 3.19068 -1.41989e-17)
(27.608 3.08453 1.15561e-16)
(27.5921 2.97616 -1.46264e-16)
(27.566 2.86638 2.60305e-16)
(27.5287 2.75619 6.00858e-17)
(27.4791 2.64688 -7.22326e-17)
(27.43 3.65509 4.71514e-17)
(27.4579 3.56147 6.50678e-17)
(27.4784 3.47105 3.74311e-19)
(27.4925 3.38096 -3.45926e-17)
(27.5006 3.28846 1.2589e-17)
(27.5022 3.19327 3.77836e-18)
(27.4963 3.09579 -9.25215e-18)
(27.4823 2.99641 -8.33283e-17)
(27.4593 2.89579 1.74764e-16)
(27.4263 2.79479 -1.18544e-16)
(27.3826 2.69445 1.05252e-16)
(27.3301 3.62306 -2.76173e-16)
(27.3554 3.53578 -8.47009e-17)
(27.374 3.45183 5.38998e-17)
(27.3867 3.3685 4.5278e-17)
(27.3941 3.28318 3.24244e-17)
(27.3955 3.19557 -2.31486e-17)
(27.3904 3.10602 -1.72376e-17)
(27.378 3.01487 1.57766e-16)
(27.3577 2.92265 -1.64084e-16)
(27.3287 2.83008 -2.53237e-16)
(27.2903 2.73801 7.42223e-17)
(27.2351 3.59347 1.54182e-16)
(27.2581 3.51207 5.3082e-17)
(27.2749 3.43411 -1.58846e-16)
(27.2864 3.35699 -2.80635e-17)
(27.293 3.27825 2.39126e-17)
(27.2944 3.19758 4.49537e-17)
(27.2899 3.1153 -2.65996e-17)
(27.279 3.03167 -1.52021e-16)
(27.2612 2.94714 -1.10377e-16)
(27.2357 2.8623 -6.09183e-17)
(27.2018 2.77784 -2.2762e-16)
(27.1448 3.56613 1.58635e-16)
(27.1656 3.49018 -2.90076e-16)
(27.1808 3.41775 1.92108e-16)
(27.1912 3.34635 4.07903e-17)
(27.1972 3.27364 -8.72595e-18)
(27.1985 3.19933 -4.94957e-18)
(27.1946 3.12369 8.60087e-17)
(27.1851 3.04693 1.22363e-16)
(27.1694 2.96943 -4.27883e-17)
(27.147 2.89167 1.13505e-16)
(27.1173 2.8142 -4.03072e-17)
(27.0588 3.54088 6.56651e-18)
(27.0778 3.46998 1.49974e-16)
(27.0915 3.40264 -1.62459e-16)
(27.1009 3.3365 4.73702e-17)
(27.1064 3.26933 -1.60878e-17)
(27.1076 3.20084 -1.89836e-17)
(27.1043 3.13126 5.77117e-17)
(27.0959 3.06077 -2.81989e-16)
(27.0821 2.98968 3.02326e-16)
(27.0624 2.91838 -1.13827e-17)
(27.0364 2.84732 9.09945e-17)
(26.977 3.51755 2.33315e-16)
(26.9943 3.45134 1.36595e-16)
(27.0067 3.3887 1.33068e-16)
(27.0152 3.32738 -4.33592e-17)
(27.0202 3.26528 4.33452e-19)
(27.0214 3.2021 -6.36567e-17)
(27.0185 3.13806 -2.03086e-17)
(27.0112 3.07328 1.94713e-16)
(26.9991 3.00804 -8.52947e-17)
(26.9819 2.94265 -2.67958e-17)
(26.8992 3.49598 1.27851e-16)
(26.9149 3.43411 -2.66623e-16)
(26.9262 3.3758 -7.41662e-17)
(26.9339 3.31892 8.26022e-17)
(26.9384 3.26146 -2.4852e-17)
(26.9396 3.20313 1.62167e-17)
(26.9372 3.14414 -4.45603e-17)
(26.9308 3.08457 3.49058e-17)
(26.9202 3.02466 -1.05083e-16)
(26.9052 2.96464 1.25713e-17)
(26.8393 3.41817 4.44185e-17)
(26.8496 3.36385 2.85208e-17)
(26.8566 3.31105 4.55192e-17)
(26.8608 3.25783 -2.23117e-17)
(26.862 3.20394 2.2114e-17)
(26.8599 3.14954 5.74952e-17)
(26.8544 3.09472 -2.1693e-17)
(26.8452 3.03966 2.37444e-17)
(26.832 2.98455 9.94699e-17)
(26.7674 3.40342 1.63635e-16)
(26.7768 3.35277 -4.76332e-17)
(26.7832 3.3037 -1.8976e-17)
(26.7871 3.25436 3.5532e-17)
(26.7882 3.20453 6.15548e-17)
(26.7865 3.15432 -1.04066e-16)
(26.7818 3.10382 -4.72323e-17)
(26.7738 3.05316 -6.41614e-17)
(26.7623 3.00251 -1.17521e-16)
(26.699 3.38973 -7.54251e-17)
(26.7075 3.34247 -3.63623e-17)
(26.7134 3.29681 2.98443e-17)
(26.717 3.25104 1.39974e-17)
(26.7181 3.20489 -2.98592e-18)
(26.7168 3.15851 7.31895e-17)
(26.7127 3.11193 -1.13229e-16)
(26.7058 3.06528 -1.13799e-17)
(26.6959 3.01869 -1.28157e-17)
(26.6337 3.37702 1.24107e-16)
(26.6416 3.33286 -6.48338e-17)
(26.647 3.29034 3.87853e-17)
(26.6503 3.24781 -5.30747e-18)
(26.6515 3.20504 -5.67573e-18)
(26.6504 3.16213 -5.35521e-17)
(26.6469 3.11912 4.05349e-17)
(26.641 3.07612 -2.53112e-17)
(26.6324 3.03321 -2.94781e-18)
(26.5716 3.3652 1.27125e-16)
(26.5788 3.32389 -5.57984e-17)
(26.5838 3.28424 3.35041e-17)
(26.5869 3.24468 4.42904e-18)
(26.5881 3.20497 4.95674e-17)
(26.5873 3.16522 1.94967e-17)
(26.5844 3.12546 5.90045e-17)
(26.5793 3.08577 -1.3191e-16)
(26.5719 3.04621 1.21925e-16)
(26.5125 3.35419 -1.84648e-16)
(26.5191 3.3155 5.29992e-17)
(26.5237 3.27847 -6.27883e-17)
(26.5266 3.24161 7.12401e-18)
(26.5278 3.2047 -7.15444e-18)
(26.5273 3.16783 4.88067e-18)
(26.5248 3.13101 2.49005e-17)
(26.5205 3.09432 1.12099e-16)
(26.4563 3.34393 5.17324e-17)
(26.4624 3.30764 -1.68305e-16)
(26.4667 3.27301 7.80639e-17)
(26.4694 3.23861 1.32454e-17)
(26.4707 3.20424 -1.49722e-17)
(26.4703 3.16998 7.26203e-17)
(26.4683 3.13584 -2.5936e-17)
(26.4646 3.10187 -5.17229e-17)
(26.4029 3.33435 4.29365e-17)
(26.4086 3.30026 -2.26634e-17)
(26.4126 3.26782 9.60337e-18)
(26.4152 3.23567 -3.1083e-17)
(26.4165 3.20362 -4.56904e-17)
(26.4163 3.17173 -2.4453e-17)
(26.4147 3.14001 5.35265e-17)
(26.4116 3.1085 -5.90577e-17)
(26.3575 3.29329 1.18517e-16)
(26.3613 3.26284 5.62033e-17)
(26.3638 3.23274 1.46696e-19)
(26.3651 3.20278 -5.34381e-18)
(26.3651 3.17304 -4.84149e-17)
(26.3639 3.14352 -2.11346e-17)
(26.3613 3.11426 1.07691e-16)
(26.3089 3.28672 9.97582e-17)
(26.3125 3.25809 -1.14424e-17)
(26.3149 3.22984 -1.9494e-17)
(26.3163 3.2018 -2.23085e-17)
(26.3165 3.17401 9.32657e-17)
(26.3156 3.14649 -1.89283e-17)
(26.3135 3.11925 4.58142e-17)
(26.2627 3.28038 7.53189e-17)
(26.2661 3.25339 -3.25813e-17)
(26.2685 3.22682 2.64187e-17)
(26.2699 3.2005 -5.40886e-17)
(26.2703 3.17447 8.31028e-17)
(26.2697 3.14875 3.01196e-17)
(26.2681 3.12336 -1.80349e-16)
(26.2256 3.27539 -1.0384e-16)
(26.2289 3.24966 8.81432e-18)
(26.2312 3.22437 7.34366e-18)
(26.2326 3.19937 2.95368e-17)
(26.2331 3.17466 -3.45306e-17)
(26.2327 3.15032 8.33929e-17)
(26.2313 3.12634 1.62526e-17)
(26.1954 3.27122 2.59422e-17)
(26.1987 3.24649 1.51057e-17)
(26.2011 3.22224 -1.16489e-17)
(26.2025 3.19829 2.89663e-17)
(26.2032 3.17466 1.64911e-17)
(26.2028 3.15142 -7.0865e-17)
(26.1647 3.2669 -1.7422e-19)
(26.168 3.24315 -3.61149e-18)
(26.1705 3.21987 1.03628e-17)
(26.172 3.19692 -3.34858e-17)
(26.1728 3.17431 1.00258e-16)
(26.1726 3.15211 1.66762e-17)
(26.1338 3.26249 -4.6339e-17)
(26.1371 3.23971 2.89064e-17)
(26.1396 3.21743 -3.90641e-19)
(26.1411 3.19552 -8.62164e-18)
(26.142 3.17399 -4.65456e-17)
(26.1419 3.15289 5.11449e-17)
(26.1029 3.25783 -8.59433e-17)
(26.1063 3.23587 -1.87801e-18)
(26.1088 3.21439 1.74762e-17)
(26.1105 3.19327 9.86554e-18)
(26.1116 3.17255 5.37696e-17)
(26.1117 3.15224 -8.6731e-17)
(26.0718 3.25351 4.81714e-17)
(26.0752 3.23264 -1.49424e-17)
(26.0777 3.21234 -1.99316e-17)
(26.0793 3.19247 -1.65004e-17)
(26.0805 3.17306 -4.9307e-17)
(26.0807 3.15411 -7.97535e-19)
(26.0423 3.24732 2.1984e-17)
(26.0459 3.22661 -2.50955e-17)
(26.0488 3.20637 4.21402e-18)
(26.0508 3.18654 3.42122e-17)
(26.0523 3.16718 5.70758e-18)
(26.0529 3.14818 -2.46446e-17)
(26.0135 3.22772 -2.0242e-18)
(26.0159 3.20981 -1.41328e-17)
(26.0177 3.1924 -9.86204e-18)
(26.0191 3.17546 -2.83223e-17)
(26.0196 3.1591 4.8862e-17)
(25.9918 3.20868 -4.21847e-17)
(25.9953 3.18816 -2.98404e-18)
(25.998 3.16817 -1.12095e-17)
(25.9999 3.14899 3.30424e-17)
(26.0014 3.12985 -3.80979e-17)
(25.9483 3.2381 1.73441e-18)
(25.9507 3.22421 -2.20758e-17)
(25.9527 3.2107 1.65457e-17)
(25.9548 3.19722 -4.1239e-17)
(25.9554 3.18512 8.59344e-17)
(25.9541 3.15309 2.30552e-17)
(25.9587 3.12892 -8.0087e-18)
(25.9623 3.10583 -2.40394e-18)
(25.9648 3.08487 -8.8179e-19)
(25.8659 3.31632 -1.54627e-17)
(25.8688 3.30956 1.15861e-18)
(25.8714 3.3022 8.49526e-18)
(25.875 3.29269 -5.37427e-17)
(25.97 2.97161 -1.96112e-17)
(25.9779 2.94072 1.59384e-17)
(25.9851 2.9108 -2.6364e-17)
(25.9961 2.88015 -2.25459e-17)
)
;

boundaryField
{
    inlet
    {
        type            freestreamVelocity;
        freestreamValue uniform (25.75 3.62 0);
        value           nonuniform List<vector> 4((25.8745 3.25301 -1.10999e-17) (25.8774 3.24039 8.90713e-18) (25.8841 3.21534 -1.50429e-17) (25.8931 3.18972 -1.31122e-17));
    }
    outlet
    {
        type            freestreamVelocity;
        freestreamValue nonuniform List<vector> 0();
        value           nonuniform List<vector> 0();
    }
    walls
    {
        type            noSlip;
    }
    frontAndBack
    {
        type            empty;
    }
    procBoundary5to0
    {
        type            processor;
        value           nonuniform List<vector> 4((17.8938 14.0923 -4.02449e-18) (17.3011 13.3891 5.85601e-17) (16.7583 12.6515 1.77744e-16) (16.2304 11.7719 -3.80273e-16));
    }
    procBoundary5to1
    {
        type            processor;
        value           nonuniform List<vector> 
13
(
(1.36288 2.19044 5.48235e-15)
(2.40136 6.04175 -2.71999e-15)
(2.40136 6.04175 -2.71999e-15)
(4.92763 6.75542 1.24942e-15)
(6.83514 9.38254 7.95702e-16)
(6.83514 9.38254 7.95702e-16)
(8.7655 9.3531 -1.1537e-15)
(10.6435 10.9613 -5.55039e-16)
(10.6435 10.9613 -5.55039e-16)
(12.0719 10.6339 -2.65651e-16)
(13.3034 10.3135 -3.24691e-18)
(14.7935 11.1746 -4.67362e-16)
(14.7935 11.1746 -4.67362e-16)
)
;
    }
    procBoundary5to4
    {
        type            processor;
        value           nonuniform List<vector> 
95
(
(18.5697 14.7744 -5.33568e-19)
(19.3779 15.4693 1.84118e-17)
(20.2847 16.132 -1.85368e-17)
(20.2847 16.132 -1.85368e-17)
(21.7228 15.8374 -9.97762e-17)
(22.7079 16.3097 1.14789e-17)
(22.7079 16.3097 1.14789e-17)
(24.0297 15.8394 -1.42129e-16)
(25.0362 16.109 -5.85556e-17)
(25.0362 16.109 -5.85556e-17)
(26.1793 15.4693 1.02763e-15)
(26.1793 15.4693 1.02763e-15)
(27.1889 14.7887 -2.69516e-16)
(27.1889 14.7887 -2.69516e-16)
(27.2094 14.0905 -1.78486e-16)
(28.0326 13.4306 -3.85687e-16)
(28.0326 13.4306 -3.85687e-16)
(28.7524 12.7475 9.45903e-17)
(28.7524 12.7475 9.45903e-17)
(28.6673 12.1887 2.02763e-16)
(29.2474 11.5344 2.06638e-16)
(29.2474 11.5344 2.06638e-16)
(29.1283 11.0502 3.2064e-16)
(29.5905 10.4254 1.08452e-15)
(29.5905 10.4254 1.08452e-15)
(29.446 10.0056 -1.17314e-15)
(29.8083 9.4118 -1.81526e-16)
(29.8083 9.4118 -1.81526e-16)
(29.645 9.04885 -4.02898e-16)
(29.4894 8.70547 -1.26807e-15)
(29.744 8.17505 1.83219e-15)
(29.744 8.17505 1.83219e-15)
(29.5754 7.87928 -7.75452e-16)
(29.4141 7.59942 -6.30485e-16)
(29.5822 7.12785 -7.94378e-16)
(29.5822 7.12785 -7.94378e-16)
(29.4126 6.88873 -1.09473e-15)
(29.2501 6.66259 2.07124e-16)
(29.3486 6.24683 -1.69342e-16)
(29.3486 6.24683 -1.69342e-16)
(29.1817 6.05597 7.34898e-16)
(29.0217 5.87579 -1.70483e-15)
(29.0648 5.51355 -8.78385e-16)
(29.0648 5.51355 -8.78385e-16)
(28.9037 5.36399 1.17569e-15)
(28.7494 5.2232 -1.28429e-15)
(28.6017 5.09081 9.89127e-16)
(28.46 4.96649 5.00483e-16)
(28.4508 4.69094 -3.902e-16)
(28.4508 4.69094 -3.902e-16)
(28.3112 4.59051 -5.54855e-16)
(28.1778 4.49656 2.49591e-16)
(28.0501 4.40876 3.22951e-16)
(27.9281 4.32681 2.60271e-16)
(27.8881 4.12396 -1.132e-16)
(27.8881 4.12396 -1.132e-16)
(27.7703 4.06012 -4.7828e-16)
(27.658 4.00077 -2.90836e-16)
(27.5508 3.94565 2.79827e-16)
(27.4486 3.89449 7.07367e-17)
(27.3943 3.75112 2.97431e-16)
(27.3943 3.75112 2.97431e-16)
(27.2976 3.71294 -2.76496e-16)
(27.2055 3.67763 -1.84061e-16)
(27.1178 3.64496 6.44761e-18)
(27.0342 3.61473 -2.25239e-16)
(26.9546 3.58677 1.86338e-16)
(26.8787 3.5609 5.78318e-16)
(26.825 3.47604 -1.31725e-16)
(26.825 3.47604 -1.31725e-16)
(26.7544 3.45757 4.49746e-17)
(26.6871 3.44045 2.25725e-17)
(26.6228 3.42457 2.67191e-16)
(26.5616 3.40983 3.05741e-16)
(26.5033 3.39613 -2.45688e-16)
(26.4478 3.38339 -1.56157e-16)
(26.3951 3.37154 -4.75801e-17)
(26.3523 3.32538 2.41861e-16)
(26.3523 3.32538 2.41861e-16)
(26.304 3.31698 6.61343e-17)
(26.2581 3.30898 1.0984e-16)
(26.2211 3.30271 5.98236e-17)
(26.1909 3.2975 2.23068e-16)
(26.1602 3.29218 -4.60159e-17)
(26.1293 3.2868 -4.99362e-17)
(26.0984 3.28128 -9.07026e-17)
(26.0674 3.27593 -5.74671e-17)
(26.0375 3.26946 1.0515e-16)
(26.0103 3.2463 -4.04236e-18)
(26.0103 3.2463 -4.04236e-18)
(25.9874 3.2297 -2.06925e-17)
(25.9455 3.25267 1.58184e-17)
(25.9485 3.17801 -2.39432e-17)
(25.863 3.32378 1.93671e-17)
(25.961 3.00476 6.60644e-17)
)
;
    }
    procBoundary5to6
    {
        type            processor;
        value           nonuniform List<vector> 
86
(
(13.5752 -2.20834 -5.02632e-16)
(17.1166 -2.7791 -4.99522e-15)
(20.4291 -3.21308 1.06786e-14)
(24.0029 -3.63009 -2.50201e-15)
(27.5875 -3.97624 3.56909e-16)
(30.0277 -4.13084 -3.4084e-15)
(30.252 -4.0199 6.90821e-15)
(29.3647 -3.79871 -7.48904e-15)
(28.862 -3.62231 2.75767e-15)
(28.8622 -3.48992 -1.28689e-15)
(28.9726 -3.36189 -7.59548e-16)
(29.0107 -3.22298 -1.18253e-15)
(28.9906 -3.07607 4.22717e-15)
(28.9594 -2.92487 -5.53485e-15)
(28.9351 -2.77013 4.13453e-15)
(28.9159 -2.61134 -3.14457e-16)
(28.897 -2.4485 -8.07286e-16)
(28.8765 -2.28186 -3.23105e-16)
(28.8544 -2.11182 2.01753e-15)
(28.8309 -1.93865 -1.99167e-16)
(28.8059 -1.76274 6.20027e-17)
(28.7794 -1.58444 1.02208e-15)
(28.751 -1.40418 -1.99416e-15)
(28.7206 -1.22244 2.9759e-16)
(28.688 -1.03974 3.06086e-16)
(28.6531 -0.856561 5.68389e-16)
(28.6157 -0.673557 -5.65386e-16)
(28.5758 -0.491224 -5.02656e-16)
(28.5331 -0.310171 8.52624e-16)
(28.4876 -0.131047 -9.64286e-16)
(28.4394 0.0456273 1.16281e-15)
(28.3884 0.219254 -5.53366e-16)
(28.3346 0.389246 -3.04767e-16)
(28.7031 0.741899 1.27927e-15)
(28.7031 0.741899 1.27927e-15)
(28.6114 0.89942 -1.41665e-15)
(28.5186 1.05129 3.45633e-16)
(28.4249 1.19714 -2.03799e-16)
(28.3306 1.3367 6.24671e-16)
(28.2361 1.46975 -8.99647e-16)
(28.1416 1.59612 -4.14151e-16)
(28.0475 1.71574 3.65234e-16)
(27.954 1.82859 4.47611e-16)
(27.8615 1.93469 -4.92106e-17)
(27.7703 2.03414 -7.2868e-16)
(27.6804 2.12707 2.61146e-17)
(27.703 2.34152 4.43947e-18)
(27.703 2.34152 4.43947e-18)
(27.6042 2.41307 1.14499e-16)
(27.5086 2.47916 -8.72236e-17)
(27.4163 2.54008 -3.1316e-16)
(27.3273 2.5961 3.70076e-16)
(27.2415 2.64752 -1.48939e-16)
(27.159 2.69462 2.48898e-17)
(27.0797 2.73769 -6.47996e-16)
(27.0034 2.77701 1.98479e-16)
(26.9591 2.87744 -1.4496e-16)
(26.9591 2.87744 -1.4496e-16)
(26.8852 2.9048 2.20655e-16)
(26.8147 2.92959 -1.60813e-16)
(26.7472 2.95202 -2.47147e-16)
(26.6827 2.97226 -5.55086e-17)
(26.621 2.99048 -2.45264e-17)
(26.562 3.00684 1.08632e-16)
(26.5141 3.05781 -1.37961e-17)
(26.5141 3.05781 -1.37961e-17)
(26.4592 3.06811 -7.37596e-17)
(26.407 3.07725 -5.96702e-17)
(26.3574 3.08526 -1.08062e-16)
(26.3102 3.09231 1.25281e-16)
(26.2654 3.09827 7.25317e-17)
(26.2289 3.10267 1.30998e-16)
(26.2015 3.12857 -2.7273e-17)
(26.2015 3.12857 -2.7273e-17)
(26.1714 3.13033 -7.30318e-18)
(26.1409 3.13226 1.75463e-18)
(26.1108 3.13242 1.41544e-19)
(26.0798 3.1357 -3.3138e-17)
(26.0524 3.12978 -1.72022e-17)
(26.0191 3.14328 3.1109e-17)
(26.0015 3.11161 -1.84254e-17)
(25.9556 3.17321 1.58589e-16)
(25.9683 3.06231 4.8679e-17)
(25.9683 3.06231 4.8679e-17)
(25.8756 3.29027 7.52231e-18)
(26.0056 2.85584 -3.70171e-18)
)
;
    }
}


// ************************************************************************* //
