/*--------------------------------*- C++ -*----------------------------------*\
| =========                 |                                                 |
| \\      /  F ield         | OpenFOAM: The Open Source CFD Toolbox           |
|  \\    /   O peration     | Version:  2306                                  |
|   \\  /    A nd           | Website:  www.openfoam.com                      |
|    \\/     M anipulation  |                                                 |
\*---------------------------------------------------------------------------*/
FoamFile
{
    version     2.0;
    format      ascii;
    arch        "LSB;label=32;scalar=64";
    class       volVectorField;
    location    "750";
    object      momentError;
}
// * * * * * * * * * * * * * * * * * * * * * * * * * * * * * * * * * * * * * //

dimensions      [0 1 -2 0 0 0 0];

internalField   nonuniform List<vector> 
1340
(
(5.86342e-05 -3.33206e-07 1.26139e-15)
(0.000124158 -7.08475e-06 -2.16472e-15)
(0.000299595 -0.000133486 -1.10575e-14)
(0.00213719 -0.00125696 -2.14939e-14)
(0.000103011 4.53549e-07 -1.55107e-15)
(0.000172849 2.46762e-06 -6.65569e-17)
(0.000350569 1.70215e-05 3.77998e-15)
(0.00153321 0.000212721 9.20411e-15)
(0.000110008 -7.63292e-05 3.78952e-17)
(0.000234433 -2.94459e-05 1.44772e-14)
(0.00025421 -1.29164e-05 8.75016e-15)
(0.00121618 0.000234334 -1.03382e-13)
(-0.000411145 -0.00181104 7.59218e-15)
(-2.27313e-06 -0.000255671 -1.28909e-14)
(0.000373842 0.000686001 -2.99126e-14)
(0.00112894 0.000191414 -1.08645e-16)
(0.000168418 0.00262105 -6.88105e-16)
(0.000212582 0.000280219 1.03204e-14)
(0.000374825 -0.000744208 -1.0869e-14)
(0.000955755 0.000285836 5.48362e-15)
(0.00040434 -0.000885119 -1.19134e-14)
(0.000135265 1.08418e-05 3.46404e-15)
(0.000165659 0.000164557 4.41785e-14)
(0.00129337 -0.000471575 3.1055e-14)
(0.000111223 0.000105175 7.24377e-15)
(8.88428e-05 -6.63406e-07 -1.54301e-15)
(0.000211707 -4.80332e-05 -2.47432e-15)
(0.000691133 0.000421347 -4.22936e-14)
(7.7462e-05 -3.00412e-07 -3.42321e-15)
(0.00012702 -2.20772e-05 -6.46723e-15)
(0.000231097 5.76213e-05 3.78681e-15)
(0.000300882 0.000598467 -2.25907e-14)
(8.04482e-05 1.34919e-05 -1.09983e-15)
(0.000128167 6.00198e-06 8.89008e-16)
(0.000251833 3.15364e-05 -8.14329e-15)
(0.000651523 0.000195788 7.93276e-15)
(7.93753e-05 1.24012e-05 -4.81431e-16)
(0.000127301 4.79676e-06 -2.28726e-14)
(0.000244101 4.38317e-05 6.3021e-16)
(0.000529463 0.000242699 1.68675e-14)
(7.98746e-05 1.22454e-05 2.33579e-15)
(0.000126981 8.24214e-06 2.05436e-14)
(0.000237877 4.63181e-05 7.87457e-15)
(0.000477169 0.000231372 -7.15155e-14)
(8.00191e-05 1.30533e-05 7.27915e-15)
(0.000125705 1.08743e-05 -4.67786e-15)
(0.000227951 5.27325e-05 -2.28055e-14)
(0.000416903 0.000236006 4.09799e-14)
(8.00714e-05 1.37054e-05 -1.25875e-14)
(0.000124098 1.41526e-05 4.02365e-15)
(0.000217132 5.82339e-05 2.53906e-14)
(0.000363209 0.000236686 6.16967e-14)
(7.9866e-05 1.45851e-05 7.45344e-16)
(0.000121752 1.74256e-05 2.62383e-15)
(0.00020501 6.39869e-05 -1.32533e-14)
(0.000314004 0.000236643 -6.36311e-15)
(7.94828e-05 1.57159e-05 7.28474e-16)
(0.00011907 2.09911e-05 -6.64011e-15)
(0.000192343 6.94529e-05 -2.43986e-14)
(0.000269723 0.000234397 -2.48138e-14)
(7.87751e-05 1.68762e-05 -1.03633e-15)
(0.000115632 2.45194e-05 4.81791e-16)
(0.00017898 7.44938e-05 1.92374e-14)
(0.000230097 0.000230406 4.77233e-14)
(7.78395e-05 1.84131e-05 3.09242e-15)
(0.000111893 2.81779e-05 -4.24572e-15)
(0.000165534 7.89316e-05 1.71494e-14)
(0.000194961 0.000224527 -1.9293e-14)
(7.65138e-05 1.98883e-05 1.59437e-15)
(0.000107465 3.16908e-05 7.50062e-15)
(0.000151847 8.26912e-05 3.81847e-15)
(0.000163944 0.000217373 -9.95276e-15)
(7.49425e-05 2.14247e-05 5.65209e-15)
(0.000102804 3.51393e-05 1.59036e-14)
(0.000138428 8.57043e-05 -1.0118e-14)
(0.000136821 0.000208699 -3.12922e-14)
(7.29761e-05 2.29023e-05 -9.50888e-15)
(9.75172e-05 3.8389e-05 -1.78575e-14)
(0.000125146 8.80369e-05 -1.32471e-14)
(0.000113255 0.000199217 1.15003e-14)
(7.0713e-05 2.47006e-05 5.55268e-15)
(9.20322e-05 4.16954e-05 4.16689e-15)
(0.000112408 8.95252e-05 1.99644e-14)
(9.29073e-05 0.000188784 1.62227e-14)
(6.79823e-05 2.65077e-05 -2.00697e-15)
(8.6089e-05 4.47636e-05 2.88753e-15)
(0.000100163 9.03411e-05 -5.29574e-15)
(7.54178e-05 0.000178221 -1.26032e-14)
(6.50075e-05 2.83075e-05 -7.54342e-18)
(8.01372e-05 4.73443e-05 -3.65814e-15)
(8.86291e-05 9.04204e-05 -1.08326e-14)
(6.04419e-05 0.000167331 -2.1846e-15)
(6.16699e-05 3.0033e-05 1.01938e-16)
(7.38708e-05 4.95821e-05 1.74196e-15)
(7.77362e-05 9.00091e-05 1.4781e-14)
(4.77923e-05 0.000156627 1.78732e-14)
(5.81444e-05 3.16334e-05 2.43618e-15)
(6.76815e-05 5.14427e-05 -5.36337e-15)
(6.76829e-05 8.87912e-05 -4.542e-15)
(3.7092e-05 0.000145853 -1.11228e-14)
(5.43097e-05 3.31869e-05 -9.86177e-17)
(6.13441e-05 5.29148e-05 8.99572e-15)
(5.84245e-05 8.71025e-05 -1.18245e-14)
(2.81911e-05 0.000135522 -1.9616e-14)
(5.03619e-05 3.44965e-05 4.49177e-15)
(5.52949e-05 5.36472e-05 -1.1997e-14)
(5.00519e-05 8.4664e-05 -2.31781e-15)
(2.07408e-05 0.00012543 2.12687e-14)
(4.62742e-05 3.56029e-05 -8.96029e-15)
(4.92868e-05 5.39441e-05 2.83529e-15)
(4.2449e-05 8.18629e-05 1.39007e-15)
(1.46852e-05 0.000115817 -9.70509e-15)
(4.22071e-05 3.6277e-05 7.56006e-15)
(4.36793e-05 5.35053e-05 -1.63751e-16)
(3.57334e-05 7.83813e-05 7.08263e-15)
(9.72031e-06 0.000106475 1.40641e-14)
(3.81657e-05 3.67108e-05 -8.13957e-15)
(3.82521e-05 5.26722e-05 6.89115e-15)
(2.97339e-05 7.46634e-05 2.02216e-15)
(5.79193e-06 9.7647e-05 4.63228e-16)
(3.42499e-05 3.67346e-05 -1.75599e-15)
(3.33074e-05 5.12622e-05 2.66431e-15)
(2.45667e-05 7.0452e-05 1.1059e-15)
(2.64922e-06 8.91896e-05 -9.27281e-15)
(3.05238e-05 3.65516e-05 7.90579e-15)
(2.86435e-05 4.95702e-05 -1.50046e-15)
(2.0027e-05 6.61565e-05 -3.6796e-15)
(2.26554e-07 8.13347e-05 -1.35902e-14)
(2.70164e-05 3.59499e-05 1.32755e-15)
(2.45281e-05 4.74338e-05 -1.19627e-16)
(1.62131e-05 6.16381e-05 1.74056e-15)
(-1.66881e-06 7.39028e-05 8.45883e-15)
(2.37691e-05 3.52147e-05 -6.34254e-15)
(2.07289e-05 4.51299e-05 -3.62231e-15)
(1.28676e-05 5.72583e-05 -1.62712e-15)
(-3.08159e-06 6.7096e-05 9.1375e-15)
(2.07631e-05 3.42265e-05 4.02123e-15)
(1.74673e-05 4.26201e-05 4.7781e-15)
(1.01224e-05 5.28642e-05 3.64606e-15)
(-4.14662e-06 6.07479e-05 -8.00829e-15)
(1.80616e-05 3.31084e-05 -2.96917e-15)
(1.45209e-05 4.01736e-05 -3.87351e-15)
(7.7274e-06 4.86898e-05 -2.11707e-15)
(-4.90573e-06 5.5017e-05 1.06789e-14)
(1.55722e-05 3.19334e-05 -1.86155e-15)
(1.20842e-05 3.75457e-05 2.9658e-15)
(5.84367e-06 4.46613e-05 1.36688e-15)
(-5.4492e-06 4.97027e-05 -3.06839e-15)
(1.35191e-05 3.02514e-05 -7.37776e-16)
(1.0015e-05 3.49566e-05 -3.03735e-15)
(4.15303e-06 4.09714e-05 3.66981e-15)
(-5.78737e-06 4.49351e-05 -2.85048e-15)
(1.31931e-05 2.43973e-05 4.84958e-15)
(1.14176e-05 2.79409e-05 -2.38795e-16)
(8.88664e-06 3.3299e-05 2.12461e-15)
(2.50172e-06 3.71167e-05 -1.46879e-15)
(-5.91781e-06 4.06146e-05 -8.22412e-15)
(1.16405e-05 2.3211e-05 -6.37953e-15)
(9.69625e-06 2.64264e-05 1.84021e-15)
(7.1241e-06 3.08121e-05 1.71775e-15)
(1.40652e-06 3.38908e-05 -1.14235e-14)
(-5.9985e-06 3.67092e-05 1.80476e-15)
(1.01964e-05 2.19824e-05 1.45759e-15)
(8.18596e-06 2.47971e-05 -3.21839e-16)
(5.75532e-06 2.84718e-05 -8.76088e-16)
(5.88238e-07 3.08274e-05 1.00865e-14)
(-5.96025e-06 3.31155e-05 6.41117e-15)
(8.91378e-06 2.08036e-05 8.91734e-16)
(6.80097e-06 2.32363e-05 -6.2266e-16)
(4.5165e-06 2.62706e-05 -2.18186e-15)
(-8.97149e-08 2.80607e-05 -7.18805e-17)
(-5.85135e-06 2.99154e-05 1.13481e-16)
(7.73025e-06 1.95776e-05 -3.5201e-15)
(5.69265e-06 2.16437e-05 -3.48854e-15)
(3.58599e-06 2.41383e-05 -3.82654e-15)
(-5.59558e-07 2.5464e-05 -2.07593e-15)
(-5.65962e-06 2.6965e-05 -2.49767e-15)
(6.71837e-06 1.8341e-05 -1.43803e-15)
(4.69365e-06 2.00712e-05 -4.1767e-16)
(2.73702e-06 2.21801e-05 3.37717e-15)
(-9.45929e-07 2.31188e-05 1.12256e-15)
(-5.4329e-06 2.43478e-05 -6.51177e-15)
(5.79492e-06 1.7089e-05 -4.27821e-15)
(3.89013e-06 1.85647e-05 3.39654e-15)
(2.12477e-06 2.02845e-05 1.8734e-15)
(-1.16132e-06 2.09316e-05 -1.79875e-15)
(-5.14709e-06 2.19405e-05 3.29875e-15)
(5.01171e-06 1.58472e-05 1.24486e-15)
(3.18516e-06 1.71048e-05 -1.67454e-15)
(1.57759e-06 1.85287e-05 -5.73276e-16)
(-1.35178e-06 1.89668e-05 2.40966e-15)
(-4.86081e-06 1.98155e-05 5.67523e-15)
(4.30327e-06 1.46464e-05 1.78145e-15)
(2.6169e-06 1.56761e-05 -1.43829e-15)
(1.19578e-06 1.68878e-05 -2.47509e-15)
(-1.41495e-06 1.71554e-05 -1.56042e-16)
(-4.53364e-06 1.78756e-05 -4.64046e-15)
(3.72663e-06 1.35011e-05 -5.82939e-16)
(2.13156e-06 1.43213e-05 8.81665e-17)
(8.37652e-07 1.54122e-05 3.19969e-15)
(-1.48564e-06 1.55364e-05 -1.99211e-15)
(-4.23276e-06 1.61709e-05 1.26535e-15)
(3.20345e-06 1.24483e-05 -2.2906e-15)
(1.71713e-06 1.31148e-05 1.52021e-16)
(5.81951e-07 1.40481e-05 3.73117e-15)
(-1.45404e-06 1.40593e-05 -3.22275e-15)
(-3.89531e-06 1.46152e-05 -2.51727e-15)
(2.75976e-06 1.14767e-05 1.71922e-15)
(1.39548e-06 1.19953e-05 4.62768e-16)
(3.79331e-07 1.28146e-05 7.62263e-16)
(-1.44827e-06 1.27406e-05 6.05317e-16)
(-3.60121e-06 1.32388e-05 -9.6345e-16)
(2.39931e-06 1.06276e-05 8.71183e-16)
(1.12954e-06 1.09444e-05 -2.2804e-15)
(2.41377e-07 1.16806e-05 -1.95365e-15)
(-1.35864e-06 1.15353e-05 1.88924e-15)
(-3.26173e-06 1.1988e-05 4.57288e-15)
(2.14916e-06 9.68232e-06 -1.12014e-15)
(1.0369e-06 1.0091e-05 3.02928e-15)
(1.23829e-07 1.05757e-05 9.01215e-17)
(-1.2967e-06 1.04589e-05 -2.19518e-15)
(-2.9825e-06 1.08739e-05 2.81492e-15)
(2.98179e-06 8.65909e-06 -2.12018e-15)
(1.83973e-06 8.79234e-06 3.54611e-16)
(1.15827e-06 9.67614e-06 1.34318e-15)
(-9.80466e-08 9.39576e-06 1.38529e-16)
(-1.16888e-06 9.50387e-06 -3.53598e-15)
(-2.65758e-06 9.8665e-06 -3.18206e-15)
(2.71645e-06 7.91667e-06 1.27129e-15)
(1.69378e-06 8.0227e-06 2.98484e-15)
(1.11958e-06 8.81156e-06 6.32692e-17)
(-1.3429e-07 8.51824e-06 -3.07456e-15)
(-1.08608e-06 8.63297e-06 9.15981e-16)
(-2.47088e-06 9.01378e-06 -2.43814e-15)
(2.54309e-06 7.18364e-06 -1.76698e-15)
(1.52686e-06 7.29057e-06 -2.28282e-15)
(9.15488e-07 7.97919e-06 1.03149e-15)
(-1.31637e-07 7.71721e-06 1.47179e-15)
(-1.04075e-06 7.83228e-06 -1.4304e-15)
(-2.2124e-06 8.23362e-06 2.62984e-16)
(2.20671e-06 6.47238e-06 7.03658e-16)
(1.38574e-06 6.58042e-06 -2.93924e-16)
(9.37063e-07 7.18279e-06 6.38971e-17)
(-1.64248e-07 6.98569e-06 -1.11179e-16)
(-9.8909e-07 7.10165e-06 1.74727e-15)
(-2.10182e-06 7.49073e-06 5.85364e-16)
(2.05387e-06 5.80587e-06 1.16527e-15)
(1.26297e-06 5.90417e-06 6.73154e-16)
(7.04713e-07 6.51329e-06 -2.22893e-15)
(-2.16055e-07 6.34915e-06 -1.42326e-15)
(-9.69763e-07 6.44554e-06 -1.08054e-15)
(-1.91007e-06 6.81852e-06 2.50072e-16)
(1.71373e-06 5.2172e-06 -1.37791e-15)
(1.01805e-06 5.39843e-06 -1.88535e-15)
(6.3902e-07 5.92466e-06 -1.11305e-15)
(-2.3669e-07 5.80171e-06 2.91326e-15)
(-9.05936e-07 5.85746e-06 3.96772e-16)
(-1.79604e-06 6.15021e-06 2.95015e-16)
(1.45186e-06 4.70648e-06 -1.68283e-16)
(8.41684e-07 4.85687e-06 1.19804e-15)
(4.2235e-07 5.39023e-06 -6.80398e-16)
(-2.75738e-07 5.27392e-06 -5.54735e-16)
(-8.0906e-07 5.28788e-06 3.39658e-15)
(-1.57442e-06 5.55694e-06 -1.36974e-15)
(1.10137e-06 4.20803e-06 1.84824e-15)
(5.46224e-07 4.39549e-06 1.39735e-15)
(3.2498e-07 4.83847e-06 -2.44651e-15)
(-1.99552e-07 4.71068e-06 7.58292e-16)
(-6.83731e-07 4.73055e-06 -9.8093e-16)
(-1.42197e-06 4.98338e-06 1.06873e-15)
(8.1444e-07 3.74421e-06 -1.24001e-15)
(4.33283e-07 3.92699e-06 7.98677e-16)
(2.52349e-07 4.22587e-06 1.74162e-15)
(-1.93866e-07 4.15643e-06 -2.73669e-15)
(-6.11999e-07 4.22519e-06 1.4161e-15)
(-1.25743e-06 4.48988e-06 2.64388e-15)
(1.00224e-06 3.21062e-06 -4.96602e-16)
(5.70281e-07 3.30784e-06 4.3485e-16)
(4.35593e-07 3.70916e-06 3.70477e-16)
(1.0123e-07 3.63505e-06 -1.01377e-15)
(-1.86045e-07 3.72624e-06 1.37261e-16)
(-5.80425e-07 3.78171e-06 1.55232e-15)
(-1.20021e-06 4.09854e-06 5.71211e-17)
(7.45576e-07 2.92049e-06 1.46591e-15)
(4.0675e-07 2.99243e-06 1.99525e-15)
(3.80436e-07 3.34224e-06 -1.83373e-15)
(2.73297e-08 3.28534e-06 -1.12616e-16)
(-2.46085e-07 3.36611e-06 -6.98137e-16)
(-6.10894e-07 3.45958e-06 -7.65334e-16)
(-1.10698e-06 3.73162e-06 2.45351e-15)
(6.08992e-07 2.64743e-06 -1.30465e-16)
(3.08698e-07 2.69128e-06 -1.01755e-15)
(2.08435e-07 3.03633e-06 -1.21596e-15)
(-6.2831e-08 2.97982e-06 2.62866e-15)
(-3.04942e-07 3.07055e-06 1.13564e-15)
(-5.89246e-07 3.12886e-06 -3.14486e-15)
(-1.02403e-06 3.37889e-06 -2.31371e-15)
(4.21157e-07 2.38444e-06 6.42586e-16)
(1.5544e-07 2.42385e-06 -7.64172e-16)
(1.37702e-07 2.74623e-06 2.20354e-16)
(-1.45662e-07 2.68767e-06 5.32787e-16)
(-3.32277e-07 2.75987e-06 -1.09201e-15)
(-5.61447e-07 2.80985e-06 -2.18637e-15)
(-9.28132e-07 3.02997e-06 2.5219e-15)
(3.42676e-07 2.1706e-06 2.81697e-15)
(6.51968e-08 2.16467e-06 5.83733e-17)
(-6.03619e-09 2.48843e-06 -1.85314e-15)
(-2.04201e-07 2.40364e-06 1.48385e-16)
(-3.45819e-07 2.45434e-06 1.29665e-15)
(-5.13717e-07 2.48906e-06 5.96326e-16)
(-8.1924e-07 2.68089e-06 -4.78346e-16)
(2.30216e-07 1.98597e-06 -3.40414e-16)
(-3.09333e-08 1.96694e-06 3.26187e-16)
(-3.17814e-08 2.22957e-06 -5.01151e-16)
(-2.22237e-07 2.11316e-06 -7.1907e-16)
(-3.15507e-07 2.14418e-06 4.86222e-16)
(-4.54577e-07 2.16844e-06 -1.13231e-15)
(-7.29799e-07 2.33789e-06 1.82911e-16)
(2.21501e-07 1.83903e-06 1.68646e-15)
(-2.19998e-08 1.78101e-06 8.08909e-16)
(-4.84538e-08 2.04616e-06 2.24122e-16)
(-1.92024e-07 1.8947e-06 6.99875e-16)
(-2.91521e-07 1.91572e-06 -5.75986e-17)
(-4.12106e-07 1.92686e-06 8.10117e-16)
(-6.51835e-07 2.06364e-06 -3.77383e-17)
(1.93966e-07 1.71146e-06 7.49271e-16)
(-1.92008e-08 1.67735e-06 1.82418e-15)
(-4.85877e-09 1.90376e-06 -5.75336e-16)
(-1.67592e-07 1.75543e-06 -1.08864e-15)
(-2.56071e-07 1.76243e-06 6.13589e-16)
(-3.7956e-07 1.78623e-06 4.7414e-16)
(-5.98662e-07 1.90393e-06 4.45047e-16)
(1.80182e-07 1.60237e-06 8.21053e-16)
(-4.65982e-09 1.55697e-06 -8.55037e-16)
(-6.87607e-09 1.77835e-06 -4.58445e-16)
(-1.35106e-07 1.6423e-06 7.71338e-16)
(-2.27726e-07 1.64019e-06 1.90994e-15)
(-3.40883e-07 1.66932e-06 -8.104e-16)
(-5.38131e-07 1.77849e-06 -2.539e-15)
(1.41171e-07 1.48393e-06 -1.06435e-17)
(4.86721e-09 1.48011e-06 -5.17743e-16)
(1.15852e-08 1.60408e-06 1.24854e-17)
(-1.096e-07 1.50506e-06 7.25978e-16)
(-1.85014e-07 1.49614e-06 -1.38605e-16)
(-2.86781e-07 1.51712e-06 -4.51168e-16)
(-4.73894e-07 1.63417e-06 6.02239e-16)
(1.84072e-07 1.24066e-06 -1.4422e-15)
(7.72857e-08 1.2381e-06 -8.67093e-16)
(1.32536e-07 1.44051e-06 -5.64573e-17)
(-1.20691e-08 1.33833e-06 4.67228e-16)
(-6.98144e-08 1.3301e-06 4.405e-16)
(-1.45057e-07 1.31338e-06 1.30018e-15)
(-2.31964e-07 1.33502e-06 -6.24635e-16)
(-4.06662e-07 1.44358e-06 -1.53133e-15)
(1.59811e-07 1.02757e-06 1.55501e-16)
(7.29085e-08 1.01065e-06 -3.97707e-17)
(8.89376e-08 1.20605e-06 -5.04324e-16)
(-1.47482e-09 1.1251e-06 1.23246e-15)
(-4.96073e-08 1.12868e-06 3.81676e-16)
(-1.09775e-07 1.11976e-06 -1.26855e-15)
(-1.80936e-07 1.14401e-06 -6.36905e-16)
(-3.3192e-07 1.23043e-06 3.24235e-16)
(1.01959e-07 8.35099e-07 -9.35342e-16)
(3.30614e-08 8.33683e-07 4.77443e-18)
(8.19178e-08 1.00115e-06 3.80576e-16)
(-9.53689e-09 9.33035e-07 -1.37287e-15)
(-4.2248e-08 9.42445e-07 2.70998e-15)
(-8.75786e-08 9.4115e-07 -3.04028e-16)
(-1.39572e-07 9.70415e-07 -1.15037e-15)
(-2.57364e-07 1.04417e-06 1.03809e-15)
(1.01965e-07 7.13704e-07 5.25165e-17)
(1.23058e-08 6.84133e-07 5.93262e-16)
(4.15575e-08 8.65312e-07 7.44866e-16)
(-2.08576e-08 7.82035e-07 -1.08847e-15)
(-4.58269e-08 7.93776e-07 1.20605e-15)
(-7.89227e-08 7.95849e-07 -6.3508e-16)
(-1.13611e-07 8.29385e-07 -1.47679e-15)
(-1.98197e-07 8.935e-07 1.68978e-15)
(8.65706e-08 6.33219e-07 1.74299e-16)
(9.31209e-09 6.12038e-07 6.63974e-16)
(4.28457e-08 7.72956e-07 1.31546e-15)
(-3.37171e-08 6.87842e-07 -2.56969e-17)
(-5.4204e-08 6.96781e-07 -1.89747e-15)
(-7.84656e-08 6.99323e-07 5.56122e-16)
(-9.55644e-08 7.35005e-07 -5.48047e-16)
(-1.54574e-07 7.83334e-07 -3.61696e-16)
(9.25214e-08 6.09028e-07 -6.26371e-16)
(-3.06239e-09 5.84516e-07 -9.79125e-16)
(1.86904e-09 7.31181e-07 3.07386e-16)
(-4.09684e-08 6.45105e-07 1.49009e-15)
(-5.84417e-08 6.48623e-07 2.82959e-16)
(-7.51155e-08 6.46976e-07 -5.88839e-16)
(-8.32478e-08 6.77183e-07 1.33251e-16)
(-1.24979e-07 7.16895e-07 8.44341e-16)
(6.68486e-08 6.15784e-07 1.59278e-15)
(1.62635e-10 6.04492e-07 4.65309e-16)
(1.60333e-08 7.49506e-07 -1.30971e-15)
(-3.75985e-08 6.66896e-07 1.39634e-16)
(-5.10838e-08 6.72072e-07 -9.35912e-16)
(-6.21435e-08 6.7272e-07 -3.36779e-16)
(-5.68356e-08 7.0223e-07 1.7406e-15)
(-7.57856e-08 7.31972e-07 -1.12693e-16)
(5.24948e-08 6.8399e-07 -1.05418e-15)
(-3.69445e-08 6.5664e-07 -4.73447e-16)
(-4.07088e-08 8.05803e-07 1.0052e-15)
(-4.63608e-08 7.19356e-07 -4.35872e-16)
(-5.08466e-08 7.20958e-07 -3.63243e-16)
(-5.01719e-08 7.11612e-07 1.22524e-15)
(-3.59027e-08 7.34244e-07 -8.84998e-17)
(-3.21998e-08 8.07044e-07 -8.54991e-16)
(4.17612e-08 9.13044e-07 -6.32218e-16)
(-1.34967e-08 9.04772e-07 -1.25382e-15)
(-1.87183e-08 9.48358e-07 -6.62606e-16)
(-2.16332e-08 8.94177e-07 2.37662e-15)
(-1.94892e-08 8.82513e-07 -1.31034e-16)
(-1.15989e-08 8.68949e-07 -6.26945e-16)
(1.54839e-08 8.95505e-07 -8.639e-16)
(9.41636e-08 1.05014e-06 -3.35963e-15)
(-0.0294337 -0.011898 -1.46527e-14)
(0.0054698 0.00320886 1.77522e-14)
(0.00279865 0.00343469 -9.39184e-14)
(0.00157317 0.00288419 1.65252e-14)
(0.00093206 0.00269309 3.68615e-14)
(0.000603855 0.00243562 -1.78182e-14)
(0.000534733 0.00196243 -5.62097e-14)
(0.000425692 0.00161505 3.64426e-15)
(0.0003552 0.00157777 4.87592e-15)
(0.000302785 0.0013822 -2.55687e-14)
(0.000248399 0.00121192 -1.26923e-14)
(0.000204222 0.00105928 3.63806e-14)
(0.00016656 0.000924569 5.63704e-14)
(0.000134835 0.000806294 -3.54017e-14)
(0.000107983 0.000702299 2.21713e-14)
(8.5583e-05 0.00061197 9.86929e-15)
(6.67804e-05 0.000533131 -4.68483e-14)
(5.12755e-05 0.000465204 3.68869e-14)
(3.84301e-05 0.000405952 -5.08602e-14)
(2.80246e-05 0.000355158 3.0225e-14)
(1.94868e-05 0.000311388 -8.07054e-15)
(1.2681e-05 0.000274037 1.88468e-15)
(7.2064e-06 0.000241564 1.0875e-14)
(2.95887e-06 0.000213807 -9.95738e-15)
(-4.08777e-07 0.000189716 -2.99937e-15)
(-2.9443e-06 0.000169014 -4.26655e-15)
(-4.89207e-06 0.000150763 1.61464e-14)
(-6.26477e-06 0.000134849 -1.03338e-14)
(-7.27612e-06 0.000120645 1.22514e-14)
(-7.90323e-06 0.000108136 2.20417e-15)
(-8.33477e-06 9.68892e-05 -1.40439e-14)
(-8.51696e-06 8.69369e-05 -1.23068e-14)
(-8.60599e-06 7.79593e-05 1.19067e-14)
(-8.53509e-06 7.00165e-05 8.64839e-15)
(-8.44628e-06 6.28304e-05 -2.95953e-15)
(-8.24398e-06 5.64767e-05 5.99333e-15)
(-8.05404e-06 5.07221e-05 -1.71106e-15)
(-7.76928e-06 4.56593e-05 -1.18977e-14)
(-7.55559e-06 4.09864e-05 3.52808e-15)
(-7.22636e-06 3.6864e-05 -2.02809e-16)
(-6.95418e-06 3.30786e-05 -7.94706e-16)
(-6.57226e-06 2.97481e-05 6.57844e-15)
(-6.25905e-06 2.66857e-05 -4.84522e-15)
(-5.83938e-06 2.39944e-05 -8.18252e-16)
(-5.50446e-06 2.15297e-05 7.70575e-16)
(-5.07638e-06 1.93741e-05 5.91777e-15)
(-4.73971e-06 1.74101e-05 -2.64768e-15)
(-4.32433e-06 1.56888e-05 5.59097e-15)
(-3.99605e-06 1.41187e-05 -1.04803e-15)
(-3.60407e-06 1.27316e-05 1.4838e-15)
(-3.27703e-06 1.14692e-05 1.41619e-15)
(-2.89909e-06 1.03511e-05 2.88969e-16)
(-2.58794e-06 9.4143e-06 1.53612e-15)
(-2.28803e-06 8.60942e-06 1.8666e-15)
(-2.03264e-06 7.88297e-06 -1.04594e-15)
(-1.81923e-06 7.21031e-06 -3.69644e-16)
(-1.67132e-06 6.5116e-06 -1.36936e-15)
(-1.50946e-06 5.86588e-06 1.9927e-15)
(-1.39862e-06 5.20141e-06 -3.96588e-15)
(-1.24299e-06 4.67541e-06 1.23544e-15)
(-1.15022e-06 4.19457e-06 -4.683e-15)
(-1.03851e-06 3.78838e-06 -2.02103e-15)
(-9.3144e-07 3.43695e-06 1.71065e-16)
(-8.33526e-07 3.07176e-06 3.04079e-15)
(-7.33072e-07 2.71646e-06 3.48985e-15)
(-6.33709e-07 2.3796e-06 -7.68482e-16)
(-5.64263e-07 2.04409e-06 -2.94978e-15)
(-5.291e-07 1.76842e-06 -1.35038e-15)
(-5.00583e-07 1.60642e-06 1.87342e-15)
(-4.6329e-07 1.45967e-06 5.28607e-15)
(-4.33752e-07 1.32205e-06 -2.39359e-15)
(-4.02261e-07 1.16109e-06 2.02682e-15)
(-3.55967e-07 9.74389e-07 -1.70056e-15)
(-2.91966e-07 7.98807e-07 -7.02326e-16)
(-2.44437e-07 6.48317e-07 -8.05718e-16)
(-1.92244e-07 5.32433e-07 3.81722e-15)
(-1.69531e-07 4.68873e-07 -3.98555e-16)
(-1.20441e-07 4.70126e-07 2.29187e-16)
(-7.64366e-08 5.69314e-07 8.96856e-16)
(2.14055e-07 9.46619e-07 9.78968e-15)
(-0.0203451 -0.000443528 3.87854e-15)
(-0.00313381 0.000412236 -4.3142e-15)
(-0.00172704 0.000566523 1.90313e-14)
(-0.00140409 0.000490469 -3.98161e-15)
(-0.000863973 0.000935051 -6.1072e-15)
(-0.000851499 0.000861245 1.9207e-15)
(-0.000775309 0.000447562 1.03852e-14)
(-0.000663128 0.000635215 -6.26955e-16)
(-0.000590508 0.000600298 -7.3894e-16)
(-0.000515601 0.00057033 3.53052e-15)
(-0.000449214 0.00053524 3.86451e-15)
(-0.000390407 0.000499897 -7.55574e-15)
(-0.000338261 0.000465321 -1.0068e-14)
(-0.000291982 0.000430858 6.31443e-15)
(-0.000251353 0.000397451 -3.51212e-15)
(-0.000215637 0.000364878 -2.51106e-15)
(-0.000184623 0.00033372 7.90594e-15)
(-0.000157617 0.000303952 -6.1879e-15)
(-0.000134458 0.000275899 9.16809e-15)
(-0.000114475 0.000249705 -5.81931e-15)
(-9.74943e-05 0.000225513 1.02457e-15)
(-8.29103e-05 0.00020339 -1.89168e-16)
(-7.06176e-05 0.000183196 -1.44331e-15)
(-6.01008e-05 0.000165042 8.80392e-16)
(-5.12644e-05 0.000148626 8.80574e-16)
(-4.37042e-05 0.000133949 1.41203e-15)
(-3.73745e-05 0.000120716 -3.25467e-15)
(-3.19556e-05 0.000108858 2.13335e-15)
(-2.74384e-05 9.80873e-05 -2.63766e-15)
(-2.35766e-05 8.84051e-05 -1.36697e-16)
(-2.03769e-05 7.95853e-05 2.30037e-15)
(-1.76382e-05 7.16602e-05 2.41279e-15)
(-1.53816e-05 6.44243e-05 -2.59799e-15)
(-1.34481e-05 5.79485e-05 -1.28332e-15)
(-1.18575e-05 5.20281e-05 1.2967e-15)
(-1.04817e-05 4.6745e-05 -1.35364e-15)
(-9.35996e-06 4.1891e-05 1.47431e-16)
(-8.33455e-06 3.76606e-05 1.87521e-15)
(-7.49608e-06 3.37396e-05 -4.04034e-16)
(-6.74648e-06 3.02293e-05 4.42816e-16)
(-6.11551e-06 2.7002e-05 6.25546e-16)
(-5.52177e-06 2.41437e-05 -1.9269e-15)
(-5.01542e-06 2.15364e-05 9.36378e-16)
(-4.51788e-06 1.92379e-05 4.4874e-16)
(-4.09729e-06 1.71607e-05 -1.11699e-15)
(-3.67048e-06 1.53381e-05 -7.93065e-16)
(-3.31601e-06 1.37073e-05 8.67894e-17)
(-2.94466e-06 1.22671e-05 -2.06576e-16)
(-2.6449e-06 1.09758e-05 -3.61007e-16)
(-2.31933e-06 9.81721e-06 6.51159e-16)
(-2.06144e-06 8.77534e-06 -6.8003e-16)
(-1.76509e-06 7.87561e-06 1.20889e-15)
(-1.55498e-06 7.10862e-06 2.60172e-16)
(-1.2555e-06 6.48305e-06 -1.44142e-16)
(-1.05567e-06 5.92873e-06 4.27751e-16)
(-8.04383e-07 5.45038e-06 9.34446e-16)
(-6.69361e-07 4.94649e-06 2.08975e-16)
(-5.4555e-07 4.43258e-06 1.318e-16)
(-4.90948e-07 3.93823e-06 1.87782e-15)
(-4.67712e-07 3.47115e-06 -1.4144e-15)
(-4.02929e-07 3.10026e-06 -7.77812e-16)
(-3.41188e-07 2.77472e-06 -1.48485e-15)
(-2.84499e-07 2.4808e-06 -9.69566e-16)
(-2.10165e-07 2.20364e-06 -2.74757e-15)
(-1.52837e-07 1.9254e-06 -8.19281e-16)
(-1.10424e-07 1.66538e-06 -2.07358e-16)
(-8.4914e-08 1.43238e-06 6.69789e-16)
(-1.2298e-07 1.23078e-06 5.13568e-16)
(-1.44301e-07 1.07141e-06 -9.12844e-16)
(-1.46445e-07 9.45773e-07 -2.93811e-16)
(-1.43539e-07 8.26729e-07 8.6237e-16)
(-1.498e-07 6.87224e-07 -3.37766e-16)
(-1.44593e-07 5.46941e-07 -5.07708e-16)
(-1.42196e-07 4.2693e-07 7.98411e-16)
(-1.46168e-07 3.17919e-07 5.88638e-17)
(-1.15764e-07 2.49459e-07 -5.37256e-16)
(-1.2702e-07 2.10348e-07 1.16849e-15)
(-1.25892e-07 2.09336e-07 -2.37686e-16)
(-1.26003e-07 2.24014e-07 -1.5325e-16)
(1.37359e-07 4.98096e-07 4.13602e-16)
(-0.00193632 -0.00106614 -1.25418e-16)
(-0.000458445 -0.000893041 -7.03028e-17)
(-0.000650528 -0.000819346 -8.54023e-17)
(-0.000671137 -0.000787695 1.09621e-16)
(-0.00064386 -0.000677119 -2.41307e-16)
(-0.000600629 -0.000425088 -1.69422e-16)
(-0.000550131 -0.000327814 1.61942e-17)
(-0.00054208 -0.000377779 -2.08807e-16)
(-0.000509618 -0.000302809 -2.36662e-16)
(-0.000474099 -0.000238445 1.07822e-16)
(-0.000439341 -0.000181918 -2.45491e-16)
(-0.000405325 -0.000132556 -2.05175e-16)
(-0.000372281 -8.905e-05 1.7826e-16)
(-0.000340427 -5.1631e-05 3.57747e-16)
(-0.000309981 -1.97534e-05 -1.90615e-16)
(-0.000281078 6.72017e-06 1.89432e-16)
(-0.000253857 2.85048e-05 9.73221e-17)
(-0.000228371 4.57169e-05 -1.28025e-17)
(-0.000204702 5.90399e-05 -3.79874e-17)
(-0.000182838 6.89366e-05 1.52375e-16)
(-0.000162783 7.59604e-05 7.164e-16)
(-0.000144473 8.0558e-05 -3.43105e-17)
(-0.00012788 8.30034e-05 2.03552e-16)
(-0.000112905 8.38655e-05 8.66949e-17)
(-9.94762e-05 8.33552e-05 -1.12868e-16)
(-8.74692e-05 8.18215e-05 -1.89417e-16)
(-7.68111e-05 7.93836e-05 -4.93162e-16)
(-6.73671e-05 7.63255e-05 -8.84376e-18)
(-5.90593e-05 7.27487e-05 1.30343e-18)
(-5.17573e-05 6.88564e-05 1.85337e-16)
(-4.53848e-05 6.47228e-05 2.37433e-16)
(-3.9822e-05 6.05164e-05 -1.10044e-15)
(-3.49895e-05 5.62747e-05 -1.24156e-15)
(-3.0792e-05 5.21193e-05 -6.14913e-16)
(-2.71489e-05 4.80513e-05 2.37204e-16)
(-2.39912e-05 4.418e-05 6.74068e-16)
(-2.12496e-05 4.04295e-05 1.85432e-18)
(-1.88765e-05 3.69351e-05 1.51627e-16)
(-1.67762e-05 3.36217e-05 4.91896e-16)
(-1.4949e-05 3.05661e-05 5.03398e-16)
(-1.33189e-05 2.76776e-05 4.43898e-17)
(-1.18993e-05 2.50587e-05 -2.36037e-16)
(-1.06138e-05 2.26135e-05 -1.62165e-16)
(-9.49162e-06 2.04244e-05 -7.96144e-16)
(-8.4651e-06 1.84138e-05 -1.40169e-15)
(-7.56705e-06 1.66299e-05 -6.92566e-16)
(-6.74209e-06 1.50112e-05 -2.66298e-16)
(-6.01816e-06 1.35718e-05 9.38564e-16)
(-5.35716e-06 1.22678e-05 1.38104e-15)
(-4.77123e-06 1.10939e-05 -3.26995e-17)
(-4.2452e-06 1.00226e-05 4.27576e-16)
(-3.77447e-06 9.06746e-06 -1.54517e-15)
(-3.33674e-06 8.24476e-06 -1.20156e-15)
(-2.91901e-06 7.5471e-06 1.63414e-16)
(-2.49032e-06 6.97575e-06 -8.58536e-16)
(-2.1166e-06 6.45467e-06 -2.68481e-16)
(-1.75271e-06 5.97239e-06 -3.01898e-16)
(-1.49513e-06 5.46006e-06 6.05261e-16)
(-1.29928e-06 4.94038e-06 2.97677e-15)
(-1.1615e-06 4.43714e-06 5.485e-16)
(-1.04674e-06 3.97971e-06 3.30923e-15)
(-9.29537e-07 3.60947e-06 1.40988e-16)
(-8.01474e-07 3.28182e-06 3.43952e-16)
(-6.85266e-07 2.95871e-06 -1.47835e-15)
(-5.79825e-07 2.64741e-06 -2.43398e-16)
(-4.96397e-07 2.35118e-06 8.26617e-16)
(-4.36196e-07 2.08186e-06 -3.29699e-16)
(-4.14654e-07 1.86512e-06 6.27223e-16)
(-4.07731e-07 1.69122e-06 -2.15463e-16)
(-3.91966e-07 1.53652e-06 -6.7579e-16)
(-3.62318e-07 1.39073e-06 -9.3161e-16)
(-3.19401e-07 1.21738e-06 4.86598e-16)
(-2.75228e-07 1.02548e-06 1.62725e-15)
(-2.51805e-07 8.56303e-07 -1.57745e-15)
(-2.4184e-07 7.10775e-07 5.89785e-17)
(-1.68864e-07 6.41643e-07 -1.02051e-16)
(-1.89293e-07 6.04181e-07 -2.62294e-15)
(-1.96627e-07 6.07723e-07 2.06788e-15)
(-1.72442e-07 5.90218e-07 -2.08184e-17)
(4.67456e-08 8.38531e-07 -3.54632e-15)
(-0.000486201 -0.000299297 2.70504e-17)
(-0.000122572 -0.000228226 -3.3474e-17)
(-0.00019569 -0.000225648 2.89553e-18)
(-0.000139563 -0.000232053 -6.76631e-17)
(-0.000126392 -0.00017971 2.68811e-17)
(-0.000125212 -0.000170784 1.93319e-17)
(-0.000143509 -0.000179121 -1.76141e-17)
(-0.000153288 -0.000160179 -1.54375e-17)
(-0.000162071 -0.000154171 -1.57898e-16)
(-0.000168219 -0.000145554 -7.84984e-18)
(-0.000172636 -0.000135582 1.37252e-16)
(-0.000175333 -0.000124737 -1.08971e-17)
(-0.00017627 -0.000112369 5.45833e-17)
(-0.000175512 -9.94547e-05 -1.59493e-17)
(-0.000173157 -8.59067e-05 -3.62261e-19)
(-0.000169352 -7.24093e-05 -1.8261e-16)
(-0.000164263 -5.88637e-05 -3.47002e-16)
(-0.000158077 -4.58774e-05 -3.55225e-16)
(-0.000150981 -3.35263e-05 1.6675e-16)
(-0.000143183 -2.20055e-05 -2.76221e-17)
(-0.000134854 -1.14385e-05 5.20257e-16)
(-0.000126181 -1.76381e-06 -1.31798e-16)
(-0.000117313 6.76056e-06 -3.6805e-16)
(-0.000108447 1.42609e-05 2.92328e-16)
(-9.96758e-05 2.05606e-05 -5.09571e-17)
(-9.1147e-05 2.58277e-05 5.96106e-18)
(-8.29218e-05 2.99842e-05 -1.22718e-16)
(-7.51326e-05 3.317e-05 -2.48837e-17)
(-6.77905e-05 3.53334e-05 4.52333e-17)
(-6.09758e-05 3.66648e-05 9.6155e-17)
(-5.46736e-05 3.71826e-05 4.51165e-16)
(-4.89207e-05 3.7083e-05 5.01555e-17)
(-4.36778e-05 3.64117e-05 3.2147e-16)
(-3.89467e-05 3.53507e-05 -2.00877e-16)
(-3.46787e-05 3.39191e-05 8.13601e-18)
(-3.08565e-05 3.22881e-05 7.78933e-17)
(-2.74373e-05 3.0434e-05 -5.12884e-16)
(-2.43884e-05 2.85309e-05 -1.94809e-16)
(-2.16558e-05 2.6543e-05 4.20337e-16)
(-1.92274e-05 2.45984e-05 -7.06529e-17)
(-1.70573e-05 2.26392e-05 -1.78462e-16)
(-1.51364e-05 2.07907e-05 4.92077e-16)
(-1.34171e-05 1.89932e-05 6.30315e-16)
(-1.19013e-05 1.73495e-05 7.65246e-16)
(-1.05419e-05 1.57949e-05 4.0874e-16)
(-9.34707e-06 1.44e-05 1.88719e-16)
(-8.27413e-06 1.31066e-05 9.26122e-16)
(-7.33306e-06 1.19492e-05 -1.86337e-16)
(-6.49024e-06 1.08804e-05 -1.83818e-16)
(-5.7522e-06 9.90999e-06 -1.60865e-15)
(-5.09591e-06 9.01554e-06 2.98976e-16)
(-4.52631e-06 8.18479e-06 1.84172e-15)
(-4.00822e-06 7.4684e-06 -1.68113e-15)
(-3.52473e-06 6.82955e-06 -2.64767e-16)
(-3.0581e-06 6.30764e-06 2.50059e-16)
(-2.59269e-06 5.87292e-06 -7.89675e-16)
(-2.16956e-06 5.46187e-06 2.91539e-16)
(-1.79049e-06 5.07687e-06 -1.46664e-15)
(-1.51666e-06 4.65158e-06 -1.69825e-15)
(-1.31345e-06 4.21208e-06 -1.53519e-16)
(-1.14652e-06 3.8044e-06 -1.69807e-15)
(-9.9232e-07 3.4416e-06 4.94808e-17)
(-8.52427e-07 3.12676e-06 -3.89779e-16)
(-7.16221e-07 2.83407e-06 3.97927e-15)
(-6.03136e-07 2.5422e-06 6.34464e-16)
(-5.2296e-07 2.2672e-06 -8.29912e-17)
(-4.54576e-07 2.02001e-06 5.68448e-16)
(-4.21026e-07 1.82079e-06 -3.03857e-16)
(-4.00058e-07 1.65705e-06 7.13126e-16)
(-3.76302e-07 1.50476e-06 2.04475e-15)
(-3.44949e-07 1.35043e-06 1.64684e-15)
(-2.99954e-07 1.17649e-06 1.23137e-15)
(-2.58717e-07 9.97866e-07 4.16477e-16)
(-2.43853e-07 8.44228e-07 4.68263e-17)
(-2.39518e-07 6.95807e-07 -2.15141e-18)
(-1.59422e-07 6.4214e-07 5.31753e-16)
(-1.81295e-07 6.1977e-07 -4.11481e-15)
(-1.94322e-07 6.03885e-07 -3.44172e-15)
(-1.59296e-07 5.53496e-07 5.97683e-17)
(-5.38373e-08 7.66855e-07 5.79027e-16)
(-4.18003e-05 -0.000120625 9.00406e-17)
(0.000315373 -3.03678e-05 4.69761e-17)
(-0.000287564 -0.000106115 -6.59924e-18)
(-1.96137e-05 -0.000175931 -3.38458e-17)
(-5.6516e-05 -0.000113251 -3.38917e-16)
(-6.60437e-05 -9.04041e-05 -9.01111e-17)
(-6.82452e-05 -9.87014e-05 1.41106e-16)
(-7.31547e-05 -0.000103064 -1.12344e-17)
(-7.69461e-05 -9.85948e-05 6.3769e-17)
(-8.01468e-05 -9.46293e-05 -8.90401e-17)
(-8.33171e-05 -9.08407e-05 -3.53528e-16)
(-8.62821e-05 -8.69206e-05 -1.29014e-16)
(-8.9021e-05 -8.22933e-05 1.7227e-16)
(-9.13377e-05 -7.72815e-05 4.09785e-17)
(-9.32856e-05 -7.18777e-05 -2.53311e-16)
(-9.46638e-05 -6.61184e-05 -7.67405e-17)
(-9.55604e-05 -6.00089e-05 6.15651e-17)
(-9.57854e-05 -5.36627e-05 2.29537e-16)
(-9.54791e-05 -4.71677e-05 -2.94313e-17)
(-9.44815e-05 -4.06367e-05 -1.04552e-16)
(-9.29456e-05 -3.41708e-05 -4.87485e-17)
(-9.07521e-05 -2.77211e-05 -1.51227e-16)
(-8.80655e-05 -2.13847e-05 -4.74473e-16)
(-8.48221e-05 -1.5219e-05 -4.86448e-18)
(-8.11953e-05 -9.36955e-06 -2.12186e-16)
(-7.71772e-05 -3.85789e-06 -1.53676e-16)
(-7.29139e-05 1.18775e-06 1.45377e-16)
(-6.84299e-05 5.78536e-06 -2.35253e-16)
(-6.38639e-05 9.7284e-06 -2.31642e-16)
(-5.92594e-05 1.30934e-05 -3.51113e-16)
(-5.47154e-05 1.5767e-05 -4.67734e-16)
(-5.02721e-05 1.78619e-05 3.80749e-16)
(-4.59894e-05 1.9316e-05 2.74156e-16)
(-4.18969e-05 2.02633e-05 -3.37072e-17)
(-3.80276e-05 2.07053e-05 7.79152e-16)
(-3.43956e-05 2.07865e-05 -2.76775e-16)
(-3.10189e-05 2.04723e-05 -1.06444e-15)
(-2.78971e-05 1.99493e-05 2.85764e-16)
(-2.50189e-05 1.91803e-05 -9.34546e-16)
(-2.2389e-05 1.8306e-05 1.22791e-16)
(-1.99898e-05 1.72818e-05 -3.14596e-16)
(-1.78234e-05 1.6248e-05 -4.91561e-16)
(-1.58607e-05 1.51515e-05 -2.25146e-16)
(-1.41072e-05 1.41121e-05 2.97776e-18)
(-1.25241e-05 1.30714e-05 7.94188e-16)
(-1.11205e-05 1.21157e-05 4.96081e-17)
(-9.85661e-06 1.11914e-05 -3.30289e-16)
(-8.74312e-06 1.03488e-05 -4.54782e-16)
(-7.74247e-06 9.54531e-06 -4.79601e-16)
(-6.86417e-06 8.80265e-06 -1.99444e-16)
(-6.0822e-06 8.09635e-06 -2.75706e-16)
(-5.39648e-06 7.43847e-06 -1.7037e-15)
(-4.79582e-06 6.81823e-06 1.84639e-16)
(-4.23344e-06 6.26834e-06 9.72238e-17)
(-3.71813e-06 5.78961e-06 4.05254e-16)
(-3.19971e-06 5.38769e-06 1.68926e-15)
(-2.69972e-06 5.05913e-06 1.612e-15)
(-2.25234e-06 4.75165e-06 1.90661e-16)
(-1.88551e-06 4.44383e-06 -2.1355e-15)
(-1.5833e-06 4.07911e-06 -1.59253e-16)
(-1.35036e-06 3.69874e-06 -2.03079e-15)
(-1.16212e-06 3.37646e-06 2.82582e-16)
(-9.89298e-07 3.08247e-06 1.32741e-15)
(-8.36211e-07 2.79423e-06 -2.61627e-15)
(-7.14865e-07 2.52915e-06 -1.0525e-15)
(-6.28941e-07 2.26742e-06 4.18061e-17)
(-5.47378e-07 2.02755e-06 5.73119e-17)
(-4.91245e-07 1.84279e-06 8.20828e-16)
(-4.43231e-07 1.6868e-06 -1.97619e-16)
(-4.11298e-07 1.53066e-06 -5.1877e-16)
(-3.75046e-07 1.37535e-06 -4.00878e-16)
(-3.25214e-07 1.19995e-06 -1.62398e-15)
(-2.81581e-07 1.0249e-06 7.74924e-17)
(-2.63996e-07 8.77593e-07 8.55856e-16)
(-2.32757e-07 7.25936e-07 -2.30722e-18)
(-1.91619e-07 6.68246e-07 7.87103e-17)
(-1.90383e-07 6.5848e-07 1.53816e-16)
(-1.95378e-07 6.33982e-07 1.06211e-15)
(-1.49879e-07 5.66484e-07 -2.34898e-16)
(-1.01126e-07 7.60484e-07 2.95405e-16)
(-0.00150979 -0.000241842 4.73041e-17)
(0.0014713 0.000500184 -2.05473e-17)
(-0.000883087 0.000128877 1.01699e-17)
(0.000537545 -0.00045513 -1.82984e-17)
(-5.50113e-06 -5.14855e-05 1.21733e-16)
(-3.74581e-05 -1.78359e-05 -1.76531e-16)
(-4.07379e-05 -2.01644e-05 -1.16958e-16)
(-4.28747e-05 -2.35722e-05 1.29174e-16)
(-4.46642e-05 -2.46058e-05 9.65119e-17)
(-4.62751e-05 -2.55688e-05 2.98727e-17)
(-4.80503e-05 -2.69101e-05 -7.58223e-17)
(-4.98665e-05 -2.85246e-05 -1.95248e-16)
(-5.17768e-05 -2.98121e-05 8.90796e-17)
(-5.35973e-05 -3.09487e-05 9.10012e-17)
(-5.54225e-05 -3.15452e-05 8.40451e-17)
(-5.70717e-05 -3.19781e-05 8.54321e-17)
(-5.86356e-05 -3.18652e-05 8.51495e-17)
(-5.99181e-05 -3.14538e-05 1.15808e-16)
(-6.1032e-05 -3.04254e-05 3.66705e-16)
(-6.17929e-05 -2.91457e-05 -2.21439e-16)
(-6.23234e-05 -2.74146e-05 -3.32417e-16)
(-6.24465e-05 -2.53753e-05 3.4647e-16)
(-6.22847e-05 -2.28694e-05 1.25689e-16)
(-6.16819e-05 -2.01136e-05 -2.76875e-16)
(-6.07685e-05 -1.70141e-05 -1.2927e-16)
(-5.94296e-05 -1.37781e-05 6.35172e-17)
(-5.77974e-05 -1.04618e-05 -4.35097e-16)
(-5.57907e-05 -7.14697e-06 -1.42354e-16)
(-5.35427e-05 -3.89871e-06 -1.30199e-16)
(-5.10202e-05 -8.55574e-07 1.20467e-16)
(-4.83444e-05 1.8926e-06 -2.22414e-16)
(-4.55029e-05 4.31771e-06 5.64896e-18)
(-4.26056e-05 6.36661e-06 3.57716e-16)
(-3.96513e-05 8.08586e-06 5.03671e-17)
(-3.67279e-05 9.41777e-06 -9.01629e-17)
(-3.38346e-05 1.04536e-05 -3.67775e-17)
(-3.1041e-05 1.11373e-05 1.44023e-16)
(-2.83443e-05 1.15825e-05 1.35745e-16)
(-2.57817e-05 1.17494e-05 1.05493e-16)
(-2.33575e-05 1.17616e-05 -2.35951e-17)
(-2.10919e-05 1.15591e-05 3.39132e-16)
(-1.89898e-05 1.1269e-05 4.75001e-16)
(-1.70511e-05 1.08502e-05 -5.60507e-16)
(-1.52801e-05 1.04079e-05 -2.4238e-16)
(-1.36602e-05 9.89584e-06 5.34258e-16)
(-1.22001e-05 9.40117e-06 1.23331e-16)
(-1.0873e-05 8.87657e-06 2.84739e-16)
(-9.68756e-06 8.38149e-06 -2.06422e-16)
(-8.61424e-06 7.87312e-06 5.54338e-17)
(-7.66185e-06 7.39085e-06 4.32975e-16)
(-6.80531e-06 6.90475e-06 -3.36871e-16)
(-6.0505e-06 6.43181e-06 -1.45716e-15)
(-5.37226e-06 5.97304e-06 7.34975e-16)
(-4.77086e-06 5.51848e-06 2.7027e-16)
(-4.20252e-06 5.1201e-06 -7.69561e-16)
(-3.66443e-06 4.76362e-06 -5.55086e-16)
(-3.13246e-06 4.48665e-06 2.71746e-16)
(-2.64709e-06 4.28637e-06 5.04473e-17)
(-2.20056e-06 4.0519e-06 3.93602e-16)
(-1.82458e-06 3.77926e-06 -4.58524e-17)
(-1.53205e-06 3.50291e-06 1.69269e-16)
(-1.29209e-06 3.21302e-06 -7.86983e-17)
(-1.10189e-06 2.94156e-06 1.0212e-15)
(-9.38231e-07 2.69618e-06 -8.42092e-16)
(-8.04095e-07 2.45533e-06 -6.18681e-16)
(-6.97825e-07 2.21065e-06 1.35901e-17)
(-6.15947e-07 1.97388e-06 -3.16232e-16)
(-5.43487e-07 1.78956e-06 1.27775e-16)
(-4.83525e-07 1.65157e-06 -1.25126e-17)
(-4.37294e-07 1.51535e-06 -4.168e-16)
(-3.94559e-07 1.35358e-06 7.7395e-17)
(-3.43612e-07 1.17662e-06 -1.69672e-15)
(-2.97301e-07 1.01342e-06 -4.74041e-17)
(-2.64653e-07 8.70512e-07 3.18138e-16)
(-2.29962e-07 7.23127e-07 -4.57413e-17)
(-2.12047e-07 6.68938e-07 6.13795e-17)
(-1.94865e-07 6.58551e-07 1.13566e-15)
(-1.84867e-07 6.24108e-07 -1.05574e-15)
(-0.000128805 -6.95744e-05 -5.138e-18)
(-3.84229e-05 -7.74178e-05 -1.16467e-17)
(-4.9215e-05 3.66625e-05 8.38307e-18)
(-0.00013944 3.24342e-05 1.25059e-17)
(-4.70938e-05 -1.73153e-05 3.40765e-18)
(-4.57211e-05 -9.03936e-06 1.42947e-16)
(-4.49922e-05 -1.09185e-05 -1.54359e-16)
(-4.44448e-05 -1.30972e-05 4.56283e-18)
(-4.38362e-05 -1.39504e-05 9.1981e-17)
(-4.32693e-05 -1.47905e-05 -1.75361e-18)
(-4.28151e-05 -1.56264e-05 8.48439e-17)
(-4.2526e-05 -1.66056e-05 4.82562e-17)
(-4.2372e-05 -1.7444e-05 -1.82876e-17)
(-4.23567e-05 -1.83072e-05 1.96273e-17)
(-4.24559e-05 -1.88551e-05 1.35514e-18)
(-4.26514e-05 -1.9402e-05 7.4384e-17)
(-4.29411e-05 -1.97794e-05 1.99504e-17)
(-4.32745e-05 -2.01004e-05 1.27945e-16)
(-4.36573e-05 -2.00986e-05 -6.39495e-17)
(-4.40076e-05 -2.00116e-05 3.81975e-18)
(-4.43616e-05 -1.96772e-05 -4.47005e-16)
(-4.46206e-05 -1.92582e-05 -9.43171e-17)
(-4.48175e-05 -1.85132e-05 2.78552e-16)
(-4.48359e-05 -1.75964e-05 -2.34786e-16)
(-4.47312e-05 -1.63644e-05 5.67016e-17)
(-4.43877e-05 -1.49267e-05 1.85224e-16)
(-4.38784e-05 -1.32124e-05 4.95962e-17)
(-4.31115e-05 -1.13647e-05 4.85652e-17)
(-4.21613e-05 -9.34471e-06 2.18326e-16)
(-4.09505e-05 -7.27424e-06 1.4454e-16)
(-3.95758e-05 -5.22644e-06 6.18951e-16)
(-3.79926e-05 -3.24454e-06 -2.20642e-16)
(-3.62866e-05 -1.39486e-06 -1.67317e-16)
(-3.44336e-05 2.84755e-07 1.34895e-16)
(-3.2509e-05 1.75877e-06 -8.33492e-17)
(-3.05013e-05 3.04352e-06 1.79497e-16)
(-2.8481e-05 4.08658e-06 3.04005e-17)
(-2.64427e-05 4.96448e-06 -4.35291e-16)
(-2.4439e-05 5.62583e-06 7.5633e-17)
(-2.24724e-05 6.14581e-06 1.43369e-16)
(-2.05833e-05 6.47745e-06 8.25932e-17)
(-1.87757e-05 6.7157e-06 -8.44059e-16)
(-1.70698e-05 6.80669e-06 2.28193e-17)
(-1.54704e-05 6.84215e-06 -3.48055e-16)
(-1.39799e-05 6.7756e-06 -1.45774e-16)
(-1.26059e-05 6.6841e-06 5.21556e-17)
(-1.13361e-05 6.52058e-06 4.22615e-16)
(-1.018e-05 6.3451e-06 3.63262e-16)
(-9.11688e-06 6.12037e-06 5.11184e-16)
(-8.15882e-06 5.8844e-06 1.79349e-15)
(-7.28461e-06 5.6145e-06 -3.85481e-16)
(-6.50265e-06 5.33454e-06 8.83481e-16)
(-5.79343e-06 5.02898e-06 1.38356e-15)
(-5.15344e-06 4.71317e-06 5.08642e-17)
(-4.57422e-06 4.38968e-06 9.34152e-16)
(-4.01794e-06 4.09826e-06 2.8406e-16)
(-3.49819e-06 3.88718e-06 -1.07459e-15)
(-2.99664e-06 3.72636e-06 2.42028e-17)
(-2.50978e-06 3.58925e-06 -1.7766e-16)
(-2.09064e-06 3.41988e-06 2.95947e-16)
(-1.71676e-06 3.20688e-06 9.04759e-16)
(-1.44478e-06 3.00381e-06 -9.89459e-17)
(-1.21344e-06 2.79503e-06 -2.14271e-15)
(-1.03671e-06 2.56217e-06 2.8823e-15)
(-8.77996e-07 2.35178e-06 1.39273e-15)
(-7.58908e-07 2.1363e-06 4.05112e-17)
(-6.7541e-07 1.91093e-06 -3.63744e-16)
(-5.97007e-07 1.73301e-06 -1.4963e-15)
(-5.39084e-07 1.60088e-06 2.96477e-16)
(-4.76396e-07 1.4689e-06 2.23503e-16)
(-4.22959e-07 1.31931e-06 1.33142e-16)
(-3.75458e-07 1.1458e-06 2.86571e-15)
(-3.19436e-07 9.86079e-07 -1.8572e-15)
(-2.74146e-07 8.53818e-07 -6.39282e-16)
(-2.38426e-07 7.1274e-07 -4.39798e-17)
(-2.23588e-07 6.5097e-07 -6.0248e-16)
(-9.05694e-05 -3.40029e-06 -1.16899e-16)
(-3.48142e-05 2.13651e-05 -7.68897e-17)
(-6.87961e-05 1.38347e-05 -1.35898e-18)
(-3.55118e-05 -4.58833e-06 7.75654e-18)
(-4.36618e-05 5.71026e-06 -2.33479e-17)
(-4.3842e-05 7.47979e-06 3.1421e-17)
(-4.22412e-05 5.6792e-06 9.67223e-17)
(-4.07834e-05 3.94828e-06 -8.23425e-17)
(-3.94039e-05 2.79561e-06 -7.33576e-17)
(-3.81628e-05 1.50963e-06 -2.11883e-17)
(-3.70722e-05 8.32058e-08 -4.17622e-17)
(-3.6149e-05 -1.40693e-06 3.11474e-17)
(-3.53711e-05 -2.77951e-06 -9.38539e-17)
(-3.47409e-05 -4.20635e-06 -1.26506e-16)
(-3.42368e-05 -5.52619e-06 1.63111e-17)
(-3.38431e-05 -6.82373e-06 4.79028e-18)
(-3.35568e-05 -7.93447e-06 -3.30517e-17)
(-3.3363e-05 -9.05615e-06 -1.7658e-16)
(-3.32551e-05 -9.9896e-06 -1.13795e-16)
(-3.31956e-05 -1.08748e-05 1.21055e-16)
(-3.31946e-05 -1.14988e-05 2.97632e-16)
(-3.32098e-05 -1.20862e-05 -1.61049e-16)
(-3.32566e-05 -1.24721e-05 7.0856e-17)
(-3.32656e-05 -1.27084e-05 4.94412e-17)
(-3.32628e-05 -1.26407e-05 -7.02578e-17)
(-3.31717e-05 -1.24089e-05 -4.57017e-17)
(-3.30211e-05 -1.18428e-05 1.40467e-16)
(-3.2733e-05 -1.112e-05 -3.94512e-17)
(-3.23522e-05 -1.01708e-05 -1.04383e-16)
(-3.18028e-05 -9.10997e-06 -2.37121e-16)
(-3.11381e-05 -7.8647e-06 -3.31675e-16)
(-3.03074e-05 -6.61155e-06 2.24751e-17)
(-2.93678e-05 -5.32465e-06 -2.38893e-16)
(-2.82801e-05 -4.06658e-06 -3.51616e-16)
(-2.71084e-05 -2.87389e-06 -7.3203e-18)
(-2.58262e-05 -1.73725e-06 -3.71897e-17)
(-2.4496e-05 -7.01685e-07 9.91834e-18)
(-2.30996e-05 2.52767e-07 1.43615e-16)
(-2.16884e-05 1.08251e-06 2.12965e-16)
(-2.02534e-05 1.83674e-06 -2.01991e-16)
(-1.88377e-05 2.45112e-06 -2.87296e-16)
(-1.74389e-05 2.98847e-06 2.43524e-16)
(-1.60844e-05 3.40144e-06 3.10255e-16)
(-1.4776e-05 3.75305e-06 1.07014e-16)
(-1.35275e-05 3.9998e-06 -1.48906e-17)
(-1.23448e-05 4.20099e-06 -1.79167e-17)
(-1.1228e-05 4.31583e-06 -3.64881e-16)
(-1.01856e-05 4.39599e-06 -8.63926e-17)
(-9.20905e-06 4.40378e-06 -2.46936e-16)
(-8.31008e-06 4.38518e-06 -1.10264e-15)
(-7.47583e-06 4.30751e-06 -4.33582e-16)
(-6.71685e-06 4.19859e-06 6.02727e-16)
(-6.01788e-06 4.04503e-06 -1.19112e-15)
(-5.38555e-06 3.85544e-06 -5.98602e-17)
(-4.80887e-06 3.64089e-06 1.44552e-16)
(-4.28091e-06 3.42013e-06 -9.03632e-16)
(-3.79125e-06 3.25868e-06 -2.52458e-16)
(-3.30181e-06 3.15292e-06 1.92999e-16)
(-2.82864e-06 3.05501e-06 1.06351e-15)
(-2.35203e-06 2.95073e-06 -2.57025e-16)
(-1.95547e-06 2.86077e-06 1.80765e-15)
(-1.61386e-06 2.73729e-06 -9.70945e-17)
(-1.36179e-06 2.57128e-06 1.27473e-16)
(-1.13925e-06 2.40917e-06 -5.61078e-16)
(-9.71182e-07 2.2271e-06 -2.43522e-16)
(-8.40613e-07 2.04499e-06 -3.74716e-17)
(-7.39811e-07 1.8306e-06 5.96986e-17)
(-6.59473e-07 1.65294e-06 1.62677e-16)
(-5.82955e-07 1.53473e-06 -9.56986e-16)
(-5.20042e-07 1.41349e-06 1.50594e-16)
(-4.5891e-07 1.26913e-06 -1.64531e-16)
(-4.03208e-07 1.09607e-06 2.40492e-16)
(-3.39401e-07 9.44368e-07 1.42937e-16)
(-2.81777e-07 8.16585e-07 1.14937e-15)
(-6.53837e-05 -6.81162e-06 6.83546e-17)
(-5.28941e-05 -7.75263e-07 -1.00671e-17)
(-5.71781e-05 3.6093e-06 -1.52963e-17)
(-5.46968e-05 5.99433e-07 1.92792e-17)
(-5.0027e-05 1.05531e-06 -8.61463e-17)
(-4.77649e-05 2.57437e-06 -3.47226e-17)
(-4.55992e-05 2.54836e-06 1.03684e-16)
(-4.35734e-05 2.3549e-06 -9.17058e-18)
(-4.15848e-05 2.25898e-06 -5.04134e-17)
(-3.96998e-05 1.88178e-06 1.40708e-18)
(-3.79121e-05 1.33132e-06 -2.66275e-17)
(-3.62733e-05 6.33383e-07 -1.45503e-17)
(-3.47448e-05 -5.19132e-08 8.77892e-17)
(-3.33657e-05 -8.43323e-07 -1.14194e-18)
(-3.21001e-05 -1.66644e-06 -9.5449e-18)
(-3.09833e-05 -2.56626e-06 -5.42714e-19)
(-2.99734e-05 -3.38595e-06 1.30964e-17)
(-2.90979e-05 -4.24489e-06 -7.56078e-17)
(-2.83255e-05 -5.07087e-06 -9.69436e-17)
(-2.76744e-05 -5.92696e-06 -3.55268e-17)
(-2.71128e-05 -6.65734e-06 3.13335e-16)
(-2.66424e-05 -7.37248e-06 2.1556e-17)
(-2.62501e-05 -7.9917e-06 -2.24593e-16)
(-2.59283e-05 -8.59872e-06 1.52454e-17)
(-2.56554e-05 -9.01465e-06 7.01476e-18)
(-2.54035e-05 -9.35274e-06 -1.10746e-16)
(-2.51702e-05 -9.48742e-06 1.46887e-16)
(-2.49096e-05 -9.48845e-06 1.25039e-17)
(-2.46358e-05 -9.2483e-06 -1.35619e-16)
(-2.43018e-05 -8.88907e-06 1.38708e-16)
(-2.39279e-05 -8.33491e-06 1.26903e-16)
(-2.34585e-05 -7.65903e-06 5.92412e-17)
(-2.29395e-05 -6.87689e-06 -3.87984e-16)
(-2.23262e-05 -6.0508e-06 2.48089e-16)
(-2.16615e-05 -5.16389e-06 -1.58987e-17)
(-2.0909e-05 -4.27748e-06 9.86635e-18)
(-2.01128e-05 -3.41184e-06 -1.50364e-17)
(-1.92434e-05 -2.5629e-06 -1.03252e-16)
(-1.83428e-05 -1.76818e-06 1.06984e-16)
(-1.73907e-05 -1.01796e-06 6.8179e-17)
(-1.64267e-05 -3.40933e-07 -9.07869e-17)
(-1.54372e-05 2.92388e-07 -7.13917e-17)
(-1.44545e-05 8.36404e-07 9.82844e-17)
(-1.34711e-05 1.33908e-06 2.1042e-16)
(-1.25086e-05 1.75413e-06 4.78298e-17)
(-1.15667e-05 2.12972e-06 5.0683e-17)
(-1.06555e-05 2.42107e-06 -4.2321e-16)
(-9.78011e-06 2.6747e-06 -6.3195e-17)
(-8.94033e-06 2.85408e-06 -6.21936e-17)
(-8.1484e-06 2.99359e-06 -7.85021e-16)
(-7.39774e-06 3.06882e-06 -2.69088e-16)
(-6.70275e-06 3.10677e-06 6.21972e-16)
(-6.05388e-06 3.08282e-06 -3.75928e-16)
(-5.462e-06 3.02023e-06 -2.33377e-16)
(-4.92302e-06 2.90451e-06 -1.71585e-16)
(-4.43482e-06 2.77867e-06 7.26389e-17)
(-3.99011e-06 2.66363e-06 -1.99839e-16)
(-3.54388e-06 2.56876e-06 -1.56191e-16)
(-3.08194e-06 2.49659e-06 6.16724e-16)
(-2.61724e-06 2.46042e-06 1.19786e-17)
(-2.19988e-06 2.42263e-06 -1.26855e-15)
(-1.83828e-06 2.39739e-06 2.90347e-16)
(-1.53532e-06 2.33055e-06 7.28676e-16)
(-1.27897e-06 2.19619e-06 -8.72046e-17)
(-1.07703e-06 2.0776e-06 -8.76701e-17)
(-9.20345e-07 1.92203e-06 1.18142e-16)
(-7.98014e-07 1.72735e-06 2.21348e-16)
(-7.01445e-07 1.5526e-06 3.26059e-16)
(-6.20309e-07 1.44568e-06 -1.38142e-15)
(-5.44443e-07 1.34268e-06 -7.41377e-16)
(-4.76584e-07 1.20031e-06 2.30477e-16)
(-4.81891e-05 -1.52512e-05 3.23449e-17)
(-4.39377e-05 -1.37814e-05 3.60293e-17)
(-4.59866e-05 -1.26905e-05 -3.07777e-18)
(-4.45041e-05 -1.33522e-05 -9.80768e-18)
(-4.38268e-05 -1.20409e-05 7.6568e-17)
(-4.28016e-05 -1.09637e-05 -3.05725e-17)
(-4.16051e-05 -1.02591e-05 -4.15035e-17)
(-4.03098e-05 -9.56005e-06 5.70945e-17)
(-3.88994e-05 -8.88853e-06 5.4946e-17)
(-3.74379e-05 -8.36114e-06 1.6166e-17)
(-3.59466e-05 -7.91705e-06 3.3094e-17)
(-3.44746e-05 -7.54013e-06 -8.93022e-19)
(-3.30197e-05 -7.22114e-06 3.20849e-18)
(-3.16149e-05 -6.98053e-06 6.85811e-17)
(-3.02546e-05 -6.79151e-06 -1.66391e-17)
(-2.897e-05 -6.70107e-06 2.95318e-17)
(-2.7749e-05 -6.67232e-06 3.84489e-17)
(-2.66118e-05 -6.7147e-06 1.35257e-16)
(-2.55466e-05 -6.78183e-06 1.0688e-16)
(-2.45761e-05 -6.93636e-06 -1.28146e-16)
(-2.36845e-05 -7.12722e-06 -2.34625e-16)
(-2.28816e-05 -7.36578e-06 1.95259e-16)
(-2.21568e-05 -7.57322e-06 -1.40107e-17)
(-2.15181e-05 -7.83046e-06 -4.88518e-17)
(-2.09577e-05 -8.0789e-06 5.17103e-17)
(-2.04632e-05 -8.30947e-06 3.12664e-17)
(-2.00319e-05 -8.42677e-06 -1.3929e-16)
(-1.96435e-05 -8.49693e-06 4.64014e-17)
(-1.92959e-05 -8.41048e-06 1.3957e-16)
(-1.89547e-05 -8.25717e-06 -2.71468e-17)
(-1.86335e-05 -7.96968e-06 3.39448e-16)
(-1.82895e-05 -7.6287e-06 -3.2367e-17)
(-1.79429e-05 -7.13518e-06 2.4029e-16)
(-1.75549e-05 -6.59425e-06 7.15535e-17)
(-1.71526e-05 -5.99357e-06 -2.62148e-17)
(-1.66947e-05 -5.36237e-06 2.12307e-17)
(-1.62181e-05 -4.70713e-06 2.84779e-16)
(-1.56864e-05 -4.04241e-06 -4.71029e-17)
(-1.51344e-05 -3.3813e-06 -3.98617e-16)
(-1.45316e-05 -2.71511e-06 6.39216e-17)
(-1.39126e-05 -2.08646e-06 3.17547e-16)
(-1.32539e-05 -1.4759e-06 3.69953e-17)
(-1.2585e-05 -9.14918e-07 -4.72092e-16)
(-1.18917e-05 -3.81093e-07 -4.7552e-16)
(-1.11956e-05 9.27412e-08 -2.32782e-16)
(-1.04911e-05 5.34074e-07 1.19262e-16)
(-9.79112e-06 9.11292e-07 2.44845e-16)
(-9.09667e-06 1.25366e-06 -9.87432e-17)
(-8.41481e-06 1.53023e-06 1.73816e-16)
(-7.75358e-06 1.77689e-06 7.90754e-16)
(-7.11482e-06 1.96011e-06 1.36662e-15)
(-6.50945e-06 2.10702e-06 -1.57597e-15)
(-5.93245e-06 2.19317e-06 1.27202e-15)
(-5.3984e-06 2.2335e-06 2.73041e-17)
(-4.90368e-06 2.22361e-06 -2.75572e-16)
(-4.46541e-06 2.17634e-06 7.3127e-16)
(-4.04884e-06 2.11536e-06 5.75356e-16)
(-3.64879e-06 2.03099e-06 1.91275e-17)
(-3.21536e-06 1.96177e-06 -1.68521e-15)
(-2.81555e-06 1.93783e-06 3.52439e-16)
(-2.38204e-06 1.99431e-06 -3.93566e-16)
(-2.0126e-06 2.013e-06 1.49946e-17)
(-1.66331e-06 1.98766e-06 5.88733e-16)
(-1.3925e-06 1.94917e-06 1.43074e-16)
(-1.16436e-06 1.87957e-06 -3.50266e-16)
(-9.90589e-07 1.7641e-06 7.8915e-16)
(-2.24682e-05 -2.83705e-05 1.01054e-18)
(-2.30634e-05 -2.72094e-05 -6.15589e-18)
(-2.5825e-05 -2.55243e-05 -8.01717e-19)
(-2.74679e-05 -2.46085e-05 1.93548e-17)
(-2.85414e-05 -2.31428e-05 -6.33221e-17)
(-2.93183e-05 -2.16844e-05 2.1419e-17)
(-2.98046e-05 -2.03541e-05 1.0519e-17)
(-2.9994e-05 -1.91215e-05 -4.70566e-17)
(-2.99154e-05 -1.79864e-05 -8.412e-18)
(-2.96229e-05 -1.69913e-05 1.07838e-17)
(-2.91531e-05 -1.60385e-05 2.17162e-17)
(-2.85484e-05 -1.51606e-05 2.4368e-17)
(-2.7832e-05 -1.43271e-05 -4.795e-17)
(-2.7038e-05 -1.35882e-05 -4.30916e-17)
(-2.61809e-05 -1.28847e-05 9.2937e-18)
(-2.52891e-05 -1.2262e-05 3.36566e-17)
(-2.43731e-05 -1.16971e-05 -2.52175e-17)
(-2.34587e-05 -1.12129e-05 -4.49053e-18)
(-2.25463e-05 -1.07516e-05 5.18516e-17)
(-2.16594e-05 -1.03617e-05 9.42683e-17)
(-2.07986e-05 -1.00148e-05 2.37913e-17)
(-1.99848e-05 -9.74306e-06 -1.23775e-16)
(-1.92128e-05 -9.4756e-06 1.0035e-16)
(-1.84963e-05 -9.26325e-06 1.00098e-16)
(-1.78352e-05 -9.06745e-06 -1.80661e-17)
(-1.72425e-05 -8.93973e-06 6.38625e-17)
(-1.67066e-05 -8.78355e-06 -1.06344e-16)
(-1.62258e-05 -8.65036e-06 1.67311e-17)
(-1.57987e-05 -8.47925e-06 -6.56336e-18)
(-1.54087e-05 -8.28869e-06 -5.10174e-17)
(-1.50606e-05 -8.01289e-06 -2.8057e-16)
(-1.47322e-05 -7.69153e-06 1.67447e-17)
(-1.44309e-05 -7.29913e-06 1.60444e-16)
(-1.41216e-05 -6.87291e-06 -1.00374e-16)
(-1.38244e-05 -6.3804e-06 6.57972e-17)
(-1.35085e-05 -5.87005e-06 -1.09793e-16)
(-1.31937e-05 -5.32253e-06 4.51088e-17)
(-1.28488e-05 -4.76352e-06 2.85879e-17)
(-1.24964e-05 -4.19817e-06 4.06567e-17)
(-1.2108e-05 -3.6401e-06 -9.14856e-17)
(-1.17037e-05 -3.09175e-06 -8.71675e-17)
(-1.12615e-05 -2.55284e-06 2.70917e-17)
(-1.08173e-05 -2.04085e-06 3.48524e-16)
(-1.03424e-05 -1.54325e-06 -1.44564e-16)
(-9.86025e-06 -1.08164e-06 -3.4728e-16)
(-9.35549e-06 -6.38234e-07 -1.52133e-17)
(-8.84356e-06 -2.43782e-07 2.77857e-17)
(-8.31731e-06 1.29502e-07 -2.97362e-18)
(-7.7889e-06 4.54773e-07 -2.79388e-16)
(-7.25971e-06 7.53363e-07 -4.49774e-17)
(-6.73536e-06 1.00386e-06 -5.77607e-16)
(-6.22332e-06 1.22315e-06 5.93821e-16)
(-5.71826e-06 1.3815e-06 -7.57306e-16)
(-5.22238e-06 1.48986e-06 2.14642e-16)
(-4.76059e-06 1.55589e-06 2.62077e-16)
(-4.34521e-06 1.59047e-06 -2.05405e-16)
(-3.96754e-06 1.57293e-06 -3.73864e-16)
(-3.58165e-06 1.50519e-06 2.42062e-16)
(-3.23325e-06 1.46881e-06 7.95914e-16)
(-2.85072e-06 1.48156e-06 -1.64763e-16)
(-2.50598e-06 1.47637e-06 9.23906e-16)
(6.24242e-06 -3.94796e-05 1.5878e-18)
(2.08853e-06 -3.88739e-05 -2.42845e-18)
(-1.99357e-06 -3.6736e-05 4.26176e-18)
(-5.20142e-06 -3.51742e-05 -1.26514e-17)
(-7.95937e-06 -3.35263e-05 6.00709e-17)
(-1.03776e-05 -3.18984e-05 -1.74527e-17)
(-1.24426e-05 -3.03344e-05 -1.62158e-17)
(-1.41414e-05 -2.88797e-05 3.92136e-17)
(-1.55076e-05 -2.75165e-05 4.48006e-18)
(-1.65701e-05 -2.62446e-05 -1.20538e-17)
(-1.73677e-05 -2.50065e-05 -5.2194e-18)
(-1.79279e-05 -2.38156e-05 -1.55028e-17)
(-1.82849e-05 -2.26537e-05 4.76498e-17)
(-1.84634e-05 -2.15426e-05 1.31445e-17)
(-1.84944e-05 -2.04628e-05 2.72334e-17)
(-1.83975e-05 -1.94168e-05 -1.16131e-17)
(-1.81995e-05 -1.83926e-05 5.01519e-17)
(-1.79171e-05 -1.74144e-05 -4.48135e-17)
(-1.75708e-05 -1.64689e-05 -5.33576e-17)
(-1.71725e-05 -1.55658e-05 -9.42306e-17)
(-1.67413e-05 -1.46833e-05 1.96995e-17)
(-1.62867e-05 -1.38623e-05 7.53007e-17)
(-1.58247e-05 -1.30912e-05 -1.54849e-16)
(-1.53575e-05 -1.23733e-05 2.32322e-19)
(-1.4903e-05 -1.16743e-05 -2.76335e-17)
(-1.44614e-05 -1.1044e-05 4.77128e-19)
(-1.40511e-05 -1.04799e-05 8.26347e-17)
(-1.36601e-05 -9.95918e-06 3.00435e-17)
(-1.33083e-05 -9.44538e-06 6.13735e-17)
(-1.29798e-05 -8.97704e-06 -2.23323e-16)
(-1.26877e-05 -8.48853e-06 -3.65504e-17)
(-1.24066e-05 -8.04935e-06 6.33644e-17)
(-1.21537e-05 -7.58651e-06 -5.27494e-17)
(-1.18981e-05 -7.14038e-06 -2.08462e-16)
(-1.16614e-05 -6.65967e-06 -6.71945e-17)
(-1.14088e-05 -6.1847e-06 1.16747e-16)
(-1.11691e-05 -5.70175e-06 -1.14916e-16)
(-1.0905e-05 -5.22186e-06 -3.3621e-17)
(-1.06431e-05 -4.73104e-06 1.26622e-18)
(-1.03549e-05 -4.23214e-06 -1.78116e-17)
(-1.0049e-05 -3.7291e-06 -1.92076e-17)
(-9.64588e-06 -3.23758e-06 4.45499e-17)
(-9.30437e-06 -2.78111e-06 -9.61318e-17)
(-8.98921e-06 -2.33096e-06 1.44927e-16)
(-8.66614e-06 -1.90087e-06 1.59417e-16)
(-8.31369e-06 -1.49251e-06 2.25629e-16)
(-7.94561e-06 -1.11631e-06 -3.93579e-16)
(-7.55332e-06 -7.58303e-07 -2.75424e-16)
(-7.14508e-06 -4.32195e-07 -9.69701e-17)
(-6.72479e-06 -1.18703e-07 -3.80035e-16)
(-6.29161e-06 1.56358e-07 -8.88724e-16)
(-5.86051e-06 4.12424e-07 7.77686e-16)
(-5.43523e-06 6.2884e-07 -7.74794e-16)
(-4.97569e-06 7.68516e-07 6.17849e-17)
(2.26122e-05 -4.24644e-05 -2.1735e-17)
(1.91931e-05 -4.11806e-05 -2.94015e-17)
(1.55002e-05 -3.86192e-05 -1.16942e-17)
(1.20965e-05 -3.64941e-05 1.04532e-17)
(8.84339e-06 -3.45247e-05 -1.11669e-17)
(5.7801e-06 -3.27189e-05 4.71176e-17)
(2.95715e-06 -3.10339e-05 6.12824e-18)
(4.09293e-07 -2.95259e-05 -3.39609e-17)
(-1.86581e-06 -2.81208e-05 -1.95473e-18)
(-3.86488e-06 -2.68283e-05 3.66863e-17)
(-5.60399e-06 -2.55803e-05 -1.17801e-18)
(-7.09218e-06 -2.44252e-05 -3.82638e-18)
(-8.34925e-06 -2.33095e-05 -4.7484e-17)
(-9.39267e-06 -2.2269e-05 -6.82084e-19)
(-1.02436e-05 -2.12543e-05 -7.11781e-17)
(-1.09226e-05 -2.02986e-05 -3.58698e-17)
(-1.14465e-05 -1.93579e-05 -1.69957e-17)
(-1.18371e-05 -1.84618e-05 1.59783e-17)
(-1.21083e-05 -1.75762e-05 -3.66982e-17)
(-1.22802e-05 -1.6727e-05 6.33792e-17)
(-1.23618e-05 -1.58725e-05 -9.27526e-17)
(-1.23718e-05 -1.50522e-05 -6.27506e-17)
(-1.23188e-05 -1.42456e-05 5.21859e-17)
(-1.2219e-05 -1.34774e-05 -4.335e-17)
(-1.20755e-05 -1.27077e-05 1.73053e-17)
(-1.19038e-05 -1.19803e-05 -6.12274e-17)
(-1.1709e-05 -1.12739e-05 3.96066e-17)
(-1.15059e-05 -1.06368e-05 5.00687e-18)
(-1.12912e-05 -1.00065e-05 3.62606e-17)
(-1.10771e-05 -9.4439e-06 1.15371e-16)
(-1.08653e-05 -8.90853e-06 -9.17015e-17)
(-1.06528e-05 -8.40891e-06 2.73934e-20)
(-1.04518e-05 -7.92707e-06 -1.38992e-16)
(-1.0252e-05 -7.47794e-06 1.09885e-17)
(-1.00637e-05 -7.01717e-06 2.36084e-17)
(-9.86889e-06 -6.57357e-06 -9.57417e-17)
(-9.68427e-06 -6.10821e-06 1.49495e-16)
(-9.4897e-06 -5.66518e-06 3.15567e-17)
(-9.2892e-06 -5.21647e-06 4.55274e-17)
(-9.08046e-06 -4.78265e-06 -9.94085e-18)
(-8.9492e-06 -4.32625e-06 -9.15835e-17)
(-8.6076e-06 -3.83007e-06 2.42772e-17)
)
;

boundaryField
{
    inlet
    {
        type            calculated;
        value           nonuniform List<vector> 
13
(
(4.02905e-08 0.629022 -6.32218e-16)
(-1.41887e-08 0.633725 -1.25382e-15)
(-1.93684e-08 0.635563 -6.62606e-16)
(-2.22041e-08 0.635394 2.37662e-15)
(-1.99674e-08 0.635103 -1.31034e-16)
(-1.20345e-08 0.640961 -6.26945e-16)
(1.51439e-08 0.661826 -8.639e-16)
(9.35702e-08 0.730916 -3.35963e-15)
(2.13242e-07 0.793604 9.78968e-15)
(1.35018e-07 0.78633 4.13602e-16)
(4.55574e-08 0.751515 -3.54632e-15)
(-5.59315e-08 0.727147 5.79027e-16)
(-1.01521e-07 0.712694 2.95405e-16)
)
;
    }
    outlet
    {
        type            calculated;
        value           nonuniform List<vector> 0();
    }
    walls
    {
        type            calculated;
        value           nonuniform List<vector> 4((-0.313496 2.46581 1.19965e-15) (-0.298909 2.09415 -2.25295e-15) (-0.296386 1.86383 -1.14607e-14) (0.112197 -0.614356 -2.11612e-14));
    }
    frontAndBack
    {
        type            empty;
    }
    procBoundary2to1
    {
        type            processor;
        value           nonuniform List<vector> 
84
(
(8.20792e-05 1.88286e-06 -2.90603e-15)
(6.15888e-05 2.33567e-06 7.65761e-16)
(8.23641e-05 -9.12046e-06 1.86787e-15)
(-0.000635459 -0.00228743 -3.23459e-15)
(0.000284518 0.00339649 -9.27967e-16)
(0.000453503 -0.00112017 1.395e-15)
(7.79354e-05 3.02966e-05 -3.16312e-15)
(6.99146e-05 -6.30467e-07 2.4981e-15)
(6.82385e-05 4.54676e-06 4.6306e-15)
(6.73355e-05 5.02162e-06 -6.47519e-15)
(6.67775e-05 5.58771e-06 2.72921e-15)
(6.61718e-05 6.5864e-06 2.59548e-15)
(6.54952e-05 7.63343e-06 -8.87373e-15)
(6.47854e-05 8.65438e-06 2.14024e-15)
(6.39844e-05 9.63515e-06 8.07294e-15)
(6.31071e-05 1.05393e-05 -1.42098e-14)
(6.20881e-05 1.149e-05 7.21074e-15)
(6.09596e-05 1.23333e-05 7.72362e-15)
(5.9734e-05 1.33861e-05 -8.08335e-15)
(5.83532e-05 1.43881e-05 4.35027e-16)
(5.6837e-05 1.54399e-05 3.89944e-15)
(5.50843e-05 1.65612e-05 -2.95653e-15)
(5.31869e-05 1.79142e-05 4.56469e-15)
(5.10506e-05 1.93246e-05 -1.93481e-15)
(4.88248e-05 2.07292e-05 4.68895e-15)
(4.6372e-05 2.2156e-05 -7.04203e-15)
(4.38447e-05 2.35089e-05 5.98605e-15)
(4.11292e-05 2.48255e-05 4.85122e-17)
(3.83935e-05 2.59255e-05 -4.30252e-16)
(3.55564e-05 2.69014e-05 -4.3468e-15)
(3.27395e-05 2.75708e-05 6.53314e-15)
(2.98456e-05 2.80646e-05 -2.61482e-15)
(2.70457e-05 2.82144e-05 -1.44377e-15)
(2.43578e-05 2.82185e-05 -8.18037e-15)
(2.18353e-05 2.79276e-05 9.64208e-15)
(1.94341e-05 2.75134e-05 -3.80369e-15)
(1.72239e-05 2.69331e-05 -1.26855e-15)
(1.50623e-05 2.60126e-05 1.16497e-15)
(1.50623e-05 2.60126e-05 1.16497e-15)
(1.44882e-05 2.14083e-05 -1.19993e-15)
(1.30958e-05 2.05823e-05 6.98097e-15)
(1.1833e-05 1.9718e-05 -5.59719e-15)
(1.06432e-05 1.88422e-05 -2.43748e-15)
(9.53588e-06 1.78779e-05 4.61857e-15)
(8.50849e-06 1.68911e-05 1.1231e-15)
(7.55865e-06 1.58671e-05 -1.17125e-15)
(6.69619e-06 1.484e-05 -1.07452e-16)
(5.91623e-06 1.38099e-05 5.77682e-16)
(5.22687e-06 1.28229e-05 1.41316e-15)
(4.60097e-06 1.18978e-05 -1.769e-15)
(4.07151e-06 1.10738e-05 3.05628e-15)
(3.59027e-06 1.0312e-05 -6.41739e-16)
(3.2338e-06 9.54417e-06 -9.33826e-16)
(3.2338e-06 9.54417e-06 -9.33826e-16)
(3.83695e-06 8.61903e-06 1.76221e-16)
(3.61739e-06 7.83006e-06 -6.39615e-16)
(3.41275e-06 7.03867e-06 -1.13471e-16)
(3.01832e-06 6.32486e-06 1.01895e-15)
(2.72951e-06 5.64773e-06 1.97768e-15)
(2.33369e-06 5.04955e-06 -1.14093e-15)
(2.01505e-06 4.50403e-06 2.21567e-16)
(1.59744e-06 4.02838e-06 7.64505e-16)
(1.26696e-06 3.61077e-06 1.24066e-15)
(1.26696e-06 3.61077e-06 1.24066e-15)
(1.35407e-06 3.10477e-06 -3.88507e-16)
(1.07607e-06 2.84489e-06 2.36909e-16)
(8.74298e-07 2.58812e-06 -1.07758e-15)
(6.86796e-07 2.36589e-06 8.6862e-16)
(5.79687e-07 2.17491e-06 -2.23714e-16)
(4.8245e-07 2.01099e-06 8.64829e-16)
(4.59825e-07 1.88183e-06 -5.07735e-16)
(4.07053e-07 1.76119e-06 1.32404e-16)
(3.73568e-07 1.62184e-06 -2.30066e-17)
(2.97918e-07 1.46014e-06 1.18779e-15)
(2.97918e-07 1.46014e-06 1.18779e-15)
(3.3686e-07 1.24107e-06 -6.40931e-16)
(2.47465e-07 1.03001e-06 -8.12726e-17)
(1.99879e-07 8.64341e-07 1.02563e-16)
(1.78467e-07 7.56678e-07 2.17555e-16)
(1.75401e-07 6.7937e-07 -8.2136e-17)
(1.56511e-07 6.4626e-07 9.00819e-17)
(1.30126e-07 6.48392e-07 -3.044e-16)
(8.88856e-08 7.09451e-07 -5.35893e-17)
(5.88172e-08 9.09529e-07 -5.37711e-16)
)
;
    }
    procBoundary2to3
    {
        type            processor;
        value           nonuniform List<vector> 
88
(
(-1.51255e-07 5.37749e-07 6.04183e-16)
(-1.39001e-07 7.34364e-07 -1.95206e-15)
(-1.86144e-07 6.29989e-07 5.94286e-15)
(-1.51255e-07 5.37749e-07 6.04183e-16)
(-1.70567e-07 6.09826e-07 7.89908e-16)
(-2.33846e-07 6.75937e-07 9.75807e-17)
(-1.86144e-07 6.29989e-07 5.94286e-15)
(-2.15291e-07 6.25634e-07 6.32718e-16)
(-3.88523e-07 1.01946e-06 -1.32703e-15)
(-3.28615e-07 8.76245e-07 2.7691e-15)
(-2.33846e-07 6.75937e-07 9.75807e-17)
(-2.63668e-07 7.75139e-07 8.46666e-18)
(-8.08786e-07 1.56862e-06 2.16822e-16)
(-7.08261e-07 1.39779e-06 -2.65777e-16)
(-6.23276e-07 1.30795e-06 1.83284e-16)
(-5.41506e-07 1.23254e-06 1.12157e-15)
(-3.88523e-07 1.01946e-06 -1.32703e-15)
(-4.55272e-07 1.11826e-06 -4.12136e-16)
(-2.03207e-06 1.53322e-06 -9.60084e-16)
(-1.74837e-06 1.59828e-06 2.21607e-16)
(-1.45664e-06 1.61251e-06 3.47361e-16)
(-1.23688e-06 1.62822e-06 1.11304e-15)
(-8.08786e-07 1.56862e-06 2.16822e-16)
(-1.0262e-06 1.56758e-06 1.02631e-15)
(-4.46758e-06 8.29935e-07 4.63418e-16)
(-4.07756e-06 9.43159e-07 8.07183e-16)
(-3.71946e-06 9.78459e-07 9.94098e-16)
(-3.38805e-06 9.79717e-07 -2.56764e-16)
(-3.06448e-06 9.47183e-07 7.71641e-16)
(-2.78012e-06 9.96949e-07 -7.49333e-16)
(-2.03207e-06 1.53322e-06 -9.60084e-16)
(-2.46731e-06 1.07278e-06 -2.28977e-15)
(-8.12649e-06 -3.30015e-06 -2.39419e-16)
(-7.85416e-06 -2.85263e-06 2.68118e-16)
(-7.5978e-06 -2.49211e-06 -1.10564e-16)
(-7.30788e-06 -2.15115e-06 -2.15848e-16)
(-7.01422e-06 -1.82947e-06 7.03283e-16)
(-6.69119e-06 -1.51613e-06 -5.63937e-16)
(-6.36528e-06 -1.21365e-06 9.91853e-17)
(-6.01639e-06 -9.18466e-07 6.16039e-16)
(-5.66651e-06 -6.41807e-07 -6.14697e-16)
(-5.29152e-06 -3.78868e-07 -1.85817e-15)
(-4.96903e-06 -1.04794e-07 3.37784e-17)
(-4.46758e-06 8.29935e-07 4.63418e-16)
(-4.70686e-06 1.74206e-07 -3.54436e-16)
(3.04636e-05 -4.49795e-05 -2.39067e-17)
(2.85341e-05 -4.36395e-05 -2.76968e-18)
(2.63691e-05 -4.22301e-05 -2.61456e-17)
(2.39638e-05 -4.07877e-05 -1.17638e-17)
(2.13672e-05 -3.92669e-05 -8.89269e-18)
(1.86542e-05 -3.77313e-05 2.48386e-17)
(1.59449e-05 -3.61998e-05 6.72005e-17)
(1.32673e-05 -3.47044e-05 -2.89411e-17)
(1.0707e-05 -3.32272e-05 -5.41061e-17)
(8.26596e-06 -3.17731e-05 2.5329e-17)
(6.00757e-06 -3.03331e-05 -5.02823e-17)
(3.91126e-06 -2.89299e-05 -6.09806e-17)
(2.02716e-06 -2.7561e-05 -5.3679e-17)
(3.13906e-07 -2.62319e-05 -1.08102e-16)
(-1.18592e-06 -2.49508e-05 -1.02432e-17)
(-2.52701e-06 -2.37093e-05 -8.98243e-17)
(-3.66947e-06 -2.25141e-05 -5.33866e-17)
(-4.67763e-06 -2.13508e-05 -1.20518e-16)
(-5.51006e-06 -2.02379e-05 -1.0008e-17)
(-6.23632e-06 -1.91643e-05 1.40507e-16)
(-6.81023e-06 -1.81259e-05 1.41575e-16)
(-7.30472e-06 -1.71066e-05 -8.45746e-17)
(-7.66922e-06 -1.61334e-05 5.85506e-17)
(-7.98004e-06 -1.51994e-05 1.26189e-16)
(-8.17947e-06 -1.42943e-05 1.14901e-17)
(-8.34474e-06 -1.34076e-05 -1.07146e-16)
(-8.41728e-06 -1.25615e-05 -7.39802e-18)
(-8.47472e-06 -1.17664e-05 2.56456e-17)
(-8.45741e-06 -1.10109e-05 -1.19015e-17)
(-8.43819e-06 -1.02804e-05 -9.52165e-17)
(-8.36486e-06 -9.59861e-06 8.13015e-17)
(-8.30256e-06 -8.96793e-06 -2.40963e-16)
(-8.19611e-06 -8.34347e-06 -9.33859e-17)
(-8.11054e-06 -7.77888e-06 1.70039e-16)
(-7.99757e-06 -7.23833e-06 3.12999e-17)
(-7.90227e-06 -6.73922e-06 2.10385e-17)
(-7.78952e-06 -6.2587e-06 -3.25532e-17)
(-7.68009e-06 -5.82093e-06 4.52536e-17)
(-7.56925e-06 -5.4326e-06 2.55546e-16)
(-7.40551e-06 -5.04111e-06 -9.4706e-17)
(-7.38506e-06 -4.70643e-06 2.14527e-18)
(-8.12649e-06 -3.30015e-06 -2.39419e-16)
(-7.72093e-06 -4.31171e-06 1.81468e-17)
)
;
    }
    procBoundary2to6
    {
        type            processor;
        value           nonuniform List<vector> 
13
(
(-0.0322922 -0.0247779 -5.98674e-14)
(0.0806103 -0.0085675 1.85695e-14)
(-0.00178579 -0.00033287 2.67419e-16)
(0.00212082 -0.000526785 -4.87523e-17)
(-0.000103519 -0.000168301 8.8493e-17)
(-0.000668473 -0.000107106 2.25275e-17)
(-0.000227592 1.04603e-05 6.89665e-18)
(-0.000123809 1.49988e-05 5.09729e-18)
(-6.69779e-05 -1.38076e-06 2.90316e-17)
(-4.32724e-05 -1.0731e-05 4.13897e-18)
(1.83721e-06 -3.06642e-05 8.97109e-18)
(1.24569e-05 -3.633e-05 -1.19745e-18)
(2.29678e-05 -4.05453e-05 -1.68649e-17)
)
;
    }
}


// ************************************************************************* //
