/*--------------------------------*- C++ -*----------------------------------*\
| =========                 |                                                 |
| \\      /  F ield         | OpenFOAM: The Open Source CFD Toolbox           |
|  \\    /   O peration     | Version:  2306                                  |
|   \\  /    A nd           | Website:  www.openfoam.com                      |
|    \\/     M anipulation  |                                                 |
\*---------------------------------------------------------------------------*/
FoamFile
{
    version     2.0;
    format      ascii;
    arch        "LSB;label=32;scalar=64";
    class       volVectorField;
    location    "1000";
    object      momentError;
}
// * * * * * * * * * * * * * * * * * * * * * * * * * * * * * * * * * * * * * //

dimensions      [0 1 -2 0 0 0 0];

internalField   nonuniform List<vector> 
1340
(
(-1.14699e-07 6.30798e-07 6.04183e-16)
(-1.2019e-07 6.93843e-07 -1.95206e-15)
(-1.85573e-07 7.42787e-07 5.94286e-15)
(-1.4367e-07 7.46059e-07 7.89908e-16)
(-1.08194e-07 6.13318e-07 1.19895e-15)
(-1.97834e-07 6.71926e-07 2.7942e-15)
(-2.55067e-07 7.49525e-07 9.75807e-17)
(-2.44826e-07 7.10856e-07 6.32718e-16)
(-2.09227e-07 6.99721e-07 7.02414e-16)
(-1.69615e-07 7.25607e-07 -3.92523e-16)
(-1.04001e-07 7.20222e-07 -5.39266e-16)
(-2.08573e-07 6.7336e-07 3.05655e-15)
(-3.70189e-07 1.14663e-06 -1.32703e-15)
(-3.22513e-07 9.97671e-07 2.7691e-15)
(-2.72195e-07 8.73126e-07 8.46667e-18)
(-2.4209e-07 7.16789e-07 1.68363e-18)
(-2.76733e-07 6.95086e-07 1.20546e-15)
(-2.32948e-07 7.75825e-07 -4.17103e-15)
(-1.83644e-07 7.66219e-07 -2.20928e-15)
(-1.36777e-07 6.73516e-07 1.56423e-17)
(-1.60838e-07 6.66306e-07 -5.43763e-15)
(-7.52783e-07 1.68586e-06 2.16822e-16)
(-6.5875e-07 1.51881e-06 -2.65777e-16)
(-5.82523e-07 1.43371e-06 1.83284e-16)
(-5.10013e-07 1.36429e-06 1.12158e-15)
(-4.32413e-07 1.24713e-06 -4.12137e-16)
(-3.63677e-07 1.05526e-06 2.7005e-15)
(-3.1676e-07 9.25621e-07 -8.2132e-16)
(-2.83736e-07 8.42776e-07 -1.39446e-15)
(-2.59389e-07 8.06381e-07 -1.75779e-17)
(-2.92756e-07 7.47775e-07 -1.83124e-16)
(-2.32467e-07 7.21595e-07 2.71577e-15)
(-1.87613e-07 7.25276e-07 1.51726e-15)
(-1.44317e-07 6.70767e-07 3.03903e-18)
(-1.42143e-07 6.54329e-07 4.39402e-16)
(-1.80593e-06 1.68251e-06 -9.60085e-16)
(-1.57089e-06 1.74481e-06 2.21608e-16)
(-1.32418e-06 1.75354e-06 3.47361e-16)
(-1.14089e-06 1.76385e-06 1.11304e-15)
(-9.5761e-07 1.69326e-06 1.02631e-15)
(-8.04962e-07 1.51642e-06 -3.98606e-16)
(-6.85273e-07 1.37177e-06 -6.26369e-16)
(-5.97626e-07 1.29391e-06 -5.66751e-16)
(-5.15558e-07 1.2176e-06 1.68757e-15)
(-4.50609e-07 1.17853e-06 -1.11345e-16)
(-4.11841e-07 1.16254e-06 -6.81559e-16)
(-3.62126e-07 1.0162e-06 8.58171e-16)
(-3.16577e-07 8.8058e-07 -6.31152e-16)
(-2.84402e-07 7.57597e-07 1.51702e-17)
(-2.73218e-07 7.20248e-07 -1.63046e-16)
(-2.37684e-07 7.10453e-07 6.20626e-16)
(-1.9316e-07 7.07137e-07 7.21124e-16)
(-1.5025e-07 6.53572e-07 2.62397e-17)
(-1.21647e-07 6.39417e-07 -2.31075e-16)
(-3.74833e-06 9.94574e-07 4.63419e-16)
(-3.46021e-06 1.12053e-06 8.07184e-16)
(-3.19275e-06 1.16573e-06 9.94099e-16)
(-2.94016e-06 1.17458e-06 -2.56764e-16)
(-2.68941e-06 1.14511e-06 7.71642e-16)
(-2.47451e-06 1.19918e-06 -7.49334e-16)
(-2.20876e-06 1.25849e-06 -2.28977e-15)
(-1.94734e-06 1.21873e-06 -1.15917e-15)
(-1.66593e-06 1.38571e-06 6.2734e-16)
(-1.43763e-06 1.43651e-06 1.01969e-16)
(-1.22211e-06 1.45833e-06 1.45317e-15)
(-1.06219e-06 1.52111e-06 -2.24413e-16)
(-9.42373e-07 1.60315e-06 -5.21482e-17)
(-8.04433e-07 1.49945e-06 8.04816e-17)
(-7.04144e-07 1.4229e-06 -5.6183e-17)
(-6.04507e-07 1.34723e-06 -5.39959e-16)
(-5.18569e-07 1.22399e-06 1.07563e-15)
(-4.36104e-07 1.05374e-06 -9.69792e-16)
(-3.79286e-07 9.31556e-07 1.23372e-16)
(-3.33145e-07 8.26017e-07 1.72685e-15)
(-2.99356e-07 7.49365e-07 -3.73567e-17)
(-2.76485e-07 7.09074e-07 1.70589e-16)
(-2.38415e-07 6.86039e-07 -1.40744e-15)
(-1.9585e-07 6.83486e-07 -1.67634e-15)
(-1.49594e-07 6.3788e-07 -2.1111e-17)
(-1.06904e-07 6.22007e-07 6.30174e-16)
(-4.9891e-06 -2.24276e-06 -2.3942e-16)
(-5.04275e-06 -1.92617e-06 2.68118e-16)
(-5.07937e-06 -1.69082e-06 -1.10564e-16)
(-5.06223e-06 -1.45094e-06 -2.15848e-16)
(-5.01751e-06 -1.21487e-06 7.03283e-16)
(-4.92684e-06 -9.72258e-07 -5.63937e-16)
(-4.81039e-06 -7.29534e-07 9.91854e-17)
(-4.65587e-06 -4.82544e-07 6.1604e-16)
(-4.47919e-06 -2.45677e-07 -6.14697e-16)
(-4.26442e-06 -1.67101e-08 -1.85817e-15)
(-4.11127e-06 2.35108e-07 3.37784e-17)
(-3.94302e-06 4.80451e-07 -3.54436e-16)
(-3.49263e-06 4.3025e-07 3.28153e-16)
(-3.23581e-06 5.8019e-07 3.45013e-16)
(-2.96823e-06 6.96342e-07 -1.00428e-16)
(-2.76715e-06 7.12158e-07 -2.23438e-16)
(-2.53928e-06 7.6646e-07 7.126e-16)
(-2.36558e-06 7.73247e-07 -2.74352e-16)
(-2.22143e-06 9.55795e-07 -4.00483e-16)
(-2.17915e-06 1.36009e-06 3.30273e-16)
(-1.91223e-06 1.42783e-06 -1.00444e-15)
(-1.66413e-06 1.51023e-06 6.3981e-16)
(-1.43461e-06 1.55231e-06 -3.79393e-16)
(-1.21697e-06 1.49836e-06 -5.21319e-16)
(-9.88763e-07 1.33842e-06 2.87805e-16)
(-8.55258e-07 1.26138e-06 2.01574e-16)
(-7.44013e-07 1.21777e-06 4.20738e-16)
(-6.48013e-07 1.16461e-06 -4.56526e-16)
(-5.54935e-07 1.09806e-06 -7.81193e-16)
(-4.77537e-07 1.00513e-06 2.68942e-16)
(-4.09314e-07 8.94773e-07 4.30359e-17)
(-3.53803e-07 7.96861e-07 -1.72228e-16)
(-3.12013e-07 7.21197e-07 1.24172e-17)
(-2.77905e-07 6.88174e-07 -1.38835e-16)
(-2.37691e-07 6.65269e-07 2.83387e-15)
(-1.94738e-07 6.60203e-07 -1.33358e-16)
(-1.45829e-07 6.18785e-07 2.68175e-16)
(-9.43651e-08 6.03494e-07 -9.54527e-17)
(-3.63121e-05 2.16867e-05 -7.58901e-17)
(-3.22981e-05 1.73479e-05 -2.3907e-17)
(-2.8199e-05 1.57403e-05 -2.7697e-18)
(-2.44304e-05 1.42291e-05 -2.61458e-17)
(-2.08686e-05 1.26e-05 -1.17639e-17)
(-1.75339e-05 1.10531e-05 -8.89267e-18)
(-1.45028e-05 9.5335e-06 2.48385e-17)
(-1.17606e-05 8.1312e-06 6.72009e-17)
(-9.3466e-06 6.81559e-06 -2.89411e-17)
(-7.21959e-06 5.59056e-06 -5.41064e-17)
(-5.40988e-06 4.42185e-06 2.53291e-17)
(-3.8617e-06 3.33443e-06 -5.02821e-17)
(-2.60131e-06 2.32139e-06 -6.0981e-17)
(-1.563e-06 1.40858e-06 -5.3679e-17)
(-7.69941e-07 5.79699e-07 -1.08102e-16)
(-1.52142e-07 -1.69861e-07 -1.02434e-17)
(2.64985e-07 -8.37001e-07 -8.98245e-17)
(5.55304e-07 -1.41979e-06 -5.33866e-17)
(6.89158e-07 -1.91473e-06 -1.20519e-16)
(7.39775e-07 -2.34326e-06 -1.0008e-17)
(6.7316e-07 -2.70181e-06 1.40507e-16)
(5.62752e-07 -2.98996e-06 1.41576e-16)
(3.67989e-07 -3.20136e-06 -8.45749e-17)
(1.60425e-07 -3.3669e-06 5.85505e-17)
(-1.0702e-07 -3.48825e-06 1.26189e-16)
(-3.63129e-07 -3.56022e-06 1.14905e-17)
(-6.59577e-07 -3.58059e-06 -1.07147e-16)
(-9.29201e-07 -3.57352e-06 -7.39815e-18)
(-1.2291e-06 -3.55636e-06 2.56455e-17)
(-1.49652e-06 -3.52129e-06 -1.19015e-17)
(-1.78533e-06 -3.45798e-06 -9.52165e-17)
(-2.04333e-06 -3.39065e-06 8.13019e-17)
(-2.32209e-06 -3.3268e-06 -2.40963e-16)
(-2.56914e-06 -3.2268e-06 -9.33861e-17)
(-2.83466e-06 -3.14338e-06 1.70039e-16)
(-3.07621e-06 -3.04866e-06 3.12999e-17)
(-3.32483e-06 -2.95838e-06 2.10385e-17)
(-3.5527e-06 -2.85333e-06 -3.25534e-17)
(-3.7718e-06 -2.75613e-06 4.52535e-17)
(-3.98037e-06 -2.67647e-06 2.55546e-16)
(-4.09276e-06 -2.57862e-06 -9.4706e-17)
(-4.55186e-06 -2.56049e-06 2.1452e-18)
(-5.11414e-06 -2.35382e-06 1.81468e-17)
(-4.46822e-06 -2.24615e-06 -1.51003e-16)
(-4.37675e-06 -2.01475e-06 7.08112e-16)
(-4.36539e-06 -1.84489e-06 1.44945e-17)
(-4.31814e-06 -1.66836e-06 -6.57219e-16)
(-4.27782e-06 -1.48238e-06 5.98756e-16)
(-4.19595e-06 -1.28615e-06 3.82706e-16)
(-4.1229e-06 -1.08868e-06 -7.98526e-17)
(-4.0032e-06 -8.80377e-07 9.9126e-18)
(-3.8934e-06 -6.72935e-07 -6.3748e-16)
(-3.73961e-06 -4.70347e-07 -1.00413e-15)
(-3.55073e-06 -2.83927e-07 -6.10062e-17)
(-3.56911e-06 -1.13689e-08 -2.1438e-16)
(-3.82237e-06 5.14384e-07 3.17215e-16)
(-3.57382e-06 6.56019e-07 -7.38493e-17)
(-3.31905e-06 7.70159e-07 -1.43821e-15)
(-3.05883e-06 8.54493e-07 -4.97847e-17)
(-2.85226e-06 8.8059e-07 4.51496e-16)
(-2.60391e-06 9.42457e-07 2.13333e-16)
(-2.40108e-06 9.52983e-07 5.01258e-16)
(-2.11868e-06 9.29988e-07 4.15968e-16)
(-1.9265e-06 1.02352e-06 6.61495e-16)
(-1.71024e-06 1.11738e-06 1.1212e-15)
(-1.48817e-06 1.18694e-06 2.59629e-17)
(-1.27153e-06 1.20097e-06 1.3437e-16)
(-1.0735e-06 1.18282e-06 -1.80606e-16)
(-9.27252e-07 1.12683e-06 -1.64918e-16)
(-8.17256e-07 1.10213e-06 8.42927e-16)
(-7.14122e-07 1.07717e-06 -6.83916e-16)
(-6.10113e-07 1.01381e-06 -4.30279e-17)
(-5.14693e-07 9.27937e-07 -5.8066e-16)
(-4.34653e-07 8.36851e-07 7.62738e-16)
(-3.71523e-07 7.55731e-07 -3.18064e-16)
(-3.22037e-07 6.95044e-07 4.23997e-17)
(-2.78364e-07 6.63007e-07 8.82595e-17)
(-2.34984e-07 6.38862e-07 -1.91255e-15)
(-1.90349e-07 6.37647e-07 7.61457e-16)
(-1.39062e-07 6.00602e-07 1.79981e-16)
(-8.42086e-08 5.83618e-07 6.72519e-18)
(-3.73875e-05 2.67548e-05 -1.36774e-17)
(-3.66971e-05 2.47873e-05 -9.71964e-18)
(-3.41671e-05 2.31612e-05 8.61467e-18)
(-3.14754e-05 2.15638e-05 -1.06452e-18)
(-2.86643e-05 1.99296e-05 -1.19099e-17)
(-2.58119e-05 1.83563e-05 3.78999e-17)
(-2.30135e-05 1.68319e-05 1.29754e-17)
(-2.03019e-05 1.5361e-05 -1.01015e-17)
(-1.77373e-05 1.39633e-05 3.17884e-17)
(-1.5333e-05 1.26088e-05 -4.03395e-18)
(-1.31292e-05 1.13215e-05 3.44898e-17)
(-1.11192e-05 1.00712e-05 5.52035e-17)
(-9.32921e-06 8.89446e-06 -3.68521e-17)
(-7.7404e-06 7.76202e-06 4.63715e-17)
(-6.36761e-06 6.71315e-06 -2.80634e-17)
(-5.18356e-06 5.70051e-06 -9.07746e-17)
(-4.19743e-06 4.76554e-06 -6.60381e-18)
(-3.37594e-06 3.87554e-06 2.18895e-17)
(-2.72532e-06 3.07632e-06 1.85421e-17)
(-2.20837e-06 2.3202e-06 -2.34403e-17)
(-1.83267e-06 1.64086e-06 -1.04072e-17)
(-1.55854e-06 1.00399e-06 -3.38832e-18)
(-1.39432e-06 4.57529e-07 -2.54936e-17)
(-1.29928e-06 -4.46087e-08 -4.17427e-17)
(-1.28616e-06 -4.78336e-07 1.26984e-17)
(-1.31544e-06 -8.74453e-07 5.6123e-17)
(-1.40019e-06 -1.18594e-06 -4.90663e-17)
(-1.50132e-06 -1.45759e-06 4.72301e-17)
(-1.63806e-06 -1.67158e-06 -2.22813e-17)
(-1.77668e-06 -1.86187e-06 4.61965e-17)
(-1.93585e-06 -1.97708e-06 -1.09871e-16)
(-2.08064e-06 -2.07283e-06 -1.16784e-16)
(-2.23908e-06 -2.13218e-06 -8.71485e-18)
(-2.38086e-06 -2.17669e-06 -1.98048e-16)
(-2.52315e-06 -2.15439e-06 -2.37224e-17)
(-2.65144e-06 -2.14732e-06 8.08324e-17)
(-2.77581e-06 -2.10722e-06 3.98058e-17)
(-2.88585e-06 -2.09009e-06 3.12107e-17)
(-2.99175e-06 -2.04881e-06 6.15701e-17)
(-3.09257e-06 -2.02261e-06 1.89229e-16)
(-3.16541e-06 -1.99628e-06 -1.58078e-17)
(-3.10057e-06 -1.97333e-06 -1.31155e-16)
(-3.57394e-06 -2.08919e-06 1.1785e-16)
(-4.83853e-06 -1.99418e-06 -2.65779e-16)
(-4.86313e-06 -1.84645e-06 -4.51914e-16)
(-4.82468e-06 -1.64768e-06 2.55274e-17)
(-4.76909e-06 -1.45134e-06 1.98762e-16)
(-4.7028e-06 -1.26041e-06 -2.89529e-16)
(-4.61477e-06 -1.06328e-06 2.64905e-16)
(-4.51847e-06 -8.69181e-07 1.16692e-16)
(-4.39712e-06 -6.7562e-07 2.15975e-16)
(-4.2695e-06 -4.85595e-07 4.97937e-16)
(-4.11198e-06 -3.01602e-07 5.40873e-16)
(-3.93133e-06 -1.34553e-07 -2.29369e-17)
(-3.65168e-06 -1.14604e-08 -4.91997e-17)
(-3.30251e-06 1.31266e-08 1.66454e-16)
(-3.13269e-06 1.54668e-07 1.84743e-16)
(-2.97871e-06 2.77614e-07 1.12641e-15)
(-2.79313e-06 3.73512e-07 1.56589e-17)
(-2.63615e-06 4.57229e-07 -1.0577e-15)
(-2.46793e-06 5.20009e-07 1.09741e-16)
(-2.3064e-06 6.14795e-07 -5.1355e-16)
(-2.15303e-06 7.1344e-07 -2.63684e-16)
(-1.96428e-06 7.98089e-07 9.40009e-19)
(-1.76546e-06 8.83497e-07 -9.20652e-16)
(-1.56112e-06 9.64135e-07 1.03941e-16)
(-1.34177e-06 9.98603e-07 5.71401e-17)
(-1.15052e-06 9.75109e-07 -1.02327e-17)
(-9.95725e-07 9.69138e-07 1.32814e-16)
(-8.92394e-07 9.69163e-07 -4.40655e-16)
(-7.72677e-07 9.46748e-07 2.13089e-16)
(-6.609e-07 9.03737e-07 1.08502e-16)
(-5.5183e-07 8.42358e-07 4.2296e-17)
(-4.58107e-07 7.73636e-07 -1.82661e-15)
(-3.87102e-07 7.09193e-07 -5.393e-16)
(-3.28795e-07 6.56489e-07 -1.50451e-17)
(-2.77931e-07 6.34496e-07 3.64598e-17)
(-2.30268e-07 6.1553e-07 -1.43928e-15)
(-1.84466e-07 6.14026e-07 4.97136e-16)
(-1.31129e-07 5.80038e-07 -4.05485e-16)
(-7.59607e-08 5.63403e-07 1.07391e-17)
(-3.23712e-05 2.51293e-05 -1.24918e-17)
(-3.42472e-05 2.50115e-05 -5.10684e-18)
(-3.39843e-05 2.42614e-05 1.23589e-17)
(-3.31769e-05 2.33493e-05 8.18479e-18)
(-3.19455e-05 2.2304e-05 -3.79429e-18)
(-3.03962e-05 2.12089e-05 -3.6569e-18)
(-2.86104e-05 2.0077e-05 1.3925e-17)
(-2.66779e-05 1.89174e-05 -1.0019e-17)
(-2.46536e-05 1.77368e-05 -3.13367e-18)
(-2.261e-05 1.65514e-05 1.5486e-17)
(-2.0582e-05 1.53817e-05 -1.89755e-18)
(-1.86198e-05 1.4221e-05 2.28284e-17)
(-1.67418e-05 1.30866e-05 2.06499e-17)
(-1.49838e-05 1.19766e-05 -1.2798e-17)
(-1.33467e-05 1.09071e-05 3.66107e-17)
(-1.18561e-05 9.86713e-06 -1.04072e-17)
(-1.05013e-05 8.87106e-06 -2.52495e-17)
(-9.30047e-06 7.90766e-06 3.12042e-17)
(-8.2344e-06 6.99273e-06 1.58714e-17)
(-7.31487e-06 6.11402e-06 2.34981e-18)
(-6.51869e-06 5.28644e-06 -9.73918e-18)
(-5.85492e-06 4.49106e-06 -6.92474e-17)
(-5.29665e-06 3.7443e-06 3.68134e-18)
(-4.85083e-06 3.03445e-06 -3.64922e-17)
(-4.4896e-06 2.38092e-06 -1.08962e-17)
(-4.22047e-06 1.75761e-06 1.85239e-17)
(-4.01534e-06 1.18264e-06 3.52101e-17)
(-3.87944e-06 6.4834e-07 3.40918e-18)
(-3.78685e-06 1.81627e-07 8.41992e-18)
(-3.74517e-06 -2.5026e-07 -1.09543e-17)
(-3.72981e-06 -6.34492e-07 2.80943e-17)
(-3.74481e-06 -9.68954e-07 -5.90514e-17)
(-3.77059e-06 -1.23024e-06 -1.40989e-17)
(-3.81549e-06 -1.47083e-06 3.87786e-17)
(-3.86009e-06 -1.64094e-06 -1.15766e-16)
(-3.90316e-06 -1.77272e-06 -6.01328e-17)
(-3.94105e-06 -1.85572e-06 2.07938e-17)
(-3.96971e-06 -1.9117e-06 -1.70301e-17)
(-3.99467e-06 -1.91196e-06 -3.3328e-17)
(-4.01392e-06 -1.89804e-06 -5.14329e-17)
(-4.01319e-06 -1.84938e-06 3.91587e-17)
(-3.92991e-06 -1.79112e-06 -4.0124e-17)
(-3.76734e-06 -1.73668e-06 -1.14845e-16)
(-3.35167e-06 -1.6784e-06 4.64865e-17)
(-3.40033e-06 -1.59281e-06 -2.38349e-16)
(-3.4336e-06 -1.49457e-06 3.18059e-19)
(-3.46428e-06 -1.38796e-06 1.47449e-17)
(-3.47446e-06 -1.27509e-06 1.70968e-16)
(-3.48182e-06 -1.15333e-06 -3.33621e-16)
(-3.46467e-06 -1.0268e-06 1.43778e-19)
(-3.44346e-06 -8.95768e-07 3.58336e-16)
(-3.39508e-06 -7.56917e-07 -1.1864e-16)
(-3.34233e-06 -6.15755e-07 4.96328e-16)
(-3.24105e-06 -4.70046e-07 2.98454e-17)
(-3.15982e-06 -3.24063e-07 -6.5247e-17)
(-3.08055e-06 -1.6443e-07 -6.43355e-17)
(-2.96786e-06 -4.50913e-08 -4.20689e-18)
(-2.82818e-06 7.17561e-08 -6.34352e-16)
(-2.69412e-06 1.72269e-07 2.19452e-16)
(-2.54738e-06 2.63907e-07 6.07072e-16)
(-2.40524e-06 3.41859e-07 -1.3439e-16)
(-2.25547e-06 4.17663e-07 1.00792e-15)
(-2.10072e-06 4.9162e-07 1.48849e-17)
(-1.94169e-06 5.63011e-07 -1.8477e-16)
(-1.77431e-06 6.57349e-07 -2.21802e-16)
(-1.5877e-06 7.27094e-07 -2.70736e-16)
(-1.39452e-06 7.69677e-07 5.21076e-16)
(-1.20199e-06 7.98541e-07 1.23189e-16)
(-1.0674e-06 8.0032e-07 2.62861e-16)
(-9.40385e-07 8.18387e-07 -4.81894e-16)
(-8.24195e-07 8.11549e-07 1.51515e-16)
(-6.96794e-07 7.85629e-07 -1.12313e-16)
(-5.77642e-07 7.3999e-07 -1.17102e-15)
(-4.81053e-07 6.97048e-07 -3.8345e-16)
(-4.01042e-07 6.55731e-07 1.39205e-16)
(-3.35171e-07 6.18988e-07 9.83197e-18)
(-2.75305e-07 6.01394e-07 1.81977e-16)
(-2.24751e-07 5.85913e-07 2.68099e-16)
(-1.79045e-07 5.90746e-07 -8.99741e-16)
(-1.23633e-07 5.60374e-07 -2.02939e-16)
(-6.91945e-08 5.42203e-07 -5.13724e-16)
(-2.00027e-05 1.81073e-05 6.81347e-18)
(-2.37201e-05 1.78697e-05 -2.02385e-18)
(-2.57661e-05 1.75735e-05 -9.00857e-18)
(-2.7102e-05 1.72444e-05 -2.63982e-18)
(-2.78524e-05 1.68798e-05 5.94455e-18)
(-2.80724e-05 1.64478e-05 -2.58453e-19)
(-2.7841e-05 1.59619e-05 -4.50328e-18)
(-2.72344e-05 1.53994e-05 1.85888e-18)
(-2.63249e-05 1.47627e-05 -2.01581e-17)
(-2.51827e-05 1.40686e-05 -1.31692e-17)
(-2.38704e-05 1.334e-05 -1.0165e-17)
(-2.24412e-05 1.25813e-05 -1.96627e-18)
(-2.09448e-05 1.18014e-05 2.68124e-17)
(-1.94228e-05 1.10114e-05 -7.72912e-18)
(-1.79073e-05 1.02253e-05 -3.10193e-17)
(-1.64275e-05 9.44545e-06 1.47801e-17)
(-1.50022e-05 8.68013e-06 -1.0022e-17)
(-1.3651e-05 7.92869e-06 -4.7405e-17)
(-1.23823e-05 7.20061e-06 -6.82355e-18)
(-1.12067e-05 6.49102e-06 -5.62924e-19)
(-1.01256e-05 5.80992e-06 4.05252e-17)
(-9.14376e-06 5.14851e-06 5.26126e-17)
(-8.25694e-06 4.51798e-06 5.02296e-18)
(-7.46714e-06 3.90704e-06 1.90139e-17)
(-6.76581e-06 3.33045e-06 -3.24975e-19)
(-6.15226e-06 2.77599e-06 3.36089e-17)
(-5.61687e-06 2.25617e-06 -1.49561e-17)
(-5.15816e-06 1.75688e-06 -3.48646e-18)
(-4.76472e-06 1.30074e-06 -2.17753e-18)
(-4.43348e-06 8.71036e-07 7.36823e-18)
(-4.15474e-06 4.84499e-07 -2.85155e-18)
(-3.92665e-06 1.14941e-07 2.88846e-17)
(-3.73721e-06 -2.01326e-07 -3.88501e-19)
(-3.58355e-06 -4.82782e-07 8.23367e-19)
(-3.46051e-06 -7.405e-07 2.12038e-17)
(-3.36187e-06 -9.71833e-07 7.08667e-17)
(-3.28331e-06 -1.14546e-06 -4.42148e-17)
(-3.2212e-06 -1.29354e-06 -2.93839e-18)
(-3.17565e-06 -1.39807e-06 4.89774e-17)
(-3.14519e-06 -1.46489e-06 4.60791e-18)
(-3.11946e-06 -1.47889e-06 -8.50598e-17)
(-3.04416e-06 -1.46292e-06 3.69084e-17)
(-3.04242e-06 -1.44419e-06 7.77305e-17)
(-3.13501e-06 -1.41763e-06 2.01306e-16)
(-3.16232e-06 -1.36631e-06 2.11846e-16)
(-3.17742e-06 -1.30938e-06 4.92801e-17)
(-3.19114e-06 -1.23804e-06 -7.55788e-18)
(-3.19698e-06 -1.16101e-06 -1.04037e-16)
(-3.19847e-06 -1.0726e-06 1.19915e-16)
(-3.18886e-06 -9.80768e-07 -5.44713e-17)
(-3.17139e-06 -8.82655e-07 -2.77368e-16)
(-3.1408e-06 -7.80537e-07 -1.76938e-16)
(-3.09856e-06 -6.72583e-07 -7.99217e-17)
(-3.02638e-06 -5.61172e-07 -4.79432e-17)
(-2.93946e-06 -4.49853e-07 4.23725e-17)
(-2.84868e-06 -3.40435e-07 -4.06194e-16)
(-2.7542e-06 -2.32561e-07 -1.92454e-16)
(-2.65043e-06 -1.27102e-07 -2.25977e-16)
(-2.53588e-06 -3.01568e-08 -5.52804e-16)
(-2.41772e-06 6.32313e-08 1.25392e-16)
(-2.29132e-06 1.45613e-07 -1.4062e-16)
(-2.16166e-06 2.26131e-07 -5.43837e-16)
(-2.03004e-06 2.99189e-07 5.71116e-16)
(-1.89041e-06 3.79225e-07 7.14542e-16)
(-1.74625e-06 4.46525e-07 -1.12854e-16)
(-1.57447e-06 5.20914e-07 -3.32992e-16)
(-1.40771e-06 5.69528e-07 -7.97784e-18)
(-1.2272e-06 6.07234e-07 -6.46367e-17)
(-1.08712e-06 6.38459e-07 1.59069e-16)
(-9.70551e-07 6.60821e-07 1.27658e-16)
(-8.43698e-07 6.67279e-07 1.04695e-16)
(-7.18034e-07 6.47822e-07 3.01825e-16)
(-6.0439e-07 6.3636e-07 5.7531e-16)
(-5.07766e-07 6.17396e-07 2.44256e-16)
(-4.19618e-07 5.91493e-07 5.51223e-17)
(-3.41781e-07 5.65733e-07 -1.3937e-16)
(-2.77898e-07 5.62565e-07 -9.72123e-16)
(-2.23126e-07 5.59362e-07 4.26285e-16)
(-1.74895e-07 5.64739e-07 4.60121e-16)
(-1.17167e-07 5.3624e-07 6.12585e-16)
(-6.30376e-08 5.19983e-07 1.88946e-15)
(-2.8785e-06 6.36766e-06 4.92443e-19)
(-7.03652e-06 6.35823e-06 1.82259e-18)
(-1.06009e-05 6.80792e-06 6.03162e-18)
(-1.3586e-05 7.05027e-06 1.81878e-18)
(-1.60516e-05 7.27951e-06 -3.24237e-18)
(-1.79881e-05 7.41419e-06 -1.44196e-18)
(-1.94201e-05 7.48471e-06 -2.46278e-19)
(-2.03868e-05 7.48022e-06 -6.65899e-20)
(-2.09316e-05 7.41207e-06 3.04143e-20)
(-2.11072e-05 7.27254e-06 -8.03743e-18)
(-2.09662e-05 7.07611e-06 9.68418e-18)
(-2.05604e-05 6.83154e-06 -7.07692e-18)
(-1.99401e-05 6.54985e-06 -1.72595e-17)
(-1.91545e-05 6.22655e-06 -1.03235e-17)
(-1.82432e-05 5.87248e-06 -3.77206e-18)
(-1.72479e-05 5.49725e-06 3.27426e-18)
(-1.61978e-05 5.11154e-06 1.41376e-18)
(-1.51255e-05 4.71428e-06 -1.21919e-17)
(-1.40505e-05 4.31397e-06 -1.80754e-17)
(-1.29961e-05 3.91461e-06 -4.89519e-18)
(-1.19737e-05 3.5225e-06 3.11617e-18)
(-1.09995e-05 3.13689e-06 1.95867e-17)
(-1.00774e-05 2.76417e-06 -2.73347e-17)
(-9.21842e-06 2.40171e-06 6.02821e-18)
(-8.42135e-06 2.05159e-06 -2.23572e-17)
(-7.69319e-06 1.7099e-06 1.23661e-17)
(-7.02914e-06 1.384e-06 3.37536e-17)
(-6.43326e-06 1.06687e-06 -2.59937e-17)
(-5.89813e-06 7.62776e-07 -4.72191e-17)
(-5.426e-06 4.68131e-07 -1.33378e-17)
(-5.00887e-06 1.9153e-07 9.92074e-17)
(-4.6474e-06 -7.05991e-08 6.59208e-17)
(-4.33355e-06 -3.16736e-07 5.49413e-17)
(-4.0651e-06 -5.46129e-07 -4.93117e-19)
(-3.835e-06 -7.30364e-07 -5.8012e-17)
(-3.64321e-06 -8.97654e-07 -6.42561e-17)
(-3.48154e-06 -1.02801e-06 4.87765e-17)
(-3.34673e-06 -1.13273e-06 -2.02063e-17)
(-3.23866e-06 -1.20216e-06 -6.40221e-17)
(-3.1578e-06 -1.25628e-06 4.9787e-17)
(-3.08658e-06 -1.26343e-06 -1.32366e-17)
(-2.98476e-06 -1.2417e-06 2.98779e-19)
(-2.91274e-06 -1.22109e-06 -3.83461e-17)
(-2.86849e-06 -1.1952e-06 3.23643e-18)
(-2.84843e-06 -1.15902e-06 -1.72671e-16)
(-2.83102e-06 -1.12364e-06 -1.14769e-16)
(-2.81864e-06 -1.07575e-06 -2.42463e-17)
(-2.80495e-06 -1.02575e-06 -2.30162e-16)
(-2.79147e-06 -9.65663e-07 -1.81436e-16)
(-2.77161e-06 -9.0559e-07 -5.94159e-17)
(-2.74767e-06 -8.38231e-07 -1.63988e-16)
(-2.71452e-06 -7.6923e-07 1.18349e-16)
(-2.67541e-06 -6.93237e-07 -3.20091e-16)
(-2.61486e-06 -6.13414e-07 -4.52498e-17)
(-2.54682e-06 -5.27241e-07 2.14044e-16)
(-2.47669e-06 -4.36801e-07 4.19965e-17)
(-2.3972e-06 -3.48945e-07 -1.03338e-16)
(-2.30942e-06 -2.57466e-07 9.20918e-16)
(-2.21515e-06 -1.69951e-07 5.36304e-17)
(-2.11692e-06 -8.30088e-08 -7.88583e-16)
(-2.01186e-06 -2.70175e-09 1.93111e-16)
(-1.90282e-06 7.47118e-08 -6.62642e-16)
(-1.79097e-06 1.47246e-07 -3.64865e-17)
(-1.6777e-06 2.11717e-07 8.00446e-17)
(-1.55039e-06 2.80595e-07 -1.72255e-15)
(-1.42274e-06 3.34192e-07 4.28756e-17)
(-1.26971e-06 3.85134e-07 7.87285e-17)
(-1.13163e-06 4.32421e-07 -2.46906e-16)
(-1.0077e-06 4.75034e-07 3.22974e-16)
(-8.98779e-07 5.01515e-07 -2.28353e-17)
(-7.90068e-07 5.09891e-07 1.06676e-16)
(-6.8202e-07 5.2145e-07 -7.1216e-16)
(-5.87977e-07 5.20127e-07 -6.83228e-16)
(-4.91599e-07 5.17212e-07 6.13212e-17)
(-4.09753e-07 5.05944e-07 -5.03111e-17)
(-3.3246e-07 5.01046e-07 1.24007e-16)
(-2.73062e-07 5.08008e-07 -6.68412e-16)
(-2.14748e-07 5.11493e-07 8.53186e-17)
(-1.63496e-07 5.27377e-07 -6.87669e-16)
(-1.04657e-07 5.02798e-07 -8.15958e-17)
(-5.34201e-08 4.89039e-07 1.4542e-15)
(1.2793e-05 -4.48968e-06 2.71327e-18)
(1.01057e-05 -4.61721e-06 4.04509e-18)
(6.77664e-06 -4.05801e-06 -1.01343e-18)
(3.60875e-06 -3.6144e-06 1.98564e-18)
(6.3618e-07 -3.17801e-06 1.75267e-18)
(-2.0661e-06 -2.78291e-06 -1.57959e-17)
(-4.45565e-06 -2.41764e-06 -9.37344e-18)
(-6.50435e-06 -2.07511e-06 -3.43138e-18)
(-8.20466e-06 -1.7622e-06 -1.0541e-18)
(-9.56398e-06 -1.47365e-06 4.02975e-18)
(-1.05943e-05 -1.22106e-06 -9.10994e-18)
(-1.13229e-05 -9.9526e-07 1.24143e-17)
(-1.17785e-05 -7.99968e-07 2.13748e-18)
(-1.19926e-05 -6.28899e-07 7.63862e-18)
(-1.19996e-05 -4.90468e-07 1.90276e-17)
(-1.1835e-05 -3.77125e-07 1.71568e-17)
(-1.15293e-05 -2.8888e-07 1.49338e-17)
(-1.1112e-05 -2.22783e-07 5.83705e-18)
(-1.06142e-05 -1.79925e-07 2.60892e-17)
(-1.00564e-05 -1.56291e-07 -1.29569e-17)
(-9.46335e-06 -1.49894e-07 -3.83755e-17)
(-8.85096e-06 -1.57593e-07 -8.3864e-18)
(-8.23523e-06 -1.77829e-07 -2.42053e-18)
(-7.62929e-06 -2.10042e-07 -1.11156e-17)
(-7.04191e-06 -2.49102e-07 -8.53568e-18)
(-6.48089e-06 -2.96683e-07 -2.8474e-17)
(-5.95173e-06 -3.49257e-07 -5.4406e-18)
(-5.45911e-06 -4.10046e-07 -1.47115e-18)
(-5.00453e-06 -4.73348e-07 3.04877e-17)
(-4.59043e-06 -5.41755e-07 -9.34007e-18)
(-4.21563e-06 -6.1156e-07 1.04557e-17)
(-3.88239e-06 -6.88371e-07 3.18293e-17)
(-3.58653e-06 -7.63145e-07 2.61894e-17)
(-3.32972e-06 -8.39559e-07 6.96787e-17)
(-3.10732e-06 -9.14524e-07 5.22299e-18)
(-2.91762e-06 -9.89978e-07 -4.58972e-17)
(-2.75753e-06 -1.06069e-06 -6.5453e-17)
(-2.62478e-06 -1.12312e-06 2.13003e-17)
(-2.51586e-06 -1.16203e-06 5.9465e-17)
(-2.42923e-06 -1.19001e-06 -3.57487e-17)
(-2.35114e-06 -1.1984e-06 6.22377e-17)
(-2.26486e-06 -1.18806e-06 -1.07361e-17)
(-2.19867e-06 -1.15762e-06 2.29815e-17)
(-2.15738e-06 -1.12621e-06 -1.29023e-16)
(-2.11897e-06 -1.08655e-06 -3.72193e-17)
(-2.08358e-06 -1.04905e-06 3.37698e-17)
(-2.05225e-06 -1.00479e-06 -4.37022e-17)
(-2.0222e-06 -9.64169e-07 -4.8992e-17)
(-1.99436e-06 -9.17588e-07 7.65302e-17)
(-1.96533e-06 -8.72287e-07 3.90742e-18)
(-1.93745e-06 -8.23793e-07 1.4305e-16)
(-1.90738e-06 -7.71058e-07 2.39308e-16)
(-1.87738e-06 -7.12055e-07 2.83638e-17)
(-1.83833e-06 -6.47909e-07 7.12414e-17)
(-1.79648e-06 -5.76117e-07 1.27027e-17)
(-1.75474e-06 -4.98709e-07 1.92181e-16)
(-1.70917e-06 -4.19557e-07 4.33558e-17)
(-1.65961e-06 -3.37154e-07 -3.20733e-16)
(-1.60425e-06 -2.54736e-07 3.08786e-16)
(-1.54588e-06 -1.74128e-07 8.12537e-17)
(-1.47955e-06 -9.73794e-08 -5.9612e-17)
(-1.41112e-06 -2.44293e-08 4.76705e-16)
(-1.33584e-06 4.298e-08 -1.44167e-16)
(-1.25976e-06 1.05606e-07 -1.21554e-16)
(-1.17675e-06 1.58803e-07 8.4603e-16)
(-1.08544e-06 2.07131e-07 -6.35419e-17)
(-9.91947e-07 2.5242e-07 -3.78672e-16)
(-8.87741e-07 3.03393e-07 -3.62428e-18)
(-8.09221e-07 3.45047e-07 -1.35287e-16)
(-7.32352e-07 3.76469e-07 -3.55645e-17)
(-6.5661e-07 4.00221e-07 -8.64136e-17)
(-5.81296e-07 4.1273e-07 4.53656e-16)
(-5.05534e-07 4.27285e-07 4.74131e-16)
(-4.35844e-07 4.33244e-07 2.0526e-16)
(-3.66486e-07 4.36052e-07 1.70746e-16)
(-3.06141e-07 4.39042e-07 -1.19522e-16)
(-2.51648e-07 4.5806e-07 7.25566e-16)
(-1.99213e-07 4.67626e-07 1.0023e-17)
(-1.48663e-07 4.8928e-07 8.06748e-16)
(-9.07381e-08 4.63506e-07 -4.10171e-16)
(-4.5792e-08 4.596e-07 -2.34435e-15)
(1.79839e-05 -1.46035e-05 9.35511e-18)
(1.80711e-05 -1.46894e-05 -3.35631e-18)
(1.68098e-05 -1.36435e-05 -4.58594e-18)
(1.51982e-05 -1.27072e-05 7.12248e-19)
(1.3328e-05 -1.18126e-05 5.52535e-18)
(1.12985e-05 -1.09701e-05 7.54801e-18)
(9.19836e-06 -1.01745e-05 -4.12603e-18)
(7.10615e-06 -9.41744e-06 4.11815e-19)
(5.08352e-06 -8.70352e-06 9.2181e-18)
(3.18446e-06 -8.02774e-06 5.18913e-18)
(1.44363e-06 -7.39008e-06 -4.46881e-18)
(-1.13252e-07 -6.79066e-06 -9.4727e-18)
(-1.47144e-06 -6.22867e-06 5.92751e-19)
(-2.62695e-06 -5.70687e-06 5.09928e-20)
(-3.58226e-06 -5.22415e-06 -8.32096e-19)
(-4.34695e-06 -4.78254e-06 1.6912e-18)
(-4.93227e-06 -4.37443e-06 1.15566e-17)
(-5.35647e-06 -4.00619e-06 5.93166e-18)
(-5.63633e-06 -3.67379e-06 -1.27159e-17)
(-5.79032e-06 -3.37581e-06 2.07713e-17)
(-5.83812e-06 -3.10786e-06 1.41289e-17)
(-5.79757e-06 -2.87034e-06 -5.88088e-18)
(-5.68388e-06 -2.65905e-06 1.40578e-18)
(-5.51547e-06 -2.47504e-06 1.58441e-17)
(-5.30382e-06 -2.31005e-06 1.45155e-17)
(-5.06266e-06 -2.16577e-06 1.71255e-17)
(-4.80171e-06 -2.03752e-06 -1.37104e-17)
(-4.53086e-06 -1.92551e-06 -3.2083e-19)
(-4.25643e-06 -1.82651e-06 1.86099e-17)
(-3.98623e-06 -1.7396e-06 4.01045e-18)
(-3.72334e-06 -1.66027e-06 -2.6152e-17)
(-3.47374e-06 -1.59337e-06 -1.37062e-17)
(-3.23829e-06 -1.53426e-06 -6.89184e-18)
(-3.02051e-06 -1.48314e-06 2.14535e-17)
(-2.82069e-06 -1.43538e-06 4.2132e-17)
(-2.6423e-06 -1.39851e-06 4.28888e-17)
(-2.48416e-06 -1.36741e-06 3.06006e-17)
(-2.34929e-06 -1.3468e-06 -2.08065e-17)
(-2.2329e-06 -1.32876e-06 -6.53471e-17)
(-2.13395e-06 -1.31827e-06 2.87864e-17)
(-2.0435e-06 -1.30523e-06 7.80784e-18)
(-1.95565e-06 -1.29157e-06 2.60396e-17)
(-1.89218e-06 -1.27323e-06 -5.20102e-17)
(-1.84176e-06 -1.25407e-06 9.48866e-17)
(-1.79764e-06 -1.22826e-06 -3.50681e-17)
(-1.75877e-06 -1.19644e-06 1.09241e-16)
(-1.72674e-06 -1.15086e-06 3.56587e-17)
(-1.6979e-06 -1.10421e-06 -7.13718e-17)
(-1.67488e-06 -1.04961e-06 5.11612e-17)
(-1.65302e-06 -9.91799e-07 1.23667e-16)
(-1.6362e-06 -9.28154e-07 3.39021e-17)
(-1.6204e-06 -8.63525e-07 -4.319e-17)
(-1.60787e-06 -7.9154e-07 2.29653e-16)
(-1.58893e-06 -7.21437e-07 4.77549e-17)
(-1.57257e-06 -6.44055e-07 -1.14435e-16)
(-1.55365e-06 -5.66524e-07 -2.9383e-16)
(-1.53145e-06 -4.85307e-07 -2.58172e-17)
(-1.50394e-06 -4.04327e-07 -1.99269e-17)
(-1.47101e-06 -3.20706e-07 -2.52888e-16)
(-1.43291e-06 -2.39458e-07 1.96144e-16)
(-1.3863e-06 -1.59379e-07 1.18709e-16)
(-1.33594e-06 -8.12194e-08 2.08464e-16)
(-1.27729e-06 -7.78254e-09 1.96503e-16)
(-1.21606e-06 6.02443e-08 -4.36188e-16)
(-1.14566e-06 1.18899e-07 5.38549e-16)
(-1.07428e-06 1.69274e-07 3.46222e-16)
(-9.95424e-07 2.20885e-07 2.22448e-17)
(-9.12125e-07 2.72708e-07 1.15357e-16)
(-8.25205e-07 3.21018e-07 -2.76984e-16)
(-7.63414e-07 3.63673e-07 -5.95477e-17)
(-6.95722e-07 3.9116e-07 -1.97484e-17)
(-6.28283e-07 4.18348e-07 4.83144e-16)
(-5.59414e-07 4.35861e-07 5.50316e-16)
(-4.90264e-07 4.49767e-07 4.84939e-16)
(-4.22128e-07 4.55802e-07 2.12764e-16)
(-3.59298e-07 4.70357e-07 1.0504e-16)
(-3.00202e-07 4.90105e-07 -7.47756e-16)
(-2.37625e-07 5.0172e-07 1.65538e-16)
(-1.75759e-07 5.21171e-07 7.2019e-16)
(-1.11867e-07 4.96842e-07 -1.44848e-16)
(-5.87848e-08 4.81006e-07 -5.44501e-16)
(9.49325e-06 -1.29579e-05 -2.26199e-18)
(1.13379e-05 -1.31332e-05 3.94655e-18)
(1.2294e-05 -1.23185e-05 1.7295e-18)
(1.27707e-05 -1.16137e-05 4.83e-19)
(1.28393e-05 -1.09765e-05 5.4504e-19)
(1.25384e-05 -1.03789e-05 1.37324e-18)
(1.19242e-05 -9.81019e-06 5.04112e-18)
(1.10627e-05 -9.2625e-06 -2.62792e-20)
(1.00143e-05 -8.73253e-06 -7.03587e-18)
(8.83874e-06 -8.21672e-06 -2.2588e-18)
(7.59529e-06 -7.7184e-06 2.44805e-18)
(6.32982e-06 -7.23624e-06 -3.44036e-18)
(5.08521e-06 -6.77167e-06 -9.51558e-19)
(3.89375e-06 -6.32442e-06 -7.06161e-18)
(2.7817e-06 -5.897e-06 2.71532e-18)
(1.76654e-06 -5.49087e-06 -1.72918e-18)
(8.59682e-07 -5.10513e-06 -4.24219e-18)
(6.67403e-08 -4.74151e-06 1.75857e-18)
(-6.11349e-07 -4.40016e-06 3.98917e-18)
(-1.17783e-06 -4.08221e-06 -1.17701e-17)
(-1.63821e-06 -3.78863e-06 -9.83188e-18)
(-2.00056e-06 -3.51689e-06 -2.55378e-18)
(-2.27368e-06 -3.26578e-06 -1.63215e-18)
(-2.46846e-06 -3.03814e-06 -1.16401e-17)
(-2.59447e-06 -2.83021e-06 -1.07096e-17)
(-2.6623e-06 -2.64041e-06 -9.5864e-18)
(-2.68169e-06 -2.46742e-06 3.01326e-17)
(-2.66142e-06 -2.30899e-06 -5.75262e-19)
(-2.60981e-06 -2.16415e-06 -2.83139e-17)
(-2.53468e-06 -2.03198e-06 3.98373e-18)
(-2.44191e-06 -1.90894e-06 1.08294e-17)
(-2.33766e-06 -1.796e-06 2.50452e-18)
(-2.22589e-06 -1.69098e-06 -7.97742e-18)
(-2.11096e-06 -1.59349e-06 -3.74508e-17)
(-1.99617e-06 -1.50259e-06 -7.49455e-18)
(-1.8851e-06 -1.41844e-06 1.94052e-17)
(-1.78017e-06 -1.33906e-06 2.01459e-17)
(-1.6831e-06 -1.26868e-06 5.49644e-18)
(-1.59198e-06 -1.2055e-06 -1.71867e-17)
(-1.50702e-06 -1.15023e-06 -4.93835e-17)
(-1.4264e-06 -1.09767e-06 5.45582e-18)
(-1.3517e-06 -1.05112e-06 -3.666e-17)
(-1.29207e-06 -1.01209e-06 2.83335e-17)
(-1.24489e-06 -9.77518e-07 -2.08906e-17)
(-1.20485e-06 -9.40886e-07 6.7195e-17)
(-1.17369e-06 -9.0703e-07 -9.34392e-17)
(-1.14872e-06 -8.70622e-07 3.53355e-17)
(-1.12978e-06 -8.36305e-07 4.73172e-17)
(-1.1154e-06 -7.99246e-07 -9.73645e-17)
(-1.10528e-06 -7.63525e-07 -8.85126e-17)
(-1.09799e-06 -7.20526e-07 -5.54357e-17)
(-1.09309e-06 -6.79966e-07 -6.31151e-17)
(-1.0897e-06 -6.3406e-07 -2.7752e-18)
(-1.08329e-06 -5.89806e-07 -1.44491e-16)
(-1.07782e-06 -5.41223e-07 8.82582e-17)
(-1.07182e-06 -4.92041e-07 1.53869e-16)
(-1.06536e-06 -4.39369e-07 -1.39048e-16)
(-1.05481e-06 -3.85484e-07 9.87665e-17)
(-1.04249e-06 -3.29393e-07 2.69878e-16)
(-1.02463e-06 -2.72769e-07 4.74939e-17)
(-1.00388e-06 -2.1561e-07 1.05057e-16)
(-9.76623e-07 -1.58709e-07 -1.83193e-16)
(-9.47717e-07 -1.04508e-07 -1.65732e-16)
(-9.13404e-07 -5.25843e-08 3.55171e-17)
(-8.77873e-07 -8.22848e-09 -5.61013e-16)
(-8.3866e-07 3.40034e-08 -3.2116e-16)
(-8.01351e-07 7.10685e-08 3.74673e-16)
(-7.54867e-07 1.25378e-07 -1.84209e-16)
(-7.10385e-07 1.57578e-07 -1.90641e-16)
(-6.61735e-07 1.98172e-07 4.68463e-17)
(-6.1457e-07 2.35255e-07 -1.76e-16)
(-5.64322e-07 2.64331e-07 -1.09358e-16)
(-5.13817e-07 2.94918e-07 -3.5271e-16)
(-4.63188e-07 3.15005e-07 -2.06101e-17)
(-4.12068e-07 3.37823e-07 2.64451e-17)
(-3.6065e-07 3.56777e-07 3.80557e-18)
(-3.06872e-07 3.87244e-07 1.14951e-15)
(-2.48194e-07 4.07615e-07 -4.14805e-16)
(-1.87907e-07 4.33664e-07 -4.53365e-16)
(-1.23889e-07 4.21046e-07 1.67055e-16)
(-6.91319e-08 4.17616e-07 -1.14367e-16)
(-9.64567e-07 -7.28216e-06 8.84828e-19)
(-2.45786e-06 -7.26108e-06 9.6402e-19)
(6.64188e-07 -7.12646e-06 5.15848e-20)
(2.24755e-06 -6.85563e-06 -5.36058e-19)
(3.65078e-06 -6.53921e-06 -1.84551e-18)
(4.83423e-06 -6.26927e-06 -1.8296e-18)
(5.76441e-06 -6.01999e-06 -2.67941e-18)
(6.42898e-06 -5.7885e-06 9.50458e-19)
(6.83142e-06 -5.56823e-06 3.04012e-18)
(6.98804e-06 -5.35678e-06 4.78612e-18)
(6.92364e-06 -5.14644e-06 1.14351e-18)
(6.6713e-06 -4.9391e-06 -1.66738e-18)
(6.26566e-06 -4.73122e-06 3.45461e-18)
(5.7431e-06 -4.5247e-06 6.95839e-18)
(5.13743e-06 -4.31683e-06 1.05065e-17)
(4.48172e-06 -4.11034e-06 -4.39791e-18)
(3.80406e-06 -3.90513e-06 1.7472e-18)
(3.1275e-06 -3.70316e-06 -4.22402e-18)
(2.47328e-06 -3.50516e-06 -4.29474e-18)
(1.85523e-06 -3.31114e-06 -7.34366e-19)
(1.28517e-06 -3.12394e-06 5.96072e-18)
(7.70253e-07 -2.9449e-06 -7.83092e-19)
(3.14668e-07 -2.77456e-06 7.13488e-18)
(-8.0426e-08 -2.61174e-06 7.00192e-18)
(-4.15669e-07 -2.45753e-06 -2.4788e-18)
(-6.93812e-07 -2.31267e-06 -1.24557e-17)
(-9.18565e-07 -2.1765e-06 -1.44645e-17)
(-1.09472e-06 -2.04902e-06 -1.27309e-17)
(-1.22765e-06 -1.92962e-06 1.927e-17)
(-1.32242e-06 -1.81785e-06 4.88604e-21)
(-1.38484e-06 -1.71464e-06 -1.99613e-17)
(-1.41967e-06 -1.61798e-06 7.56041e-18)
(-1.43214e-06 -1.52831e-06 1.21036e-17)
(-1.42607e-06 -1.44403e-06 5.79551e-18)
(-1.40614e-06 -1.36508e-06 -1.06574e-17)
(-1.37628e-06 -1.29122e-06 -1.80644e-17)
(-1.34102e-06 -1.22183e-06 -9.26818e-18)
(-1.30236e-06 -1.15511e-06 -5.30687e-18)
(-1.2617e-06 -1.09367e-06 -7.22333e-18)
(-1.21764e-06 -1.03652e-06 8.85539e-18)
(-1.17197e-06 -9.85662e-07 1.86906e-17)
(-1.12592e-06 -9.37126e-07 -5.2986e-18)
(-1.0825e-06 -8.92664e-07 -5.5606e-18)
(-1.04631e-06 -8.52249e-07 -7.39804e-18)
(-1.01657e-06 -8.18383e-07 4.02815e-18)
(-9.90029e-07 -7.83199e-07 -1.17034e-17)
(-9.68554e-07 -7.52762e-07 3.84227e-17)
(-9.51197e-07 -7.25583e-07 5.50248e-17)
(-9.38271e-07 -7.01803e-07 2.57474e-17)
(-9.28943e-07 -6.74273e-07 6.97728e-17)
(-9.2332e-07 -6.48895e-07 -1.81955e-17)
(-9.20493e-07 -6.20983e-07 -4.67192e-17)
(-9.19445e-07 -5.93916e-07 8.25895e-17)
(-9.20233e-07 -5.62399e-07 -1.06663e-16)
(-9.19835e-07 -5.31303e-07 1.13674e-16)
(-9.20536e-07 -4.95771e-07 -8.4815e-17)
(-9.20969e-07 -4.59952e-07 3.22356e-17)
(-9.20736e-07 -4.21277e-07 1.69371e-16)
(-9.17879e-07 -3.82209e-07 -5.25115e-17)
(-9.13028e-07 -3.39671e-07 -1.2571e-17)
(-9.04356e-07 -2.96989e-07 4.06264e-17)
(-8.92501e-07 -2.51807e-07 -3.0747e-16)
(-8.76007e-07 -2.05983e-07 4.57227e-17)
(-8.56784e-07 -1.6018e-07 1.01685e-16)
(-8.33661e-07 -1.14712e-07 -8.82724e-18)
(-8.08026e-07 -7.23209e-08 5.22947e-17)
(-7.80394e-07 -3.3128e-08 -1.86007e-16)
(-7.52847e-07 7.82336e-09 -4.71386e-16)
(-7.2155e-07 4.31994e-08 2.10352e-16)
(-6.79326e-07 7.43336e-08 1.43467e-16)
(-6.47677e-07 1.05728e-07 4.99597e-17)
(-6.07925e-07 1.44673e-07 7.82392e-17)
(-5.68484e-07 1.85503e-07 1.38502e-17)
(-5.25565e-07 2.19537e-07 6.44091e-17)
(-4.81236e-07 2.50026e-07 -7.16517e-17)
(-4.35107e-07 2.70463e-07 5.49629e-17)
(-3.86397e-07 3.00416e-07 -2.79692e-17)
(-3.35297e-07 3.29917e-07 -4.61292e-17)
(-2.73946e-07 3.53998e-07 7.28539e-16)
(-2.11538e-07 3.8363e-07 -5.48663e-16)
(-1.41911e-07 3.79063e-07 -4.77832e-16)
(-7.86645e-08 3.77679e-07 5.75755e-16)
(-3.66794e-06 -3.44837e-06 6.03173e-19)
(-3.01842e-06 -3.53465e-06 4.09764e-18)
(-3.51803e-06 -3.23279e-06 -9.78534e-19)
(-3.01762e-06 -3.07441e-06 -5.82779e-19)
(-2.3113e-06 -2.90388e-06 -8.57783e-19)
(-1.50789e-06 -2.76421e-06 -1.64429e-18)
(-6.70902e-07 -2.64831e-06 -5.83578e-19)
(1.39088e-07 -2.55488e-06 -1.99142e-18)
(8.76141e-07 -2.47639e-06 -6.11766e-19)
(1.50782e-06 -2.41166e-06 8.80726e-19)
(2.01438e-06 -2.35327e-06 1.10897e-18)
(2.38633e-06 -2.3006e-06 -8.44616e-22)
(2.62486e-06 -2.24933e-06 -3.09413e-18)
(2.73668e-06 -2.19868e-06 -2.19461e-18)
(2.73551e-06 -2.14829e-06 -4.15003e-19)
(2.63661e-06 -2.09759e-06 7.1728e-19)
(2.45899e-06 -2.045e-06 -1.39435e-18)
(2.2201e-06 -1.98981e-06 4.96181e-18)
(1.93887e-06 -1.93322e-06 6.83266e-19)
(1.63069e-06 -1.87385e-06 -2.38254e-18)
(1.31073e-06 -1.81263e-06 6.99127e-19)
(9.9088e-07 -1.74925e-06 4.02466e-18)
(6.81554e-07 -1.6862e-06 1.82698e-18)
(3.90206e-07 -1.62299e-06 6.44171e-18)
(1.2259e-07 -1.56034e-06 2.99529e-18)
(-1.17683e-07 -1.4982e-06 7.05149e-18)
(-3.28629e-07 -1.43817e-06 7.36897e-18)
(-5.09603e-07 -1.37983e-06 -8.1324e-18)
(-6.61122e-07 -1.32392e-06 -1.63899e-17)
(-7.8432e-07 -1.26932e-06 1.37403e-17)
(-8.81209e-07 -1.21746e-06 1.4055e-17)
(-9.53855e-07 -1.16682e-06 -1.7074e-17)
(-1.00522e-06 -1.11928e-06 -6.16361e-19)
(-1.03763e-06 -1.07303e-06 9.24686e-19)
(-1.05495e-06 -1.02929e-06 2.76261e-18)
(-1.06036e-06 -9.86496e-07 8.71701e-18)
(-1.05739e-06 -9.46082e-07 -1.35009e-17)
(-1.04713e-06 -9.05689e-07 -1.64674e-17)
(-1.03006e-06 -8.67172e-07 5.61547e-18)
(-1.00548e-06 -8.2833e-07 2.04361e-17)
(-9.76187e-07 -7.92209e-07 -3.34879e-18)
(-9.44737e-07 -7.58041e-07 -1.56124e-17)
(-9.14081e-07 -7.25388e-07 2.13669e-17)
(-8.85501e-07 -6.93091e-07 -2.89884e-17)
(-8.59389e-07 -6.64283e-07 -1.23377e-17)
(-8.34721e-07 -6.38078e-07 1.4297e-17)
(-8.12767e-07 -6.14061e-07 1.27107e-17)
(-7.93325e-07 -5.88954e-07 2.34729e-17)
(-7.7763e-07 -5.67542e-07 2.39025e-17)
(-7.64593e-07 -5.4424e-07 -2.4069e-18)
(-7.54625e-07 -5.23367e-07 3.66617e-17)
(-7.471e-07 -5.01057e-07 3.35003e-17)
(-7.42392e-07 -4.81413e-07 -1.32573e-17)
(-7.39386e-07 -4.57562e-07 6.4514e-17)
(-7.3718e-07 -4.36271e-07 -1.06416e-17)
(-7.36148e-07 -4.13296e-07 8.1996e-17)
(-7.35954e-07 -3.91247e-07 -9.3147e-17)
(-7.36046e-07 -3.67308e-07 -1.46869e-17)
(-7.35286e-07 -3.43106e-07 2.08504e-17)
(-7.34003e-07 -3.15624e-07 4.25544e-17)
(-7.30806e-07 -2.86502e-07 5.17619e-18)
(-7.26261e-07 -2.54607e-07 1.51456e-16)
(-7.18885e-07 -2.20834e-07 -3.72835e-17)
(-7.09956e-07 -1.84954e-07 1.7551e-17)
(-6.98058e-07 -1.48322e-07 9.38448e-18)
(-6.84695e-07 -1.1236e-07 -1.54268e-19)
(-6.68835e-07 -7.7399e-08 1.35655e-16)
(-6.55412e-07 -4.27186e-08 3.56239e-16)
(-6.34852e-07 -6.05531e-09 -9.26082e-17)
(-6.14656e-07 1.23891e-08 7.50167e-17)
(-5.93162e-07 4.68015e-08 -2.43067e-17)
(-5.72721e-07 7.79034e-08 8.88468e-17)
(-5.42671e-07 1.14815e-07 -1.84101e-16)
(-5.10816e-07 1.50803e-07 1.52576e-16)
(-4.73717e-07 1.79227e-07 1.21719e-16)
(-4.35368e-07 2.10226e-07 -1.75118e-16)
(-3.94605e-07 2.36265e-07 -2.53801e-17)
(-3.45048e-07 2.6868e-07 -3.68462e-16)
(-2.89334e-07 2.93357e-07 7.03406e-17)
(-2.24112e-07 3.22896e-07 -3.4388e-16)
(-1.53319e-07 3.23989e-07 5.7345e-16)
(-8.52832e-08 3.27269e-07 6.61892e-16)
(2.09001e-06 -3.22119e-06 2.70137e-18)
(3.64445e-06 -3.34465e-06 2.12846e-19)
(9.3818e-07 -3.1044e-06 3.28452e-19)
(-2.14582e-08 -2.90971e-06 -1.36902e-18)
(-6.51251e-07 -2.7133e-06 1.17989e-18)
(-1.01638e-06 -2.53823e-06 2.38881e-18)
(-1.16039e-06 -2.38305e-06 1.88136e-18)
(-1.13274e-06 -2.24959e-06 1.53899e-18)
(-9.83312e-07 -2.13329e-06 -4.5016e-19)
(-7.56355e-07 -2.03436e-06 -8.68812e-19)
(-4.91121e-07 -1.94839e-06 -7.2795e-19)
(-2.20299e-07 -1.87516e-06 1.88783e-18)
(3.15791e-08 -1.81027e-06 2.38087e-18)
(2.46569e-07 -1.75316e-06 -3.38688e-18)
(4.1395e-07 -1.7002e-06 -3.03907e-18)
(5.28091e-07 -1.65107e-06 -2.17692e-18)
(5.88899e-07 -1.60381e-06 -3.33279e-18)
(5.99141e-07 -1.55808e-06 -2.28795e-18)
(5.64686e-07 -1.51316e-06 3.19388e-18)
(4.92708e-07 -1.46879e-06 3.1847e-18)
(3.91345e-07 -1.42422e-06 -1.98053e-18)
(2.68839e-07 -1.37928e-06 -2.43436e-18)
(1.33e-07 -1.33468e-06 -2.83628e-18)
(-9.16321e-09 -1.29062e-06 -1.81951e-18)
(-1.5154e-07 -1.24738e-06 1.79736e-18)
(-2.89045e-07 -1.20388e-06 7.44448e-18)
(-4.17767e-07 -1.16118e-06 2.63089e-18)
(-5.34671e-07 -1.11936e-06 3.47249e-18)
(-6.37886e-07 -1.0782e-06 -1.66695e-18)
(-7.25793e-07 -1.03722e-06 -3.2358e-18)
(-7.98188e-07 -9.97746e-07 -5.33195e-19)
(-8.54852e-07 -9.58698e-07 5.00492e-18)
(-8.97127e-07 -9.21959e-07 -8.50971e-18)
(-9.2604e-07 -8.85969e-07 -3.19058e-18)
(-9.44087e-07 -8.51975e-07 1.78042e-18)
(-9.53016e-07 -8.19193e-07 1.0647e-18)
(-9.54614e-07 -7.88226e-07 2.15216e-18)
(-9.4862e-07 -7.57955e-07 -8.46018e-18)
(-9.35197e-07 -7.29086e-07 -6.91612e-18)
(-9.14158e-07 -7.00015e-07 -1.57141e-18)
(-8.88785e-07 -6.72279e-07 4.07934e-18)
(-8.61331e-07 -6.45592e-07 -6.50264e-19)
(-8.34206e-07 -6.20753e-07 -1.72587e-18)
(-8.07106e-07 -5.95396e-07 2.76689e-17)
(-7.8088e-07 -5.72286e-07 -2.1669e-17)
(-7.55068e-07 -5.49456e-07 1.72139e-19)
(-7.316e-07 -5.29786e-07 1.37341e-17)
(-7.09434e-07 -5.08662e-07 -5.41866e-19)
(-6.89834e-07 -4.89519e-07 -4.55588e-19)
(-6.72116e-07 -4.71635e-07 -1.15561e-17)
(-6.57057e-07 -4.54851e-07 2.34245e-18)
(-6.43881e-07 -4.36133e-07 -2.94857e-17)
(-6.33424e-07 -4.1899e-07 9.06589e-18)
(-6.24892e-07 -4.01037e-07 -2.51887e-17)
(-6.17633e-07 -3.83944e-07 1.44214e-17)
(-6.12249e-07 -3.66514e-07 -2.95453e-17)
(-6.08558e-07 -3.49388e-07 5.09674e-17)
(-6.06281e-07 -3.30515e-07 -1.7059e-17)
(-6.04771e-07 -3.11777e-07 -7.48034e-18)
(-6.04132e-07 -2.90647e-07 -6.11781e-17)
(-6.03449e-07 -2.68438e-07 -5.7492e-19)
(-6.02796e-07 -2.43307e-07 -4.84982e-18)
(-6.01013e-07 -2.17032e-07 -2.66004e-18)
(-5.98832e-07 -1.8833e-07 -9.30484e-17)
(-5.94938e-07 -1.58499e-07 -8.76517e-17)
(-5.90333e-07 -1.27825e-07 3.68051e-17)
(-5.8396e-07 -9.74816e-08 -1.62391e-18)
(-5.80459e-07 -6.53658e-08 -4.40982e-17)
(-5.71062e-07 -3.39945e-08 1.82947e-16)
(-5.57151e-07 -1.16866e-08 -5.70894e-17)
(-5.48636e-07 8.30224e-09 2.3282e-17)
(-5.33036e-07 3.42534e-08 -1.64267e-17)
(-5.17299e-07 6.21018e-08 -2.09928e-16)
(-4.921e-07 9.49134e-08 -1.22055e-16)
(-4.65158e-07 1.26934e-07 -2.80765e-17)
(-4.32769e-07 1.53744e-07 6.52284e-17)
(-3.94801e-07 1.83428e-07 5.2501e-18)
(-3.5016e-07 2.09795e-07 -1.4772e-16)
(-2.93176e-07 2.33376e-07 -3.4913e-17)
(-2.30427e-07 2.60052e-07 3.75745e-16)
(-1.60997e-07 2.69695e-07 -1.12619e-16)
(-8.95041e-08 2.73352e-07 -2.15475e-16)
(9.33177e-06 -5.4729e-06 -1.11302e-19)
(9.85073e-06 -5.3993e-06 4.59622e-19)
(8.1527e-06 -5.31139e-06 6.41777e-19)
(6.71034e-06 -5.03929e-06 -1.38887e-19)
(5.41724e-06 -4.75539e-06 -2.58842e-19)
(4.30176e-06 -4.48125e-06 7.85268e-20)
(3.36715e-06 -4.21929e-06 6.3554e-19)
(2.61047e-06 -3.97163e-06 -7.48475e-19)
(2.01844e-06 -3.73827e-06 -7.25885e-19)
(1.57066e-06 -3.51966e-06 -1.30867e-19)
(1.24392e-06 -3.31528e-06 -1.43747e-19)
(1.01335e-06 -3.12598e-06 8.54683e-20)
(8.55334e-07 -2.95025e-06 3.115e-19)
(7.47985e-07 -2.78749e-06 1.98089e-18)
(6.72722e-07 -2.63702e-06 2.28107e-19)
(6.14518e-07 -2.49739e-06 7.42284e-19)
(5.61999e-07 -2.36878e-06 2.2179e-18)
(5.06942e-07 -2.25009e-06 -1.97685e-18)
(4.44846e-07 -2.13994e-06 -1.11293e-18)
(3.73013e-07 -2.0363e-06 7.97655e-19)
(2.91245e-07 -1.93942e-06 -1.36074e-19)
(2.00741e-07 -1.84793e-06 -1.86571e-18)
(1.03502e-07 -1.76098e-06 -1.76188e-18)
(2.16748e-09 -1.67761e-06 -2.37054e-18)
(-1.00402e-07 -1.59881e-06 -2.80119e-18)
(-2.01514e-07 -1.52329e-06 -4.50548e-18)
(-2.98523e-07 -1.45082e-06 -2.01018e-18)
(-3.89179e-07 -1.38144e-06 -2.92534e-18)
(-4.71676e-07 -1.31509e-06 1.56389e-18)
(-5.44561e-07 -1.25085e-06 -2.14033e-18)
(-6.07052e-07 -1.18926e-06 3.64159e-19)
(-6.58922e-07 -1.12975e-06 -2.08964e-18)
(-7.0074e-07 -1.07274e-06 4.25692e-19)
(-7.33185e-07 -1.01754e-06 -1.41511e-18)
(-7.57436e-07 -9.64856e-07 -4.62739e-19)
(-7.74004e-07 -9.14825e-07 -2.72257e-18)
(-7.83078e-07 -8.6746e-07 -3.15921e-18)
(-7.8409e-07 -8.22045e-07 7.15045e-20)
(-7.77345e-07 -7.79532e-07 -5.08261e-18)
(-7.63793e-07 -7.39033e-07 -5.46673e-18)
(-7.46412e-07 -7.00858e-07 -4.88561e-18)
(-7.26816e-07 -6.64293e-07 4.35541e-18)
(-7.06514e-07 -6.30709e-07 -3.47685e-18)
(-6.85109e-07 -5.98974e-07 -9.02177e-18)
(-6.6361e-07 -5.69886e-07 2.02959e-17)
(-6.41932e-07 -5.41518e-07 -1.44569e-17)
(-6.21477e-07 -5.15433e-07 -5.16465e-18)
(-6.01927e-07 -4.91781e-07 5.21573e-18)
(-5.84018e-07 -4.68887e-07 6.42568e-18)
(-5.67462e-07 -4.46098e-07 -1.11344e-17)
(-5.53251e-07 -4.25129e-07 -2.31888e-17)
(-5.40486e-07 -4.0349e-07 1.4697e-17)
(-5.29869e-07 -3.83629e-07 -2.04083e-17)
(-5.20896e-07 -3.63863e-07 -2.27494e-17)
(-5.13756e-07 -3.4614e-07 -3.74654e-17)
(-5.08156e-07 -3.27317e-07 -1.22068e-17)
(-5.04662e-07 -3.10504e-07 -6.57916e-18)
(-5.02671e-07 -2.93357e-07 2.82119e-18)
(-5.02035e-07 -2.76964e-07 2.79855e-17)
(-5.02791e-07 -2.59296e-07 2.52695e-17)
(-5.04493e-07 -2.4091e-07 4.43419e-18)
(-5.07066e-07 -2.20347e-07 6.55236e-18)
(-5.09562e-07 -1.99037e-07 -7.06878e-18)
(-5.12346e-07 -1.75533e-07 -2.28735e-17)
(-5.1438e-07 -1.51008e-07 1.08585e-16)
(-5.1609e-07 -1.25517e-07 1.04129e-17)
(-5.16383e-07 -9.98495e-08 1.08374e-17)
(-5.19941e-07 -7.30623e-08 -5.51502e-17)
(-5.16351e-07 -4.64374e-08 1.23703e-17)
(-5.08758e-07 -2.88862e-08 5.11421e-17)
(-5.02165e-07 -7.56591e-09 -2.23032e-17)
(-4.97365e-07 7.45555e-09 -2.18132e-17)
(-4.85895e-07 3.20718e-08 8.23845e-18)
(-4.72264e-07 5.48716e-08 -2.5819e-17)
(-4.48887e-07 8.05824e-08 9.4889e-18)
(-4.22407e-07 1.06269e-07 2.09916e-16)
(-3.86912e-07 1.2817e-07 8.09118e-18)
(-3.42701e-07 1.52188e-07 1.24636e-16)
(-2.91056e-07 1.72317e-07 -1.25739e-16)
(-2.31471e-07 1.9986e-07 1.27425e-16)
(-1.64769e-07 2.11039e-07 -1.45945e-16)
(-9.16167e-08 2.15601e-07 -5.57853e-16)
(1.11765e-05 -7.20881e-06 7.15303e-19)
(1.00617e-05 -6.87446e-06 9.89353e-20)
(1.09905e-05 -7.10206e-06 -1.14299e-19)
(1.02424e-05 -6.79064e-06 1.76464e-19)
(9.37449e-06 -6.44581e-06 1.54734e-19)
(8.47483e-06 -6.11918e-06 -1.63242e-19)
(7.57787e-06 -5.79758e-06 -7.01041e-20)
(6.71917e-06 -5.48707e-06 3.45425e-19)
(5.92215e-06 -5.18725e-06 5.48671e-19)
(5.19946e-06 -4.90005e-06 1.25639e-19)
(4.55763e-06 -4.62472e-06 -1.365e-19)
(3.99596e-06 -4.3631e-06 -2.63795e-19)
(3.50894e-06 -4.11417e-06 -2.04978e-19)
(3.08887e-06 -3.87884e-06 5.94319e-20)
(2.7263e-06 -3.65578e-06 7.82009e-19)
(2.4112e-06 -3.4457e-06 -5.25683e-19)
(2.1344e-06 -3.24541e-06 1.68719e-20)
(1.88741e-06 -3.05591e-06 1.18864e-18)
(1.66364e-06 -2.87586e-06 -7.42646e-19)
(1.45737e-06 -2.70557e-06 2.66133e-19)
(1.265e-06 -2.54447e-06 2.85566e-19)
(1.08378e-06 -2.3921e-06 4.33003e-19)
(9.12463e-07 -2.24828e-06 6.70759e-19)
(7.50094e-07 -2.11229e-06 1.53403e-19)
(5.96795e-07 -1.98395e-06 8.12992e-19)
(4.52873e-07 -1.86332e-06 -1.00024e-19)
(3.18973e-07 -1.74961e-06 -2.97128e-18)
(1.9553e-07 -1.64248e-06 6.66551e-19)
(8.3148e-08 -1.54153e-06 -3.93839e-20)
(-1.80742e-08 -1.44633e-06 5.29423e-19)
(-1.08246e-07 -1.35645e-06 -2.33953e-19)
(-1.87769e-07 -1.27163e-06 7.55751e-19)
(-2.57447e-07 -1.19205e-06 -1.13123e-18)
(-3.17699e-07 -1.11661e-06 -1.00285e-18)
(-3.6896e-07 -1.04589e-06 2.08683e-18)
(-4.10864e-07 -9.7937e-07 1.32439e-18)
(-4.43331e-07 -9.16884e-07 2.10614e-18)
(-4.66111e-07 -8.57722e-07 8.02303e-20)
(-4.80391e-07 -8.02566e-07 -4.94953e-20)
(-4.87766e-07 -7.50998e-07 4.61042e-19)
(-4.90734e-07 -7.03154e-07 1.22203e-18)
(-4.9026e-07 -6.58061e-07 -1.7369e-18)
(-4.87267e-07 -6.16719e-07 3.07611e-19)
(-4.81707e-07 -5.78093e-07 -6.98191e-19)
(-4.74897e-07 -5.43177e-07 9.59493e-19)
(-4.66856e-07 -5.10571e-07 1.45971e-17)
(-4.58837e-07 -4.80573e-07 -4.03538e-19)
(-4.50557e-07 -4.5246e-07 -7.03861e-18)
(-4.43372e-07 -4.2743e-07 8.34855e-18)
(-4.36437e-07 -4.03306e-07 -2.14535e-18)
(-4.30852e-07 -3.81448e-07 1.17222e-17)
(-4.25986e-07 -3.61293e-07 -8.68487e-19)
(-4.22569e-07 -3.4221e-07 -1.78237e-17)
(-4.2011e-07 -3.23172e-07 8.02762e-18)
(-4.19034e-07 -3.05465e-07 1.13796e-17)
(-4.19041e-07 -2.8815e-07 -1.2798e-17)
(-4.20231e-07 -2.71551e-07 -4.8617e-18)
(-4.22665e-07 -2.55211e-07 7.64564e-18)
(-4.26274e-07 -2.39107e-07 -1.66442e-17)
(-4.31039e-07 -2.21868e-07 -2.03234e-18)
(-4.36678e-07 -2.04888e-07 -7.58187e-18)
(-4.42959e-07 -1.866e-07 3.31609e-17)
(-4.49237e-07 -1.68488e-07 1.16995e-17)
(-4.55651e-07 -1.4911e-07 1.16091e-17)
(-4.61484e-07 -1.293e-07 -3.06298e-17)
(-4.6683e-07 -1.091e-07 1.67705e-17)
(-4.70708e-07 -8.91226e-08 -1.72888e-17)
(-4.77794e-07 -6.82851e-08 9.88358e-18)
(-4.77055e-07 -4.82001e-08 -3.8388e-17)
(-4.71862e-07 -3.42505e-08 1.59708e-17)
(-4.67941e-07 -1.73081e-08 -1.69872e-18)
(-4.63119e-07 -3.41574e-09 -4.63878e-17)
(-4.57829e-07 8.36819e-09 4.05373e-17)
(-4.44675e-07 2.46981e-08 -1.37195e-17)
(-4.29527e-07 4.19187e-08 -6.17866e-17)
(-4.04251e-07 5.99369e-08 -1.00269e-16)
(-3.72111e-07 7.68242e-08 6.00481e-18)
(-3.33393e-07 9.60113e-08 3.52438e-17)
(-2.86017e-07 1.16186e-07 -2.00792e-17)
(-2.31154e-07 1.36722e-07 -1.85436e-16)
(-1.66908e-07 1.53583e-07 8.38634e-17)
(-9.26873e-08 1.54967e-07 2.66119e-16)
(7.30452e-06 -6.16972e-06 2.21488e-19)
(5.27582e-06 -5.65723e-06 1.52323e-19)
(8.20161e-06 -6.11655e-06 6.13083e-20)
(8.58452e-06 -5.90305e-06 1.88391e-20)
(8.69734e-06 -5.66884e-06 -7.68858e-21)
(8.62421e-06 -5.43971e-06 -1.15091e-19)
(8.39718e-06 -5.21241e-06 9.39423e-21)
(8.05993e-06 -4.98935e-06 1.17631e-19)
(7.64697e-06 -4.771e-06 7.0921e-21)
(7.18642e-06 -4.55624e-06 -4.67622e-20)
(6.70465e-06 -4.34681e-06 -3.8503e-21)
(6.21902e-06 -4.1423e-06 -9.15594e-20)
(5.743e-06 -3.94379e-06 -2.17345e-19)
(5.28489e-06 -3.75141e-06 3.44902e-20)
(4.84981e-06 -3.56538e-06 2.25189e-19)
(4.43991e-06 -3.38652e-06 1.00456e-19)
(4.05514e-06 -3.21436e-06 -4.61292e-19)
(3.69432e-06 -3.04893e-06 -3.42016e-20)
(3.3559e-06 -2.89096e-06 2.46658e-19)
(3.03752e-06 -2.7391e-06 7.8397e-20)
(2.73803e-06 -2.59479e-06 3.87258e-19)
(2.45547e-06 -2.45568e-06 1.85327e-19)
(2.18922e-06 -2.32296e-06 7.33423e-19)
(1.93837e-06 -2.19542e-06 2.09238e-19)
(1.70284e-06 -2.07334e-06 2.21909e-20)
(1.48248e-06 -1.95581e-06 4.91943e-19)
(1.27735e-06 -1.84345e-06 8.04287e-19)
(1.08735e-06 -1.73543e-06 -1.69101e-19)
(9.12115e-07 -1.63198e-06 4.31361e-19)
(7.51152e-07 -1.53279e-06 1.45725e-19)
(6.03579e-07 -1.43784e-06 5.11535e-19)
(4.68795e-07 -1.34681e-06 -6.03508e-19)
(3.46082e-07 -1.26017e-06 6.89227e-19)
(2.35288e-07 -1.17694e-06 4.44842e-19)
(1.36578e-07 -1.09777e-06 9.07501e-20)
(5.06502e-08 -1.02213e-06 1.27066e-18)
(-2.29193e-08 -9.50212e-07 8.34223e-19)
(-8.43982e-08 -8.81489e-07 9.27289e-19)
(-1.35849e-07 -8.16602e-07 6.95707e-19)
(-1.78615e-07 -7.55361e-07 -1.75651e-18)
(-2.14878e-07 -6.97994e-07 -1.05187e-18)
(-2.44917e-07 -6.44328e-07 7.8883e-19)
(-2.6981e-07 -5.94542e-07 -9.50221e-19)
(-2.89594e-07 -5.48172e-07 1.5043e-18)
(-3.05774e-07 -5.05534e-07 9.70545e-19)
(-3.18509e-07 -4.66762e-07 -3.78857e-18)
(-3.29087e-07 -4.31456e-07 5.11361e-18)
(-3.3739e-07 -3.98872e-07 2.91968e-18)
(-3.44557e-07 -3.69552e-07 -4.88531e-18)
(-3.50486e-07 -3.43877e-07 5.84037e-18)
(-3.55934e-07 -3.20282e-07 -8.22255e-19)
(-3.60668e-07 -2.98245e-07 -2.37799e-19)
(-3.65555e-07 -2.78358e-07 1.72904e-18)
(-3.70138e-07 -2.59504e-07 -1.74761e-18)
(-3.74862e-07 -2.42431e-07 1.84314e-18)
(-3.79575e-07 -2.26812e-07 3.24127e-18)
(-3.84769e-07 -2.12526e-07 -3.69053e-18)
(-3.90126e-07 -1.98213e-07 -1.53013e-17)
(-3.96019e-07 -1.84872e-07 9.57281e-18)
(-4.02227e-07 -1.71787e-07 -5.40148e-18)
(-4.08749e-07 -1.59068e-07 -4.4905e-19)
(-4.15425e-07 -1.4613e-07 -1.06107e-17)
(-4.21879e-07 -1.33096e-07 -1.56943e-18)
(-4.28226e-07 -1.19386e-07 1.42467e-17)
(-4.33947e-07 -1.05554e-07 -9.24265e-18)
(-4.39067e-07 -9.12718e-08 -2.11802e-17)
(-4.42622e-07 -7.74632e-08 1.32255e-17)
(-4.49712e-07 -6.35955e-08 1.46922e-17)
(-4.48106e-07 -5.038e-08 -1.36705e-17)
(-4.43207e-07 -4.27663e-08 -1.32191e-17)
(-4.38682e-07 -2.93299e-08 8.90013e-18)
(-4.33902e-07 -1.9193e-08 3.17875e-17)
(-4.26576e-07 -9.24454e-09 3.66674e-17)
(-4.17868e-07 -2.03494e-09 4.75182e-17)
(-4.02956e-07 9.19514e-09 1.59867e-17)
(-3.82469e-07 1.62271e-08 -5.54293e-17)
(-3.55323e-07 2.9198e-08 8.39188e-19)
(-3.22741e-07 4.51213e-08 1.45135e-17)
(-2.80336e-07 5.86672e-08 -2.0618e-17)
(-2.30704e-07 7.77734e-08 9.28504e-17)
(-1.67421e-07 9.13337e-08 -1.67441e-17)
(-9.08022e-08 8.98322e-08 -9.02527e-17)
(-1.18089e-06 -2.55313e-06 8.69441e-20)
(-2.51139e-06 -2.30444e-06 1.05498e-19)
(-1.15899e-07 -2.54165e-06 3.48048e-20)
(8.5294e-07 -2.45626e-06 1.84867e-20)
(1.64941e-06 -2.35453e-06 3.2364e-20)
(2.29633e-06 -2.2602e-06 2.78921e-21)
(2.79998e-06 -2.16695e-06 -7.58113e-20)
(3.17564e-06 -2.07612e-06 -2.7113e-20)
(3.43753e-06 -1.98862e-06 7.33695e-20)
(3.60161e-06 -1.90311e-06 -2.23011e-20)
(3.6844e-06 -1.82062e-06 -2.74557e-20)
(3.70001e-06 -1.74015e-06 1.35724e-20)
(3.66201e-06 -1.66276e-06 -2.42237e-20)
(3.58177e-06 -1.58776e-06 -4.45524e-20)
(3.46913e-06 -1.51568e-06 -3.55776e-20)
(3.33209e-06 -1.44646e-06 1.85528e-20)
(3.17637e-06 -1.37953e-06 6.089e-20)
(3.0075e-06 -1.31527e-06 -6.40664e-20)
(2.82873e-06 -1.25402e-06 -1.21477e-21)
(2.64352e-06 -1.19506e-06 -4.41551e-20)
(2.45439e-06 -1.13876e-06 -8.25187e-20)
(2.26338e-06 -1.08405e-06 -1.03129e-19)
(2.0728e-06 -1.03126e-06 -1.1229e-19)
(1.88465e-06 -9.79935e-07 6.46875e-20)
(1.70056e-06 -9.29807e-07 -8.29784e-20)
(1.52211e-06 -8.80468e-07 -1.36961e-19)
(1.35034e-06 -8.31975e-07 1.49447e-19)
(1.18609e-06 -7.84058e-07 2.07571e-19)
(1.02931e-06 -7.36924e-07 -3.75966e-19)
(8.80354e-07 -6.90988e-07 7.52667e-20)
(7.38901e-07 -6.46232e-07 -9.69532e-20)
(6.05832e-07 -6.02806e-07 9.75166e-20)
(4.81492e-07 -5.61196e-07 -4.57973e-20)
(3.67171e-07 -5.21329e-07 2.08998e-19)
(2.63775e-07 -4.83583e-07 1.70585e-19)
(1.71983e-07 -4.47708e-07 1.4612e-19)
(9.1136e-08 -4.1423e-07 -2.60805e-19)
(2.05266e-08 -3.82997e-07 1.48734e-19)
(-4.14366e-08 -3.54344e-07 -4.07943e-20)
(-9.54527e-08 -3.28237e-07 -1.54643e-19)
(-1.42405e-07 -3.04571e-07 -9.77964e-19)
(-1.82337e-07 -2.83412e-07 -6.82896e-19)
(-2.16034e-07 -2.64665e-07 7.70099e-19)
(-2.44078e-07 -2.48324e-07 -8.34112e-19)
(-2.67529e-07 -2.33802e-07 -1.29291e-18)
(-2.86917e-07 -2.21143e-07 -1.21085e-18)
(-3.03164e-07 -2.10162e-07 -1.84865e-18)
(-3.16714e-07 -2.01071e-07 2.65845e-19)
(-3.28274e-07 -1.92841e-07 1.14534e-18)
(-3.38086e-07 -1.85461e-07 -1.69726e-18)
(-3.46862e-07 -1.79069e-07 -2.06369e-18)
(-3.5467e-07 -1.7307e-07 9.8996e-19)
(-3.62141e-07 -1.67228e-07 1.21562e-18)
(-3.69281e-07 -1.6179e-07 2.56696e-19)
(-3.76371e-07 -1.55879e-07 -3.45165e-18)
(-3.83443e-07 -1.49674e-07 -1.63478e-18)
(-3.90749e-07 -1.43011e-07 -9.8281e-19)
(-3.98224e-07 -1.3626e-07 4.62959e-18)
(-4.0586e-07 -1.28807e-07 -9.05444e-19)
(-4.1376e-07 -1.21174e-07 4.30578e-18)
(-4.21773e-07 -1.13459e-07 -3.92244e-18)
(-4.29803e-07 -1.05187e-07 -4.26836e-18)
(-4.3739e-07 -9.69561e-08 -3.53866e-18)
(-4.44523e-07 -8.83284e-08 -7.79429e-18)
(-4.50565e-07 -7.97841e-08 6.87275e-18)
(-4.55525e-07 -7.14212e-08 2.47141e-18)
(-4.58492e-07 -6.3427e-08 -6.67959e-18)
(-4.65222e-07 -5.5612e-08 8.5632e-19)
(-4.62072e-07 -4.87934e-08 9.89154e-18)
(-4.57333e-07 -4.67177e-08 -4.19166e-18)
(-4.52815e-07 -3.85836e-08 -9.86867e-18)
(-4.46871e-07 -3.18038e-08 -5.60573e-19)
(-4.38322e-07 -2.66362e-08 -7.27197e-18)
(-4.2704e-07 -2.11925e-08 -1.11196e-17)
(-4.12887e-07 -1.92061e-08 1.12277e-17)
(-3.93428e-07 -1.3511e-08 1.16913e-17)
(-3.71273e-07 -6.39295e-09 -2.02967e-19)
(-3.37925e-07 1.41337e-09 6.61525e-19)
(-2.97355e-07 1.10458e-08 1.31727e-17)
(-2.41756e-07 1.77845e-08 -2.24913e-18)
(-1.71606e-07 2.8244e-08 -2.28431e-18)
(-7.9682e-08 2.87678e-08 6.87231e-17)
)
;

boundaryField
{
    inlet
    {
        type            calculated;
        value           nonuniform List<vector> 
23
(
(-1.22206e-07 0.698287 -1.95206e-15)
(-1.98144e-07 0.681792 2.7942e-15)
(-2.0885e-07 0.665062 3.05655e-15)
(-1.60931e-07 0.648929 -5.43763e-15)
(-1.42243e-07 0.633057 4.39402e-16)
(-1.21662e-07 0.61709 -2.31075e-16)
(-1.06935e-07 0.600923 6.30174e-16)
(-9.4359e-08 0.584453 -9.54527e-17)
(-8.4215e-08 0.56749 6.72519e-18)
(-7.59598e-08 0.549681 1.07391e-17)
(-6.91922e-08 0.530589 -5.13724e-16)
(-6.30487e-08 0.509119 1.88946e-15)
(-5.34144e-08 0.484374 1.4542e-15)
(-4.58087e-08 0.451498 -2.34435e-15)
(-5.87717e-08 0.433197 -5.44501e-16)
(-6.91418e-08 0.420388 -1.14367e-16)
(-7.8638e-08 0.402847 5.75755e-16)
(-8.52742e-08 0.381028 6.61892e-16)
(-8.94661e-08 0.355865 -2.15475e-16)
(-9.15624e-08 0.324585 -5.57853e-16)
(-9.26186e-08 0.282458 2.66119e-16)
(-9.07736e-08 0.209282 -9.02527e-17)
(-7.9682e-08 0.0928692 6.87231e-17)
)
;
    }
    outlet
    {
        type            calculated;
        value           nonuniform List<vector> 
82
(
(-0.0165984 -2.55307e-06 8.69441e-20)
(-0.0165333 -2.54158e-06 3.48048e-20)
(-0.0166734 -2.30431e-06 1.05498e-19)
(-0.0164691 -2.45623e-06 1.84867e-20)
(-0.0163997 -2.35448e-06 3.2364e-20)
(-0.0163256 -2.2602e-06 2.78921e-21)
(-0.0162462 -2.16692e-06 -7.58113e-20)
(-0.0161614 -2.07614e-06 -2.7113e-20)
(-0.016071 -1.9886e-06 7.33695e-20)
(-0.0159736 -1.90314e-06 -2.23011e-20)
(-0.015869 -1.8206e-06 -2.74557e-20)
(-0.0157572 -1.7402e-06 1.35724e-20)
(-0.0156378 -1.66274e-06 -2.42237e-20)
(-0.0155098 -1.5878e-06 -4.45524e-20)
(-0.0153725 -1.51567e-06 -3.55776e-20)
(-0.0152257 -1.44651e-06 1.85528e-20)
(-0.015069 -1.37952e-06 6.089e-20)
(-0.0149015 -1.31532e-06 -6.40664e-20)
(-0.0147226 -1.25402e-06 -1.21477e-21)
(-0.0145315 -1.19511e-06 -4.41551e-20)
(-0.0143282 -1.13876e-06 -8.25187e-20)
(-0.0141119 -1.0841e-06 -1.03129e-19)
(-0.0138817 -1.03127e-06 -1.1229e-19)
(-0.0136375 -9.79991e-07 6.46875e-20)
(-0.0133789 -9.29823e-07 -8.29784e-20)
(-0.0131054 -8.80528e-07 -1.36961e-19)
(-0.0128165 -8.31999e-07 1.49447e-19)
(-0.0125121 -7.84124e-07 2.07571e-19)
(-0.0121919 -7.36956e-07 -3.75966e-19)
(-0.0118559 -6.91058e-07 7.52667e-20)
(-0.0115043 -6.46272e-07 -9.69532e-20)
(-0.0111368 -6.02879e-07 9.75166e-20)
(-0.0107544 -5.61241e-07 -4.57973e-20)
(-0.0103572 -5.21403e-07 2.08998e-19)
(-0.00994612 -4.8363e-07 1.70585e-19)
(-0.00952203 -4.4778e-07 1.4612e-19)
(-0.00908567 -4.14278e-07 -2.60805e-19)
(-0.00863815 -3.83065e-07 1.48734e-19)
(-0.00818071 -3.5439e-07 -4.07943e-20)
(-0.00771496 -3.28299e-07 -1.54643e-19)
(-0.00724224 -3.04614e-07 -9.77964e-19)
(-0.00676379 -2.83467e-07 -6.82896e-19)
(-0.00628146 -2.64704e-07 7.70099e-19)
(-0.00579703 -2.4837e-07 -8.34112e-19)
(-0.00531182 -2.33835e-07 -1.29291e-18)
(-0.00482734 -2.21181e-07 -1.21085e-18)
(-0.00434541 -2.1019e-07 -1.84865e-18)
(-0.00386784 -2.011e-07 2.65845e-19)
(-0.00339618 -1.92865e-07 1.14534e-18)
(-0.002932 -1.85484e-07 -1.69726e-18)
(-0.00247715 -1.79089e-07 -2.06369e-18)
(-0.00203322 -1.73087e-07 9.8996e-19)
(-0.00160112 -1.67246e-07 1.21562e-18)
(-0.00118107 -1.61805e-07 2.56696e-19)
(-0.000773404 -1.55897e-07 -3.45165e-18)
(-0.000376727 -1.4969e-07 -1.63478e-18)
(1.06356e-05 -1.43029e-07 -9.8281e-19)
(0.000390553 -1.36276e-07 4.62959e-18)
(0.000764388 -1.28824e-07 -9.05444e-19)
(0.00113224 -1.21189e-07 4.30578e-18)
(0.00149448 -1.13473e-07 -3.92244e-18)
(0.00184859 -1.052e-07 -4.26836e-18)
(0.00219179 -9.69668e-08 -3.53866e-18)
(0.00252032 -8.83381e-08 -7.79429e-18)
(0.00283082 -7.97916e-08 6.87275e-18)
(0.00311758 -7.14282e-08 2.47141e-18)
(0.0033693 -6.34317e-08 -6.67959e-18)
(0.00359095 -5.5617e-08 8.5632e-19)
(0.00377045 -4.87967e-08 9.89154e-18)
(0.00374758 -4.67233e-08 -4.19166e-18)
(0.00391835 -3.85861e-08 -9.86867e-18)
(0.00423352 -3.18062e-08 -5.60573e-19)
(0.00467464 -2.66376e-08 -7.27197e-18)
(0.00517496 -2.11932e-08 -1.11196e-17)
(0.00561341 -1.92082e-08 1.12277e-17)
(0.00562834 -1.35124e-08 1.16913e-17)
(0.00478756 -6.39613e-09 -2.02967e-19)
(0.00393883 1.41144e-09 6.61525e-19)
(0.00155499 1.10442e-08 1.31727e-17)
(-0.00276829 1.77837e-08 -2.24913e-18)
(0.0144041 2.82438e-08 -2.28431e-18)
(-0.0316422 2.87678e-08 6.87231e-17)
)
;
    }
    walls
    {
        type            calculated;
        value           nonuniform List<vector> 0();
    }
    frontAndBack
    {
        type            empty;
    }
    procBoundary3to2
    {
        type            processor;
        value           nonuniform List<vector> 
88
(
(-1.14946e-07 6.36506e-07 -2.34898e-16)
(-8.00081e-08 7.00983e-07 2.95405e-16)
(-1.80131e-07 7.5649e-07 1.13566e-15)
(-1.44546e-07 7.4723e-07 -1.05574e-15)
(-1.44546e-07 7.4723e-07 -1.05574e-15)
(-2.54139e-07 7.67894e-07 -4.39798e-17)
(-2.4221e-07 7.24917e-07 -6.0248e-16)
(-2.4221e-07 7.24917e-07 -6.0248e-16)
(-3.80696e-07 1.20731e-06 2.40492e-16)
(-3.30511e-07 1.04793e-06 1.42937e-16)
(-2.85082e-07 9.01769e-07 1.14937e-15)
(-2.85082e-07 9.01769e-07 1.14937e-15)
(-7.35286e-07 1.82739e-06 2.21348e-16)
(-6.46053e-07 1.65895e-06 3.26059e-16)
(-5.72719e-07 1.55807e-06 -1.38142e-15)
(-5.04337e-07 1.46116e-06 -7.41377e-16)
(-4.43962e-07 1.3228e-06 2.30477e-16)
(-4.43962e-07 1.3228e-06 2.30477e-16)
(-1.77734e-06 2.1216e-06 1.49946e-17)
(-1.47861e-06 2.09904e-06 5.88733e-16)
(-1.25121e-06 2.06002e-06 1.43074e-16)
(-1.05924e-06 1.98842e-06 -3.50266e-16)
(-9.12059e-07 1.87427e-06 7.89151e-16)
(-9.12059e-07 1.87427e-06 7.89151e-16)
(-4.01779e-06 1.61823e-06 2.62077e-16)
(-3.7066e-06 1.68464e-06 -2.05405e-16)
(-3.42025e-06 1.69357e-06 -3.73864e-16)
(-3.11292e-06 1.64261e-06 2.42063e-16)
(-2.8378e-06 1.61766e-06 7.95915e-16)
(-2.51668e-06 1.63403e-06 -1.64763e-16)
(-2.22559e-06 1.62472e-06 9.23906e-16)
(-2.22559e-06 1.62472e-06 9.23906e-16)
(-5.96119e-06 -2.36278e-06 -9.61318e-17)
(-6.00341e-06 -1.95936e-06 1.44927e-16)
(-6.00466e-06 -1.56835e-06 1.59417e-16)
(-5.94968e-06 -1.19505e-06 2.2563e-16)
(-5.85168e-06 -8.49424e-07 -3.93579e-16)
(-5.70695e-06 -5.15572e-07 -2.75424e-16)
(-5.52221e-06 -2.08566e-07 -9.69703e-17)
(-5.30447e-06 9.06621e-08 -3.80036e-16)
(-5.05316e-06 3.545e-07 -8.88725e-16)
(-4.78935e-06 6.04145e-07 7.77687e-16)
(-4.50105e-06 8.13992e-07 -7.74794e-16)
(-4.14512e-06 9.34064e-07 6.17849e-17)
(-4.14512e-06 9.34064e-07 6.17849e-17)
(-1.29633e-05 5.03015e-07 -2.17352e-17)
(-9.32765e-06 -4.59925e-07 -2.94017e-17)
(-6.31352e-06 4.43499e-08 -1.16943e-17)
(-3.70327e-06 -1.41263e-07 1.04532e-17)
(-1.49224e-06 -5.30998e-07 -1.1167e-17)
(3.65816e-07 -1.08903e-06 4.71179e-17)
(1.86595e-06 -1.63038e-06 6.12816e-18)
(3.04718e-06 -2.1738e-06 -3.3961e-17)
(3.93234e-06 -2.67707e-06 -1.95459e-18)
(4.5614e-06 -3.21059e-06 3.66864e-17)
(4.95853e-06 -3.69472e-06 -1.17794e-18)
(5.15921e-06 -4.16646e-06 -3.8264e-18)
(5.18963e-06 -4.55276e-06 -4.74841e-17)
(5.07958e-06 -4.91405e-06 -6.81813e-19)
(4.85462e-06 -5.19593e-06 -7.11782e-17)
(4.53669e-06 -5.44839e-06 -3.587e-17)
(4.15031e-06 -5.62102e-06 -1.69957e-17)
(3.70966e-06 -5.76479e-06 1.59786e-17)
(3.23466e-06 -5.84371e-06 -3.66984e-17)
(2.73422e-06 -5.89675e-06 6.3379e-17)
(2.22535e-06 -5.88237e-06 -9.27531e-17)
(1.71054e-06 -5.84946e-06 -6.27508e-17)
(1.20155e-06 -5.7777e-06 5.21863e-17)
(6.96862e-07 -5.69791e-06 -4.33505e-17)
(2.07937e-07 -5.57289e-06 1.73054e-17)
(-2.69786e-07 -5.44651e-06 -6.12275e-17)
(-7.31018e-07 -5.30081e-06 3.96067e-17)
(-1.18406e-06 -5.1851e-06 5.00687e-18)
(-1.61805e-06 -5.04105e-06 3.62608e-17)
(-2.04067e-06 -4.92601e-06 1.15371e-16)
(-2.44737e-06 -4.80332e-06 -9.17017e-17)
(-2.83615e-06 -4.68284e-06 2.76275e-20)
(-3.21257e-06 -4.54824e-06 -1.38993e-16)
(-3.56816e-06 -4.4167e-06 1.09886e-17)
(-3.90802e-06 -4.24764e-06 2.36084e-17)
(-4.217e-06 -4.07051e-06 -9.57419e-17)
(-4.50778e-06 -3.84979e-06 1.49496e-16)
(-4.76434e-06 -3.6301e-06 3.15566e-17)
(-4.98443e-06 -3.39118e-06 4.55274e-17)
(-5.20616e-06 -3.14822e-06 -9.9408e-18)
(-5.37878e-06 -2.83966e-06 -9.15836e-17)
(-5.16591e-06 -2.57175e-06 2.42774e-17)
(-5.16591e-06 -2.57175e-06 2.42774e-17)
)
;
    }
    procBoundary3to6
    {
        type            processor;
        value           uniform (-1.86471e-05 4.39704e-06 -1.68647e-17);
    }
    procBoundary3to7
    {
        type            processor;
        value           nonuniform List<vector> 
16
(
(-3.56106e-05 2.32435e-05 -1.75115e-17)
(-3.62991e-05 2.67061e-05 1.5471e-17)
(-2.92413e-05 2.45153e-05 -8.97754e-18)
(-1.55459e-05 1.77629e-05 8.71041e-18)
(1.133e-06 6.66398e-06 -7.3205e-18)
(1.43965e-05 -3.99664e-06 -4.31912e-18)
(1.67564e-05 -1.35636e-05 -2.50626e-19)
(7.16648e-06 -1.23114e-05 1.08094e-18)
(7.16648e-06 -1.23114e-05 1.08094e-18)
(-2.72335e-06 -6.66124e-06 -1.76917e-18)
(-1.55904e-06 -3.61344e-06 2.06006e-18)
(3.55455e-06 -2.903e-06 -4.1288e-19)
(7.31636e-06 -3.86071e-06 -3.5989e-19)
(6.56957e-06 -4.96325e-06 -4.19989e-19)
(2.6592e-06 -4.02927e-06 -5.92228e-21)
(-2.69249e-06 -1.93503e-06 -8.8025e-21)
)
;
    }
}


// ************************************************************************* //
