/*--------------------------------*- C++ -*----------------------------------*\
| =========                 |                                                 |
| \\      /  F ield         | OpenFOAM: The Open Source CFD Toolbox           |
|  \\    /   O peration     | Version:  2306                                  |
|   \\  /    A nd           | Website:  www.openfoam.com                      |
|    \\/     M anipulation  |                                                 |
\*---------------------------------------------------------------------------*/
FoamFile
{
    version     2.0;
    format      ascii;
    arch        "LSB;label=32;scalar=64";
    class       volScalarField;
    location    "550";
    object      p;
}
// * * * * * * * * * * * * * * * * * * * * * * * * * * * * * * * * * * * * * //

dimensions      [0 2 -2 0 0 0 0];

internalField   nonuniform List<scalar> 
10720
(
-62.2776
-133.564
-217.413
-300.051
-376.411
-454.199
-523.214
-581.158
-631.495
-670.881
-700.87
-722.955
-738.265
-747.525
-750.913
-747.779
-739.031
-723.619
-702.967
-677.138
-649.492
-623.084
-600.479
-573.519
-533.278
-482.199
-429.826
-384.23
-344.985
-308.068
-271.575
-235.415
-199.629
-163.849
-127.67
-90.0581
-51.5573
-6.92265
26.0012
9.08988
74.1314
143.469
208.204
263.523
305.438
330.179
338.464
336.064
323.159
302.13
278.586
255.041
232.258
210.877
190.764
171.976
154.079
136.804
119.661
102.596
85.3013
67.868
50.7083
35.6902
23.8542
14.1398
6.25848
0.395358
-3.48429
-5.62873
-6.1862
-5.23939
-2.79454
1.15706
6.96895
15.215
29.1388
52.829
43.2076
-10.9471
-71.6195
-136.059
-202.278
-270.053
-335.832
-397.536
-454.483
-504.915
-548.622
-585.61
-615.787
-639.149
-655.514
-664.58
-667.098
-662.953
-653.196
-638.374
-621.135
-603.84
-587.569
-565.161
-528.406
-479.358
-428.217
-383.16
-344.103
-307.264
-270.8
-234.676
-198.963
-163.277
-127.205
-89.6903
-51.2684
-6.61829
25.6917
91.9379
138.389
184.723
229.415
268.801
300.267
320.675
329.369
327.941
317.252
300.069
279.872
258.609
237.222
216.418
196.444
177.431
159.196
141.542
124.141
106.892
89.5897
72.3168
55.498
40.6059
28.5675
18.7001
10.5894
4.19928
-0.370034
-3.13141
-4.1794
-3.61753
-1.47858
2.23622
7.87121
15.9845
29.8297
52.5889
56.9863
8.32956
-46.4568
-106.947
-169.664
-233.946
-298.228
-359.851
-417.231
-469.369
-515.015
-553.613
-584.858
-608.94
-626.095
-636.738
-640.9
-638.642
-630.611
-617.532
-601.265
-583.841
-566.418
-544.536
-511.357
-467.257
-420.362
-377.833
-340.185
-304.371
-268.755
-233.277
-197.984
-162.551
-126.646
-89.2648
-50.9482
-6.36873
25.8139
100.893
143.55
185.977
226.146
260.846
288.457
306.875
315.793
315.951
308.014
294.061
276.444
256.946
236.734
216.619
197.036
178.184
160.03
142.43
125.14
108.028
90.9528
73.978
57.4855
42.6383
30.3397
20.2187
11.9202
5.43034
0.836483
-1.92477
-3.0113
-2.54105
-0.528278
3.05778
8.57926
16.6043
30.3151
52.1926
79.594
38.8055
-7.79064
-59.0333
-112.832
-169.118
-226.226
-282.398
-336.307
-386.798
-432.75
-473.433
-508.383
-537.45
-560.508
-577.683
-588.521
-592.981
-591.376
-584.319
-573.099
-559.262
-543.644
-523.379
-493.54
-454.077
-411.205
-371.128
-334.896
-300.198
-265.571
-230.92
-196.302
-161.407
-125.894
-88.7846
-50.6492
-6.26942
26.0198
116.129
151.215
186.409
220.361
250.079
274.299
291.207
300.32
301.883
296.361
285.347
270.587
253.541
235.309
216.68
198.137
179.955
162.218
144.872
127.77
110.812
93.923
77.1754
60.9278
46.1395
33.6603
23.3229
14.804
8.05986
3.15216
0.0248281
-1.42658
-1.27798
0.475892
3.86987
9.25549
17.1818
30.7194
51.7482
85.7196
49.4036
7.72145
-38.4509
-87.0599
-138.517
-191.447
-244.241
-295.888
-345.229
-391.119
-432.748
-469.436
-500.687
-526.198
-545.661
-558.824
-565.694
-566.507
-561.885
-552.847
-540.68
-526.028
-506.852
-479.341
-443.144
-403.153
-364.862
-329.682
-295.862
-262.076
-228.182
-194.222
-159.895
-124.873
-88.1853
-50.3581
-6.31145
26.0837
118.33
149.48
180.809
211.03
237.501
259.35
275.182
284.416
287.082
283.599
275.12
262.959
248.258
231.978
214.87
197.443
180.031
162.815
145.826
129.008
112.304
95.6858
79.2365
63.2882
48.6328
36.0437
25.5127
16.7827
9.81507
4.67761
1.34374
-0.272183
-0.252086
1.39372
4.69332
9.99207
17.8263
31.1547
51.2951
89.5114
57.3592
20.2623
-20.7988
-64.0394
-110.16
-157.878
-205.915
-253.531
-299.668
-343.358
-383.832
-420.353
-452.325
-479.319
-500.96
-517.129
-527.629
-532.466
-532.004
-526.918
-518.102
-505.959
-489.016
-464.365
-431.583
-394.625
-358.369
-324.446
-291.578
-258.609
-225.421
-192.08
-158.306
-123.771
-87.5332
-50.0963
-6.52476
25.9693
118.385
145.862
173.697
200.747
224.57
244.522
259.472
268.741
272.236
270.374
263.999
254.126
241.648
227.365
211.951
195.887
179.524
163.091
146.691
130.336
114.02
97.7571
81.6484
66.0092
51.5147
38.8679
28.1812
19.2746
12.1146
6.76535
3.21284
1.37365
1.17077
2.60086
5.70598
10.8364
18.5155
31.5748
50.8024
89.4309
60.4133
26.8447
-10.3448
-49.4309
-91.3473
-134.958
-179.141
-223.402
-266.805
-308.508
-347.826
-384.011
-416.413
-444.516
-467.867
-486.058
-498.824
-506.016
-507.912
-505.056
-498.151
-487.519
-472.15
-449.868
-420.17
-386.116
-351.902
-319.271
-287.372
-255.232
-222.733
-189.964
-156.699
-122.653
-86.9031
-49.927
-6.94674
25.6505
115.516
140.261
165.456
190.042
211.779
230.21
244.408
253.629
257.737
257.144
252.491
244.574
234.096
221.701
207.968
193.32
178.099
162.559
146.852
131.047
115.19
99.3341
83.6018
68.2944
53.9977
41.3506
30.5493
21.4893
14.1479
8.58853
4.81181
2.75276
2.34625
3.59776
6.55387
11.5584
19.112
31.8977
50.2353
87.751
61.4114
30.8775
-2.91982
-38.3451
-76.4567
-116.208
-156.623
-197.38
-237.677
-276.791
-314.149
-349.061
-380.891
-409.08
-433.118
-452.541
-467.112
-476.627
-481.152
-480.986
-476.559
-468.031
-454.673
-434.887
-408.21
-377.018
-344.909
-313.677
-282.847
-251.625
-219.902
-187.774
-155.05
-121.496
-86.2557
-49.8318
-7.56137
25.0755
111.464
133.911
156.893
179.43
199.432
216.602
230.124
239.226
243.784
244.171
240.906
234.634
225.911
215.255
203.144
189.937
175.942
161.417
146.534
131.404
116.113
100.75
85.4544
70.5177
56.4643
43.8773
33.0104
23.831
16.3345
10.587
6.60454
4.33836
3.73139
4.79292
7.5757
12.4188
19.8022
32.2467
49.6662
84.8552
60.7369
32.7452
1.78485
-30.565
-65.4271
-101.856
-138.969
-176.589
-214.018
-250.652
-286.028
-319.523
-350.543
-378.537
-402.968
-423.342
-439.293
-450.533
-456.958
-458.734
-456.155
-449.31
-437.682
-420.103
-396.153
-367.643
-337.609
-307.816
-278.095
-247.826
-216.916
-185.469
-153.331
-120.296
-85.5739
-49.7483
-8.27421
24.2253
106.6
127.152
148.297
169.117
187.655
203.756
216.661
225.598
230.47
231.611
229.46
224.553
217.345
208.248
197.652
185.848
173.101
159.649
145.668
131.295
116.644
101.833
87.0187
72.4849
58.7111
46.2342
35.345
26.0757
18.4447
12.5228
8.34094
5.86736
5.05699
5.92703
8.53711
13.2195
20.4286
32.5138
49.0374
81.3073
59.0957
33.2985
4.80069
-24.8804
-56.8924
-90.3556
-124.475
-159.174
-193.839
-227.975
-261.214
-293.004
-322.826
-350.151
-374.442
-395.189
-411.987
-424.529
-432.603
-436.214
-435.491
-430.421
-420.606
-405.198
-383.84
-357.915
-329.961
-301.666
-273.104
-243.827
-213.766
-183.036
-151.517
-119.039
-84.8617
-49.6481
-9.02712
23.1494
101.369
120.305
139.881
159.228
176.509
191.676
204.014
212.753
217.831
219.549
218.288
214.506
208.587
200.865
191.655
181.184
169.672
157.323
144.303
130.758
116.821
102.628
88.3478
74.2592
60.8092
48.4975
37.6373
28.3162
20.5796
14.5057
10.1403
7.47024
6.46199
7.13919
9.56885
14.0743
21.0833
32.7618
48.3783
77.3742
56.8084
32.9127
6.55039
-20.8104
-50.3306
-81.1836
-112.646
-144.699
-176.814
-208.586
-239.733
-269.771
-298.249
-324.689
-348.578
-369.41
-386.751
-400.239
-409.584
-414.648
-415.457
-411.945
-403.792
-390.381
-371.413
-347.928
-322.017
-295.248
-267.885
-239.635
-210.457
-180.479
-149.612
-117.724
-84.1276
-49.5266
-9.82881
21.9137
95.9808
113.528
131.747
149.817
166.003
180.341
192.148
200.671
205.871
208.026
207.471
204.614
199.786
193.261
185.297
176.067
165.743
154.492
142.463
129.794
116.625
103.103
89.4026
75.7964
62.7098
50.6122
39.8283
30.4917
22.6764
16.4708
11.9354
9.07545
7.87175
8.35524
10.601
14.9218
21.7163
32.9616
47.6837
73.2593
54.1362
31.9115
7.42755
-17.8964
-45.2149
-73.7453
-102.821
-132.472
-162.231
-191.766
-220.867
-249.119
-276.14
-301.501
-324.726
-345.332
-362.873
-376.959
-387.274
-393.553
-395.73
-393.677
-387.12
-375.597
-358.861
-337.686
-313.778
-288.564
-262.439
-235.251
-206.994
-177.8
-147.62
-116.356
-83.3803
-49.4025
-10.6955
20.5446
90.595
106.93
123.959
140.903
156.125
169.714
181.02
189.316
194.572
197.053
197.061
194.961
191.049
185.558
178.7
170.606
161.403
151.224
140.19
128.425
116.066
103.261
90.1831
77.0988
64.4164
52.5815
41.9231
32.6112
24.7487
18.4361
13.7488
10.7109
9.31806
9.60826
11.6649
15.7885
22.3472
33.1259
46.9586
69.0921
51.2419
30.4981
7.6779
-15.8446
-41.2079
-67.6686
-94.6025
-122.081
-149.687
-177.141
-204.295
-230.794
-256.32
-280.502
-302.906
-323.079
-340.584
-355.002
-366.008
-373.244
-376.563
-375.798
-370.702
-360.919
-346.242
-327.235
-305.273
-281.624
-256.769
-230.676
-203.371
-174.999
-145.541
-114.935
-82.6191
-49.297
-11.6283
19.0477
85.3008
100.571
116.542
132.481
146.845
159.753
170.585
178.646
183.91
186.63
187.082
185.601
182.456
177.853
171.968
164.898
156.738
147.585
137.53
126.679
115.155
103.099
90.6794
78.1533
65.9133
54.3859
43.8999
34.6528
26.7747
20.3805
15.56
12.3558
10.78
10.8779
12.7417
16.6582
22.9642
33.2504
46.2054
64.9588
48.2428
28.8227
7.48906
-14.4266
-38.0425
-62.6496
-87.656
-113.167
-138.804
-164.328
-189.642
-214.447
-238.477
-261.419
-282.887
-302.457
-319.714
-334.23
-345.677
-353.65
-357.923
-358.297
-354.539
-346.363
-333.586
-316.61
-296.527
-274.442
-250.88
-225.909
-199.589
-172.073
-143.371
-113.459
-81.8408
-49.2172
-12.624
17.4377
80.1611
94.4803
109.508
124.542
138.134
150.414
160.796
168.62
173.852
176.744
177.546
176.57
174.066
170.22
165.184
159.031
151.827
143.64
134.533
124.587
113.908
102.625
90.8923
78.9563
67.1944
56.0171
45.749
36.6078
28.7479
22.2995
17.3669
14.011
12.2606
12.1686
13.8359
17.5347
23.5694
33.3388
45.4282
60.9152
45.2193
26.9903
6.99452
-13.4803
-35.5268
-58.4629
-81.7322
-105.457
-129.29
-153.034
-176.627
-199.816
-222.386
-244.07
-264.53
-283.38
-300.231
-314.665
-326.345
-334.853
-339.894
-341.247
-338.687
-331.974
-320.937
-305.851
-287.568
-267.033
-244.78
-220.954
-195.648
-169.021
-141.111
-111.927
-81.0439
-49.1585
-13.68
15.7272
75.2129
88.6774
102.852
117.067
129.955
141.654
151.61
159.194
164.368
167.375
168.452
167.886
165.918
162.718
158.419
153.08
146.744
139.454
131.25
122.186
112.349
101.848
90.8246
79.5051
68.2527
57.4642
47.457
38.4621
30.6549
24.1809
19.1587
15.6667
13.7512
13.4726
14.9407
18.4121
24.1586
33.3915
44.6306
56.9983
42.2274
25.0771
6.2931
-12.8821
-33.5086
-54.9326
-76.6285
-98.7284
-120.913
-143.017
-165.007
-186.667
-207.825
-228.26
-247.674
-265.723
-282.048
-296.25
-307.983
-316.848
-322.491
-324.672
-323.173
-317.781
-308.332
-294.997
-278.429
-259.418
-238.48
-215.817
-191.549
-165.842
-138.758
-110.339
-80.228
-49.1179
-14.7896
13.9223
70.4771
83.1681
96.5659
110.033
122.275
133.435
142.987
150.33
155.424
158.504
159.794
159.562
158.04
155.388
151.727
147.105
141.55
135.086
127.73
119.515
110.504
100.786
90.4823
79.8
69.0854
58.7203
49.0139
40.2048
32.4851
26.0151
20.9273
17.3169
15.2472
14.7869
16.0539
19.2888
24.7309
33.4109
43.8167
53.2331
39.3039
23.1362
5.45718
-12.5391
-31.8746
-51.9264
-72.1905
-92.809
-113.487
-134.082
-154.58
-174.803
-194.611
-213.823
-232.182
-249.382
-265.095
-278.946
-290.589
-299.654
-305.747
-308.611
-308.034
-303.822
-295.811
-284.089
-269.143
-251.617
-231.992
-210.504
-187.295
-162.537
-136.314
-108.694
-79.3928
-49.0928
-15.9448
12.0295
65.9643
77.952
90.6381
103.418
115.064
125.718
134.887
141.991
146.987
150.108
151.56
151.599
150.449
148.262
145.152
141.16
136.303
130.591
124.024
116.615
108.404
99.4585
89.8773
79.8457
69.6907
59.7793
50.4102
41.8244
34.2269
27.7912
22.663
18.9531
16.7417
16.1057
17.1705
20.1607
25.2841
33.3991
42.9904
49.6336
36.4746
21.2099
4.53965
-12.3785
-30.5382
-49.336
-68.295
-87.5592
-106.856
-126.059
-145.177
-164.053
-182.583
-200.612
-217.923
-234.249
-249.289
-262.698
-274.136
-283.265
-289.672
-293.086
-293.298
-290.128
-283.411
-273.167
-259.744
-243.656
-225.333
-205.025
-182.893
-159.109
-133.777
-106.992
-78.5367
-49.0827
-17.1367
10.0598
61.6784
73.0213
85.0522
97.1972
108.291
118.471
127.274
134.141
139.03
142.163
143.737
143.995
143.155
141.363
138.728
135.286
131.049
126.017
120.177
113.525
106.08
97.8877
89.0241
79.6495
70.0705
60.638
51.6383
43.3111
35.8698
29.499
24.3564
20.5673
18.2278
17.4236
18.2861
21.0249
25.8164
33.3586
42.1568
46.2067
33.7575
19.323
3.58291
-12.349
-29.429
-47.079
-64.8414
-82.866
-100.894
-118.816
-136.654
-154.275
-171.595
-188.492
-204.778
-220.22
-234.551
-247.452
-258.599
-267.675
-274.277
-278.118
-278.992
-276.73
-271.167
-262.269
-250.269
-235.562
-218.519
-199.391
-178.347
-155.561
-131.15
-105.233
-77.6588
-49.0855
-18.3564
8.0252
57.6188
68.3674
79.7921
91.3488
101.925
111.66
120.114
126.749
131.52
134.644
136.309
136.744
136.162
134.705
132.478
129.517
125.829
121.408
116.233
110.284
103.564
96.0983
87.9385
79.221
70.2293
61.2955
52.6929
44.6564
37.4036
31.1279
25.9975
22.1506
19.6979
18.7343
19.3958
21.8775
26.3264
33.2919
41.3201
42.9561
31.1633
17.4965
2.61491
-12.4079
-28.4953
-45.0885
-61.7532
-78.6381
-95.499
-112.238
-128.89
-145.339
-161.522
-177.341
-192.635
-207.202
-220.805
-233.152
-243.94
-252.868
-259.564
-263.719
-265.136
-263.655
-259.116
-251.435
-240.754
-227.363
-211.571
-193.615
-173.666
-151.896
-128.433
-103.416
-76.7571
-49.0983
-19.5953
5.93873
53.7814
63.9802
74.8418
85.8506
95.9418
105.255
113.376
119.784
124.432
127.532
129.261
129.837
129.47
128.299
126.423
123.879
120.676
116.802
112.229
106.93
100.89
94.1173
86.6414
78.5741
70.1736
61.7527
53.5701
45.8529
38.8192
32.6682
27.5765
23.6938
21.144
20.0314
20.4943
22.715
26.8125
33.2018
40.4849
39.881
28.6979
15.7444
1.65896
-12.5242
-27.6942
-43.3133
-58.9662
-74.8006
-90.5852
-106.234
-121.787
-137.146
-152.262
-167.059
-181.4
-195.11
-207.977
-219.741
-230.12
-238.826
-245.525
-249.896
-251.747
-250.931
-247.287
-240.701
-231.235
-219.09
-204.511
-187.713
-168.86
-148.121
-125.629
-101.542
-75.8293
-49.117
-20.8439
3.81469
50.1615
59.8484
70.1849
80.6809
90.3168
99.2308
107.034
113.22
117.741
120.803
122.575
123.266
123.078
122.147
120.574
118.394
115.617
112.23
108.202
103.496
98.0894
91.9721
85.1546
77.7236
69.9122
62.013
54.2683
46.8951
40.1083
34.1102
29.0836
25.1879
22.5581
21.3076
21.5759
23.5335
27.2733
33.0911
39.6557
36.9794
26.3644
14.0749
0.730824
-12.6732
-26.9933
-41.7104
-56.4286
-71.291
-86.0818
-100.722
-115.258
-129.603
-143.721
-157.554
-170.983
-183.861
-195.999
-207.163
-217.096
-225.524
-232.15
-236.651
-238.837
-238.577
-235.712
-230.101
-221.748
-210.773
-197.364
-181.701
-163.941
-144.241
-122.742
-99.6113
-74.8735
-49.1369
-22.0922
1.668
46.7513
55.9606
65.805
75.8198
85.0268
93.5635
101.062
107.031
111.423
114.438
116.236
117.017
116.978
116.253
114.94
113.078
110.675
107.72
104.18
100.015
95.1926
89.6897
83.4996
76.6858
69.4566
62.0823
54.7882
47.7791
41.2642
35.4453
30.5096
26.6235
23.9316
22.5556
22.635
24.3292
27.7078
32.9623
38.837
34.2474
24.1628
12.4945
-0.157368
-12.838
-26.3667
-40.247
-54.0983
-68.062
-81.9314
-95.6371
-109.229
-122.63
-135.816
-148.741
-161.306
-173.382
-184.805
-195.365
-204.829
-212.936
-219.426
-223.982
-226.417
-226.612
-224.415
-219.669
-212.327
-202.445
-190.153
-175.599
-158.921
-140.266
-119.775
-97.6248
-73.887
-49.1526
-23.3309
-0.487251
43.5423
52.3058
61.6881
71.2491
80.0516
88.2302
95.4373
101.195
105.456
108.417
110.228
111.079
111.165
110.616
109.527
107.939
105.865
103.292
100.189
96.5143
92.2278
87.2968
81.6999
75.4799
68.82
61.9682
55.1323
48.5029
42.2811
36.6658
31.8453
27.9913
25.2559
23.7678
23.6653
25.0979
28.1147
32.818
38.0331
31.6798
22.0922
11.0061
-0.997702
-13.003
-25.7945
-38.8957
-51.9419
-65.0705
-78.0869
-90.926
-103.641
-116.163
-128.478
-140.551
-152.297
-163.606
-174.333
-184.293
-193.273
-201.03
-207.333
-211.88
-214.489
-215.048
-213.419
-209.433
-203.005
-194.138
-182.907
-169.427
-153.814
-136.204
-116.734
-95.5835
-72.8676
-49.1577
-24.5492
-2.63553
40.5268
48.8712
57.8192
66.9526
75.372
83.2093
90.1364
95.6892
99.8215
102.722
104.534
105.44
105.63
105.23
104.334
102.987
101.2
98.9658
96.2529
93.0189
89.221
84.8188
79.7787
74.1249
68.0169
61.6802
55.3046
49.0663
43.1553
37.7648
33.0826
29.2827
26.5223
24.9363
24.6607
25.8359
28.493
32.6607
37.2478
29.2701
20.1503
9.61107
-1.78478
-13.1576
-25.2605
-37.6343
-49.9304
-62.2829
-74.5061
-86.5401
-98.4401
-110.145
-121.647
-132.92
-143.893
-154.471
-164.528
-173.897
-182.387
-189.775
-195.852
-200.337
-203.053
-203.897
-202.744
-199.421
-193.813
-185.88
-175.652
-163.206
-148.639
-132.067
-113.623
-93.4891
-71.8121
-49.1459
-25.7368
-4.7619
37.696
45.6465
54.1843
62.9127
70.9689
78.4812
85.1404
90.4952
94.4991
97.3347
99.1404
100.089
100.364
100.092
99.3638
98.2249
96.6907
94.7545
92.3879
89.5499
86.1956
82.2791
77.7577
72.6401
67.0625
61.2294
55.3118
49.4708
43.8841
38.7372
34.214
30.489
27.7224
26.0535
25.6151
26.539
28.8418
32.4924
36.4845
27.0126
18.3335
8.30914
-2.51517
-13.295
-24.7527
-36.4463
-48.0424
-59.6713
-71.1557
-82.4413
-93.5824
-104.525
-115.269
-125.793
-136.038
-145.922
-155.336
-164.129
-172.132
-179.14
-184.961
-189.342
-192.107
-193.167
-192.407
-189.657
-184.78
-177.701
-168.413
-156.959
-143.409
-127.865
-110.45
-91.3424
-70.7186
-49.1094
-26.8832
-6.85112
35.0415
42.6202
50.7701
59.1143
66.8258
74.0287
80.4302
85.5936
89.4711
92.2398
94.0316
95.0115
95.3589
95.1958
94.6122
93.6549
92.3417
90.6683
88.6095
86.1258
83.1722
79.6992
75.6582
71.044
65.9731
60.6276
55.1614
49.7195
44.4667
39.5784
35.2329
31.6025
28.8482
27.1117
26.522
27.2032
29.1599
32.315
35.7464
24.901
16.6372
7.09936
-3.18669
-13.409
-24.2611
-35.3175
-46.2588
-57.2119
-68.0069
-78.5953
-89.0301
-99.2639
-109.298
-119.122
-128.682
-137.91
-146.709
-154.946
-162.469
-169.091
-174.636
-178.877
-181.646
-182.86
-182.421
-180.162
-175.932
-169.631
-161.219
-150.709
-138.146
-123.612
-107.221
-89.1475
-69.5839
-49.0415
-27.9795
-8.88795
32.5543
39.7817
47.5642
55.5442
62.9274
69.8354
75.9895
80.9675
84.7209
87.4212
89.1938
90.1964
90.6033
90.5336
90.0758
89.2771
88.1577
86.716
84.9296
82.7618
80.1686
77.0992
73.5003
69.3566
64.7652
59.8882
54.8622
49.8174
44.9039
40.286
36.1339
32.6162
29.8919
28.1035
27.3756
27.8246
29.4464
32.1299
35.0357
22.9284
15.0577
5.97895
-3.79821
-13.4962
-23.7785
-34.2364
-44.5651
-54.8856
-65.0372
-74.9749
-84.7517
-94.3233
-103.697
-112.864
-121.781
-130.39
-138.604
-146.307
-153.361
-159.597
-164.852
-168.929
-171.66
-172.977
-172.795
-170.952
-167.292
-161.694
-154.095
-144.478
-132.866
-119.322
-103.946
-86.9053
-68.4062
-48.9355
-29.0146
-10.8586
30.2259
37.1209
44.5552
52.1885
59.2591
65.8858
71.8022
76.6009
80.2329
82.8639
84.6135
85.6319
86.0885
86.0988
85.75
85.0898
84.1402
82.9024
81.357
79.4703
77.2001
74.4964
71.3027
67.5953
63.4548
59.0245
54.4247
49.7705
45.1978
40.8583
36.9131
33.5237
30.8463
29.0221
28.1698
28.3995
29.7002
31.9384
34.3543
21.088
13.5897
4.94571
-4.35028
-13.5539
-23.2998
-33.1946
-42.9481
-52.6762
-62.2262
-71.5553
-80.7178
-89.6725
-98.4284
-106.982
-115.297
-123.321
-130.981
-138.172
-144.771
-150.627
-155.585
-159.476
-162.141
-163.517
-163.535
-162.044
-158.881
-153.917
-147.066
-138.29
-127.589
-115.007
-100.632
-84.62
-67.183
-48.7821
-29.9801
-12.7496
28.0484
34.6279
41.7315
49.0345
55.8071
62.1648
67.8535
72.4788
75.9924
78.554
80.2774
81.3057
81.8035
81.883
81.6285
81.0895
80.2889
79.2305
77.8982
76.2613
74.2803
71.9061
69.0815
65.7768
62.0576
58.05
53.8593
49.5863
45.3522
41.2958
37.5672
34.3203
31.7053
29.8607
28.8992
28.9241
29.9202
31.7409
33.7033
19.3734
12.228
3.99658
-4.84404
-13.5805
-22.82
-32.1848
-41.3974
-50.5696
-59.5557
-68.3165
-76.9046
-85.283
-93.4623
-101.443
-109.192
-116.668
-123.804
-130.508
-136.669
-142.15
-146.811
-150.503
-153.075
-154.475
-154.645
-153.447
-150.717
-146.32
-140.155
-132.166
-122.333
-110.684
-97.2895
-82.2954
-65.9126
-48.5764
-30.8663
-14.5486
26.0136
32.2932
39.0825
46.0711
52.5591
58.6594
64.1295
68.5874
71.9857
74.4782
76.173
77.2068
77.7382
77.8774
77.7054
77.2724
76.6029
75.7021
74.5577
73.1423
71.4191
69.3412
66.8517
63.9166
60.5889
56.9788
53.1777
49.2729
45.3718
41.5997
38.095
35.0018
32.4635
30.6135
29.5585
29.3948
30.1052
31.5377
33.0829
17.7782
10.968
3.1279
-5.28076
-13.5755
-22.3367
-31.2016
-39.9053
-48.5553
-57.0129
-65.2413
-73.2922
-81.1321
-88.7725
-96.2165
-103.437
-110.397
-117.039
-123.28
-129.021
-134.14
-138.505
-141.989
-144.45
-145.844
-146.126
-145.169
-142.814
-138.922
-133.384
-126.127
-117.118
-106.365
-93.928
-79.9352
-64.594
-48.3112
-31.6658
-16.2448
24.1138
30.1086
36.5983
43.287
49.503
55.3571
60.6168
64.9139
68.2002
70.6241
72.2885
73.3238
73.8832
74.0734
73.9735
73.6333
73.0789
72.317
71.3384
70.1191
68.6255
66.813
64.6264
62.029
59.063
55.8241
52.3913
48.8396
45.2628
41.773
38.496
35.5657
33.1165
31.2756
30.1433
29.8085
30.2539
31.3286
32.4929
16.2959
9.80428
2.33622
-5.66255
-13.5392
-21.848
-30.2409
-38.4655
-46.6244
-54.5856
-62.3152
-69.8633
-77.1994
-84.3358
-91.2785
-98.0039
-104.48
-110.656
-116.459
-121.801
-126.569
-130.645
-133.915
-136.252
-137.617
-137.977
-137.216
-135.184
-131.74
-126.771
-120.194
-111.962
-102.068
-90.5572
-77.5444
-63.2269
-47.9808
-32.3713
-17.8285
22.3416
28.0655
34.2695
40.6714
46.6277
52.2459
57.3037
61.4456
64.6231
66.9796
68.6126
69.6464
70.2286
70.4627
70.4255
70.1671
69.7134
69.074
68.2416
67.1956
65.9058
64.3305
62.4169
60.1267
57.493
54.5989
51.5119
48.2958
45.0321
41.8195
38.7717
36.0106
33.6612
31.843
30.6495
30.1622
30.365
31.1129
31.932
14.9204
8.73187
1.61778
-5.99161
-13.4719
-21.3523
-29.2991
-37.0714
-44.768
-52.2627
-59.5247
-66.6019
-73.4668
-80.1326
-86.6062
-92.8681
-98.8909
-104.63
-110.02
-114.98
-119.413
-123.206
-126.263
-128.466
-129.785
-130.194
-129.592
-127.836
-124.789
-120.335
-114.385
-106.881
-97.8049
-87.1876
-75.1283
-61.8106
-47.5807
-32.9762
-19.2906
20.6899
26.1556
32.0871
38.2151
43.9228
49.315
54.179
58.1709
61.2432
63.5335
65.1342
66.1636
66.7643
67.0365
67.0542
66.8672
66.5026
65.9705
65.267
64.3742
63.265
61.9012
60.2327
58.2208
55.891
53.315
50.5508
47.6516
44.6873
41.7446
38.9241
36.3363
34.0956
32.3124
31.0739
30.4533
30.437
30.8896
31.3986
13.6456
7.74582
0.968738
-6.27038
-13.3745
-20.8492
-28.3737
-35.7193
-42.9798
-50.036
-56.8588
-63.4946
-69.9182
-76.1438
-82.1793
-88.0079
-93.6061
-98.9348
-103.935
-108.535
-112.646
-116.168
-119.013
-121.077
-122.336
-122.773
-122.297
-120.776
-118.078
-114.089
-108.716
-101.893
-93.5908
-83.8296
-72.6924
-60.347
-47.1065
-33.4753
-20.6244
19.1519
24.3714
30.0426
35.9087
41.3784
46.554
51.2314
55.0791
58.0495
60.2747
61.8426
62.8657
63.481
63.7859
63.8517
63.7276
63.4409
63.0036
62.4135
61.6558
60.7065
59.5307
58.0814
56.3208
54.2679
51.9842
49.5189
46.9167
44.2369
41.554
38.9568
36.544
34.4187
32.6818
31.4137
30.6796
30.4685
30.6572
30.8903
12.466
6.84121
0.385278
-6.50155
-13.2486
-20.3384
-27.4634
-34.4056
-41.2553
-47.8984
-54.3086
-60.5306
-66.5412
-72.3547
-77.9802
-83.4036
-88.6044
-93.5482
-98.1822
-102.443
-106.248
-109.509
-112.147
-114.071
-115.259
-115.705
-115.329
-114.008
-111.617
-108.046
-103.2
-97.0105
-89.4387
-80.4935
-70.2428
-58.837
-46.5565
-33.865
-21.8241
17.7209
22.7054
28.128
33.7435
38.9852
43.953
48.4512
52.1599
55.0315
57.1929
58.728
59.7427
60.3698
60.7029
60.8107
60.7416
60.5236
60.1696
59.6791
59.0405
58.2324
57.2234
55.9699
54.4351
52.6333
50.6167
48.4271
46.1013
43.6892
41.2546
38.8747
36.6362
34.6312
32.9505
31.6675
30.8394
30.4583
30.414
30.4042
11.3756
6.01338
-0.136466
-6.68783
-13.0956
-19.82
-26.5664
-33.1273
-39.5894
-45.8433
-51.8658
-57.6994
-63.3228
-68.751
-73.9934
-79.0379
-83.867
-88.4504
-92.7409
-96.6811
-100.198
-103.21
-105.647
-107.43
-108.543
-108.984
-108.685
-107.533
-105.412
-102.215
-97.852
-92.2484
-85.3612
-77.1891
-67.7861
-57.2832
-45.9292
-34.1423
-22.8859
16.3907
21.1509
26.3357
31.7113
36.7346
41.5029
45.8287
49.4032
52.1794
54.2787
55.7808
56.7858
57.4218
57.7787
57.9232
57.9025
57.745
57.464
57.0613
56.5273
55.8436
54.9822
53.9031
52.571
50.9956
49.2221
47.2851
45.215
43.0533
40.8539
38.6831
36.6163
34.7346
33.1186
31.8342
30.9315
30.405
30.1581
29.937
10.3695
5.25769
-0.600251
-6.83209
-12.9171
-19.2948
-25.6823
-31.8826
-37.9783
-43.8658
-49.5232
-54.9923
-60.2528
-65.3202
-70.2043
-74.895
-79.3768
-83.6232
-87.5919
-91.2317
-94.4762
-97.2514
-99.4959
-101.141
-102.174
-102.6
-102.36
-101.351
-99.4664
-96.6057
-92.6805
-87.6175
-81.3691
-73.926
-65.3285
-55.6889
-45.2239
-34.3058
-23.8072
15.1555
19.7012
24.6585
29.8043
34.6183
39.1949
43.3549
46.8002
49.4839
51.5225
52.9916
53.9858
54.6282
55.0056
55.1819
55.2037
55.099
54.8823
54.5565
54.1145
53.5404
52.8094
51.885
50.734
49.3624
47.8087
46.1021
44.2671
42.3379
40.3596
38.3883
36.4889
34.7317
33.1873
31.9142
30.9552
30.3074
29.8873
29.485
9.44229
4.56973
-1.00972
-6.93691
-12.7151
-18.7633
-24.8105
-30.6694
-36.4188
-41.9609
-47.2752
-52.4018
-57.3222
-62.0518
-66.601
-70.9608
-75.1185
-79.05
-82.7179
-86.0757
-89.0643
-91.6164
-93.677
-95.188
-96.1402
-96.5435
-96.3472
-95.4594
-93.7818
-91.2214
-87.6939
-83.1276
-77.4727
-70.713
-62.877
-54.0581
-44.4422
-34.3554
-24.5869
14.0093
18.3502
23.0894
28.0151
32.6283
37.021
41.0213
44.342
46.9361
48.9157
50.3516
51.3339
51.9807
52.3753
52.5793
52.6383
52.58
52.4195
52.1612
51.7997
51.322
50.7058
49.9183
48.9286
47.7398
46.3844
44.8868
43.2667
41.552
39.7798
37.9974
36.2595
34.6265
33.159
31.9082
30.9107
30.1646
29.5993
29.0443
8.58923
3.945
-1.36843
-7.00516
-12.4916
-18.2263
-23.9507
-29.4863
-34.9087
-40.1249
-45.1163
-49.9211
-54.5226
-58.9363
-63.1722
-67.2231
-71.078
-74.7158
-78.1026
-81.1969
-83.9454
-86.2875
-88.1742
-89.5562
-90.4281
-90.8035
-90.6395
-89.8542
-88.358
-86.0657
-82.8981
-78.7868
-73.6807
-67.5585
-60.4382
-52.3954
-43.5864
-34.2924
-25.2256
12.9468
17.0917
21.6222
26.3367
30.7574
34.9732
38.8199
42.0203
44.5279
46.4496
47.8528
48.8222
49.4713
49.8803
50.1082
50.1995
50.1819
50.0707
49.8714
49.5804
49.187
48.6718
48.0054
47.1588
46.1332
44.9558
43.6469
42.2222
40.7041
39.1229
37.5177
35.9344
34.4236
33.0369
31.8183
30.7983
29.9761
29.2921
28.6111
7.80556
3.37956
-1.67995
-7.03962
-12.2481
-17.6851
-23.1029
-28.3323
-33.4456
-38.3544
-43.0414
-47.544
-51.8466
-55.9644
-59.9076
-63.6701
-67.2428
-70.6066
-73.7313
-76.5797
-79.1037
-81.2492
-82.9721
-84.2314
-85.0247
-85.3688
-85.2282
-84.5297
-83.1928
-81.1397
-78.2974
-74.601
-70.0003
-64.4701
-58.0189
-50.7059
-42.66
-34.1195
-25.7252
11.9628
15.9203
20.2508
24.7628
28.9986
33.0445
36.7432
39.8274
42.2511
44.1164
45.4869
46.4427
47.0923
47.5132
47.7616
47.8811
47.8989
47.8306
47.6827
47.4535
47.1338
46.7071
46.1473
45.4274
44.5469
43.5287
42.3895
41.1415
39.8025
38.3972
36.9571
35.5203
34.1286
32.8252
31.6471
30.6193
29.7413
28.9635
28.1813
7.0868
2.86936
-1.94756
-7.04295
-11.9869
-17.1406
-22.2674
-27.2069
-32.0276
-36.6463
-41.0471
-45.2658
-49.2878
-53.1286
-56.7982
-60.2915
-63.601
-66.7096
-69.5904
-72.2097
-74.5246
-76.4864
-78.056
-79.1992
-79.9169
-80.2284
-80.1041
-79.4793
-78.2823
-76.4425
-73.8936
-70.5749
-66.4378
-61.4544
-55.6256
-48.9955
-41.6676
-33.8405
-26.0886
11.0524
14.8304
18.9695
23.2871
27.3453
31.2277
34.7838
37.7559
40.0983
41.9085
43.2465
44.1879
44.8366
45.2668
45.5327
45.6764
45.725
45.6941
45.5911
45.4155
45.1602
44.8109
44.3445
43.7366
42.9849
42.1083
41.1208
40.0318
38.8553
37.6107
36.3235
35.0245
33.7478
32.5289
31.3981
30.3755
29.4605
28.6117
27.7511
6.42863
2.41065
-2.17453
-7.01776
-11.7098
-16.5941
-21.4445
-26.1092
-30.6535
-34.9983
-39.1295
-43.0812
-46.8403
-50.4216
-53.8357
-57.078
-60.1421
-63.0132
-65.6673
-68.0736
-70.194
-71.9846
-73.4114
-74.446
-75.0919
-75.3702
-75.2571
-74.6952
-73.6212
-71.9719
-69.6871
-66.7112
-62.9977
-58.5172
-53.2643
-47.2701
-40.6147
-33.4603
-26.3206
10.2109
13.817
17.7724
21.9037
25.7912
29.5164
32.9351
35.7988
38.0624
39.8187
41.1244
42.0507
42.6969
43.1344
43.4149
43.5795
43.6547
43.6562
43.592
43.4629
43.2635
42.9817
42.5972
42.0877
41.4498
40.699
39.8467
38.9001
37.8701
36.7716
35.6249
34.4546
33.2879
32.1533
31.0753
30.0692
29.1341
28.2351
27.3169
5.82709
1.99971
-2.36388
-6.96659
-11.4184
-16.0467
-20.6348
-25.039
-29.3216
-33.408
-37.2852
-40.986
-44.4985
-47.8372
-51.0124
-54.0207
-56.8566
-59.507
-61.9501
-64.159
-66.0987
-67.7308
-69.0249
-69.9583
-70.5366
-70.7823
-70.6766
-70.1691
-69.2034
-67.7239
-65.6768
-63.0112
-59.6833
-55.6635
-50.9413
-45.5359
-39.5074
-32.9852
-26.4266
9.43383
12.8754
16.6546
20.6069
24.3306
27.9045
31.1906
33.9494
36.1365
37.8402
39.1138
40.0241
40.6667
41.1094
41.4021
41.5844
41.6824
41.7117
41.6811
41.5923
41.4414
41.2182
40.9051
40.4818
39.9441
39.3045
38.5721
37.7526
36.8538
35.8875
34.8693
33.8184
32.7561
31.7047
30.6834
29.7034
28.7629
27.8324
26.8755
5.27824
1.6332
-2.5187
-6.89178
-11.1149
-15.4994
-19.8383
-23.9957
-28.0309
-31.8734
-35.5114
-38.9764
-42.2578
-45.3693
-48.3216
-51.1116
-53.7351
-56.1804
-58.4282
-60.4539
-62.2265
-63.712
-64.8835
-65.7233
-66.2386
-66.4531
-66.352
-65.8914
-65.0217
-63.6939
-61.8602
-59.4748
-56.497
-52.8974
-48.6616
-43.7992
-38.3526
-32.4217
-26.4131
8.71694
12.0009
15.6111
19.3916
22.9577
26.3858
29.544
32.2016
34.3143
35.9664
37.208
38.102
38.7394
39.1856
39.488
39.6853
39.8027
39.8559
39.8541
39.8
39.6908
39.5184
39.2674
38.9196
38.4697
37.9279
37.3016
36.5948
35.8133
34.9659
34.0644
33.1235
32.1595
31.1894
30.2275
29.2815
28.3484
27.4028
26.4239
4.77843
1.3078
-2.6418
-6.79568
-10.8011
-14.9535
-19.0558
-22.9792
-26.7803
-30.3926
-33.8054
-37.0488
-40.1134
-43.0126
-45.7568
-48.3435
-50.7696
-53.0245
-55.0911
-56.9474
-58.5659
-59.916
-60.9746
-61.728
-62.1851
-62.3703
-62.2722
-61.8526
-61.0681
-59.8756
-58.2336
-56.1007
-53.4397
-50.2219
-46.4303
-42.0664
-37.1574
-31.7777
-26.2874
8.05625
11.1891
14.6373
18.2527
21.6674
24.9552
27.9899
30.5494
32.5898
34.1913
35.4011
36.278
36.9092
37.3571
37.6672
37.8768
38.0107
38.0841
38.1069
38.0825
38.0093
37.8806
37.6833
37.401
37.0281
36.5721
36.0391
35.4319
34.7547
34.0137
33.2178
32.3778
31.5057
30.6141
29.7131
28.8073
27.8923
26.9459
25.9598
4.32417
1.02039
-2.7358
-6.68048
-10.4783
-14.41
-18.2875
-21.9892
-25.569
-28.9639
-32.1646
-35.2
-38.0613
-40.7618
-43.3118
-45.7094
-47.9521
-50.0305
-51.9294
-53.6293
-55.1055
-56.3312
-57.2863
-57.9605
-58.3644
-58.5224
-58.4262
-58.0426
-57.3337
-56.2624
-54.7922
-52.8864
-50.5112
-47.6394
-44.2518
-40.3435
-35.9289
-31.0611
-26.0575
7.44791
10.436
13.7288
17.1857
20.4546
23.6071
26.5226
28.9872
30.9572
32.5092
33.6872
34.5466
35.1703
35.6184
35.9341
36.1538
36.3013
36.3918
36.4354
36.4363
36.3938
36.3026
36.1516
35.9262
35.6202
35.2392
34.7881
34.2686
33.6837
33.0376
32.3366
31.5886
30.802
29.9855
29.1458
28.2848
27.3968
26.4618
25.4812
3.91217
0.768012
-2.80335
-6.54832
-10.1484
-13.8701
-17.5342
-21.0258
-24.3961
-27.5859
-30.5869
-33.4267
-36.0976
-38.6125
-40.9813
-43.2027
-45.275
-47.19
-48.934
-50.4898
-51.8352
-52.9466
-53.8069
-54.409
-54.7644
-54.8976
-54.8027
-54.451
-53.8097
-52.8468
-51.5306
-49.8287
-47.7109
-45.1513
-42.1296
-38.6362
-34.6749
-30.2802
-25.732
6.88839
9.73772
12.8813
16.186
19.3146
22.3368
25.1371
27.5096
29.4112
30.9146
32.0609
32.902
33.5174
33.9642
34.2838
34.5113
34.6699
34.7747
34.8359
34.858
34.8416
34.7824
34.6712
34.4949
34.2469
33.9313
33.5515
33.109
32.6054
32.0435
31.4277
30.7631
30.0555
29.3104
28.5316
27.7186
26.8646
25.9509
24.9868
3.53935
0.547878
-2.84678
-6.40116
-9.8128
-13.3348
-16.7962
-20.0886
-23.2608
-26.257
-29.0701
-31.7262
-34.2187
-36.5601
-38.7599
-40.8177
-42.7318
-44.4955
-46.0965
-47.5195
-48.7446
-49.7515
-50.5255
-51.0621
-51.3736
-51.4844
-51.3906
-51.0674
-50.4867
-49.6208
-48.4425
-46.9236
-45.0368
-42.7582
-40.0672
-36.95
-33.4025
-29.4436
-25.3197
6.37426
9.09061
12.0909
15.2492
18.243
21.1395
23.8285
26.1118
27.9466
29.4022
30.517
31.3394
31.9454
32.3896
32.7114
32.9447
33.1123
33.2287
33.3044
33.3445
33.35
33.318
33.2407
33.1067
32.9088
32.6497
32.3322
31.9568
31.5247
31.0373
30.4974
29.9082
29.2732
28.5954
27.8762
27.1132
26.2984
25.4143
24.4754
3.20275
0.357339
-2.8684
-6.24084
-9.47297
-12.8049
-16.0739
-19.1776
-22.1624
-24.976
-27.6121
-30.0958
-32.4211
-34.6003
-36.6427
-38.5482
-40.3158
-41.9396
-43.4086
-44.7094
-45.8246
-46.7359
-47.4314
-47.9087
-48.1808
-48.2716
-48.1789
-47.8814
-47.3551
-46.5763
-45.5215
-44.1663
-42.4867
-40.4603
-38.0668
-35.2899
-32.1186
-28.5598
-24.8296
5.90227
8.49117
11.354
14.3717
17.2356
20.0109
22.5922
24.7889
26.5587
27.9673
29.0506
29.8538
30.4495
30.8898
31.2123
31.4498
31.6243
31.7501
31.8377
31.8925
31.9164
31.9072
31.8588
31.7608
31.6061
31.3959
31.1322
30.8154
30.4458
30.024
29.5516
29.0303
28.4616
27.8469
27.1854
26.4733
25.7016
24.8534
23.947
2.89957
0.193928
-2.87035
-6.06919
-9.13029
-12.2814
-15.3676
-18.2924
-21.1002
-23.7416
-26.211
-28.5328
-30.7015
-32.7292
-34.625
-36.3889
-38.0208
-39.5152
-40.8627
-42.0513
-43.0657
-43.89
-44.5143
-44.9382
-45.1751
-45.2483
-45.1569
-44.8828
-44.4054
-43.7046
-42.7604
-41.5517
-40.0573
-38.2569
-36.1306
-33.6603
-30.83
-27.637
-24.2708
5.46943
7.93618
10.667
13.5495
16.2883
18.9468
21.4239
23.5365
25.2429
26.6053
27.6572
28.4408
29.0252
29.4605
29.7824
30.0224
30.202
30.3352
30.4323
30.4993
30.5383
30.5483
30.5242
30.4569
30.3391
30.1709
29.9537
29.6877
29.3726
29.0085
28.5959
28.1353
27.6272
27.0711
26.4649
25.8036
25.0775
24.2697
23.4016
2.62723
0.0552769
-2.85463
-5.88779
-8.78595
-11.765
-14.6776
-17.4331
-20.0734
-22.5522
-24.8649
-27.0347
-29.0569
-30.943
-32.7021
-34.3347
-35.8407
-37.2157
-38.4514
-39.5371
-40.4594
-41.2046
-41.7645
-42.1404
-42.346
-42.4038
-42.3141
-42.0613
-41.628
-40.9973
-40.1521
-39.0743
-37.7454
-36.1469
-34.2597
-32.0649
-29.5429
-26.6833
-23.6524
5.07291
7.42249
10.0265
12.7791
15.3976
17.9432
20.3195
22.3505
23.995
25.3119
26.3324
27.096
27.6685
28.0977
28.4177
28.6589
28.8419
28.9806
29.0852
29.1619
29.2134
29.2391
29.2354
29.194
29.1076
28.9754
28.7983
28.5761
28.3084
27.9948
27.635
27.2288
26.7755
26.2737
25.7201
25.1089
24.4296
23.6656
22.8397
2.38325
-0.0607676
-2.8232
-5.69822
-8.44113
-11.2566
-14.0044
-16.5994
-19.0812
-21.4067
-23.572
-25.599
-27.484
-29.2381
-30.87
-32.3805
-33.7701
-35.0349
-36.1677
-37.1591
-37.9973
-38.6706
-39.1725
-39.5054
-39.6833
-39.7279
-39.6402
-39.407
-39.0137
-38.4458
-37.6892
-36.7283
-35.547
-34.1287
-32.4552
-30.5072
-28.263
-25.7062
-22.9829
4.70996
6.94725
9.42962
12.0572
14.5597
16.9965
19.2752
21.2269
22.8109
24.083
25.0722
25.8155
26.3753
26.7975
27.1144
27.3555
27.5406
27.6832
27.7936
27.8779
27.9393
27.978
27.9912
27.9715
27.9118
27.8102
27.6674
27.483
27.2564
26.9868
26.6736
26.3158
25.9121
25.4603
24.9563
24.3936
23.7613
23.0431
22.2625
2.16531
-0.156309
-2.77775
-5.50187
-8.09693
-10.7567
-13.3482
-15.791
-18.1231
-20.304
-22.3304
-24.2235
-25.9801
-27.6108
-29.1243
-30.5216
-31.8033
-32.9665
-34.0048
-34.9098
-35.6715
-36.2797
-36.7292
-37.0238
-37.1773
-37.2106
-37.1252
-36.9102
-36.553
-36.0417
-35.3644
-34.5078
-33.458
-32.2001
-30.7171
-28.99
-26.9954
-24.7129
-22.2708
4.3781
6.50771
8.87324
11.3807
13.7715
16.1031
18.2873
20.1619
21.6869
22.9149
23.873
24.5955
25.1421
25.5564
25.8693
26.109
26.2949
26.4401
26.5546
26.6447
26.714
26.7632
26.7902
26.7886
26.7513
26.6758
26.5622
26.4102
26.2192
25.988
25.7156
25.4009
25.0418
24.6358
24.1782
23.6621
23.0764
22.4049
21.6712
1.97126
-0.233271
-2.71997
-5.30012
-7.7543
-10.266
-12.709
-15.0077
-17.1983
-19.2427
-21.1385
-22.9059
-24.5422
-26.0578
-27.4611
-28.7532
-29.9354
-31.0049
-31.9562
-32.7823
-33.4743
-34.0235
-34.426
-34.6865
-34.8187
-34.8424
-34.7597
-34.5615
-34.2372
-33.7767
-33.1703
-32.4068
-31.474
-30.3588
-29.0455
-27.5154
-25.7446
-23.7098
-21.524
4.07494
6.10127
8.35466
10.7465
13.0296
15.2597
17.3524
19.1522
20.6194
21.804
22.731
23.4325
23.9653
24.371
24.679
24.9164
25.102
25.2484
25.3657
25.4601
25.5354
25.5929
25.6311
25.6445
25.626
25.5724
25.4836
25.3594
25.199
25.0011
24.7646
24.488
24.1691
23.8048
23.3904
22.9186
22.3784
21.7536
21.0676
1.79905
-0.293455
-2.65139
-5.09418
-7.41417
-9.78506
-12.087
-14.2491
-16.3059
-18.2216
-19.9945
-21.6439
-23.1677
-24.5758
-25.8764
-27.0711
-28.1611
-29.1442
-30.0158
-30.7698
-31.3983
-31.8942
-32.2546
-32.4848
-32.5984
-32.6141
-32.5345
-32.3518
-32.0573
-31.6427
-31.0998
-30.4192
-29.5906
-28.6023
-27.4397
-26.0851
-24.5145
-22.703
-20.7499
3.79824
5.72555
7.87127
10.1519
12.3313
14.4634
16.4674
18.1943
19.605
20.7468
21.643
22.3234
22.8419
23.2382
23.5405
23.7748
23.9591
24.1058
24.2245
24.3219
24.4017
24.4655
24.5127
24.5384
24.5353
24.5001
24.4325
24.332
24.1978
24.0289
23.8238
23.5809
23.2979
22.9716
22.5971
22.1671
21.6707
21.0918
20.4534
1.64678
-0.338553
-2.57346
-4.88515
-7.0773
-9.31428
-11.4823
-13.515
-15.4452
-17.2395
-18.8967
-20.4354
-21.8537
-23.1616
-24.3667
-25.471
-26.4756
-27.3792
-28.1776
-28.8656
-29.4366
-29.8843
-30.207
-30.4104
-30.5078
-30.517
-30.4407
-30.2725
-30.0052
-29.6319
-29.1458
-28.5392
-27.8032
-26.9274
-25.8988
-24.7004
-23.3085
-21.6976
-19.9553
3.54592
5.37826
7.42061
9.59434
11.6737
13.7111
15.6291
17.2852
18.6406
19.7402
20.6059
21.2649
21.7688
22.1553
22.4511
22.6814
22.8636
23.0096
23.1289
23.228
23.311
23.3796
23.4338
23.4694
23.4791
23.4593
23.4093
23.329
23.2174
23.0734
22.8958
22.6826
22.4318
22.1399
21.8022
21.4113
20.9567
20.4224
19.8308
1.5127
-0.370161
-2.48752
-4.67413
-6.74452
-8.85406
-10.895
-12.805
-14.6154
-16.2951
-17.8435
-19.2781
-20.5977
-21.8119
-22.9282
-23.9485
-24.8744
-25.7046
-26.4359
-27.0637
-27.5823
-27.9865
-28.2755
-28.4553
-28.5387
-28.5426
-28.4699
-28.3153
-28.0727
-27.7366
-27.3014
-26.7608
-26.1071
-25.3313
-24.4215
-23.3617
-22.1293
-20.6984
-19.1465
3.31601
5.0573
7.00041
9.07125
11.0542
13.0001
14.8347
16.4219
17.7231
18.7813
19.6166
20.2543
20.7432
21.1193
21.4082
21.634
21.8133
21.9578
22.0768
22.1767
22.2616
22.3337
22.3933
22.4367
22.4568
22.4497
22.4146
22.3514
22.2591
22.1368
21.983
21.7961
21.5739
21.3131
21.009
20.6546
20.2394
19.748
19.2019
1.39511
-0.389734
-2.39479
-4.4621
-6.41648
-8.40481
-10.3249
-12.1188
-13.8158
-15.3873
-16.8331
-18.17
-19.3972
-20.5239
-21.5574
-22.4997
-23.3527
-24.1154
-24.7851
-25.3579
-25.829
-26.1941
-26.4529
-26.6118
-26.6832
-26.683
-26.6141
-26.4721
-26.2522
-25.9497
-25.5601
-25.0783
-24.4978
-23.8108
-23.0063
-22.0696
-20.9791
-19.7094
-18.329
3.10669
4.76066
6.60853
8.58042
10.4704
12.3278
14.0814
15.6016
16.8497
17.8672
18.6726
19.2889
19.7625
20.1279
20.4094
20.63
20.8059
20.9483
21.0662
21.166
21.252
21.3263
21.3899
21.4395
21.468
21.4714
21.4487
21.3999
21.3241
21.2204
21.0875
20.9238
20.7271
20.4943
20.2209
19.9001
19.5219
19.0713
18.5688
1.29246
-0.398671
-2.29643
-4.24995
-6.09383
-7.96681
-9.77221
-11.4558
-13.0455
-14.5148
-15.8639
-17.109
-18.2495
-19.2945
-20.2508
-21.1208
-21.9063
-22.6067
-23.2199
-23.7425
-24.1705
-24.5003
-24.7323
-24.8729
-24.934
-24.9305
-24.8656
-24.7355
-24.5362
-24.264
-23.9155
-23.4863
-22.9708
-22.3624
-21.6513
-20.8239
-19.8597
-18.734
-17.5079
2.91623
4.48653
6.24298
8.11967
9.91996
11.6919
13.3669
14.8218
16.0176
16.9952
17.7712
18.3662
18.8244
19.1788
19.4524
19.6674
19.8394
19.979
20.0953
20.1944
20.2806
20.3563
20.4227
20.4769
20.5122
20.5241
20.5117
20.4751
20.4134
20.3258
20.211
20.0676
19.8936
19.686
19.4404
19.1506
18.8069
18.3947
17.9338
1.2033
-0.398274
-2.19356
-4.03856
-5.77714
-7.54036
-9.23672
-10.8157
-12.3038
-13.6764
-14.9344
-16.0929
-17.1522
-18.1207
-19.0052
-19.8079
-20.5308
-21.1739
-21.7352
-22.2119
-22.6008
-22.8989
-23.107
-23.2314
-23.2838
-23.278
-23.2171
-23.0981
-22.9178
-22.6731
-22.3614
-21.9791
-21.5216
-20.983
-20.3547
-19.6242
-18.7722
-17.7751
-16.6874
2.74303
4.23312
5.90192
7.68701
9.40083
11.0901
12.6887
14.08
15.2244
16.1628
16.91
17.4839
17.9265
18.2696
18.535
18.7441
18.9117
19.0483
19.1625
19.2603
19.3461
19.4224
19.4906
19.5482
19.5888
19.6076
19.6038
19.5774
19.5277
19.4539
19.355
19.2295
19.0755
18.8905
18.6702
18.4088
18.0969
17.7209
17.299
1.12631
-0.389695
-2.08715
-3.82864
-5.46694
-7.12573
-8.7184
-10.1981
-11.5898
-12.871
-14.0428
-15.1198
-16.1028
-16.9998
-17.8172
-18.5572
-19.2223
-19.8124
-20.326
-20.7608
-21.1141
-21.3836
-21.5705
-21.6809
-21.7259
-21.7186
-21.6618
-21.5533
-21.3903
-21.1706
-20.892
-20.5517
-20.1457
-19.6692
-19.1143
-18.4697
-17.7174
-16.8351
-15.8714
2.58564
3.99885
5.58357
7.28046
8.9109
10.5203
12.0446
13.3739
14.4674
15.3677
16.0868
16.6397
17.0667
17.3982
17.6554
17.8582
18.0212
18.1544
18.266
18.3622
18.447
18.5232
18.5925
18.6526
18.6971
18.7215
18.7248
18.7069
18.6675
18.6056
18.5204
18.4107
18.2746
18.1098
17.9124
17.6768
17.3944
17.0519
16.6667
1.06027
-0.373954
-1.97807
-3.6208
-5.16354
-6.72292
-8.21696
-9.60241
-10.9026
-12.0973
-13.1876
-14.1878
-15.099
-15.9291
-16.6836
-17.3653
-17.9765
-18.5177
-18.9874
-19.384
-19.705
-19.9488
-20.1167
-20.215
-20.2538
-20.2456
-20.1931
-20.0944
-19.9474
-19.7504
-19.5016
-19.1989
-18.839
-18.4176
-17.9278
-17.3594
-16.6957
-15.9158
-15.0631
2.4427
3.78221
5.28626
6.89819
8.44814
9.9801
11.4321
12.7012
13.7445
14.608
15.2998
15.8317
16.2428
16.5628
16.8114
17.0079
17.1661
17.2955
17.4044
17.4985
17.582
17.6577
17.7273
17.7891
17.8367
17.8655
17.8745
17.8639
17.8331
17.7816
17.7084
17.6125
17.4923
17.3455
17.1688
16.9568
16.7014
16.39
16.039
1.00391
-0.352187
-1.86728
-3.41582
-4.86754
-6.33211
-7.73225
-9.02814
-10.2412
-11.354
-12.3671
-13.2946
-14.1388
-14.9061
-15.6018
-16.2287
-16.7899
-17.2857
-17.715
-18.0764
-18.3682
-18.5889
-18.74
-18.8276
-18.8614
-18.8528
-18.8046
-18.7153
-18.5831
-18.4067
-18.185
-17.916
-17.5973
-17.225
-16.793
-16.2922
-15.7072
-15.0185
-14.265
2.31284
3.58188
5.00876
6.53879
8.0111
9.46796
10.8492
12.0593
13.0525
13.8815
14.5472
15.058
15.4531
15.7615
16.0016
16.1916
16.3447
16.4703
16.5761
16.668
16.7498
16.8245
16.894
16.9567
17.0066
17.0389
17.0527
17.0482
17.0249
16.9823
16.9196
16.8359
16.7297
16.5992
16.4411
16.2505
16.0198
15.7371
15.4179
0.955974
-0.325857
-1.75621
-3.21513
-4.58
-5.9544
-7.26491
-8.47534
-9.605
-10.6405
-11.5791
-12.4376
-13.2193
-13.9281
-14.5682
-15.1439
-15.6585
-16.1122
-16.5043
-16.8335
-17.0986
-17.2983
-17.4346
-17.513
-17.5427
-17.5343
-17.4904
-17.4099
-17.2914
-17.134
-16.9368
-16.6982
-16.4163
-16.0878
-15.7073
-15.2667
-14.7517
-14.1444
-13.4796
2.19478
3.39665
4.74988
6.20143
7.59925
8.98351
10.2956
11.4476
12.388
13.1845
13.8262
14.316
14.6951
14.9921
15.2239
15.4075
15.5555
15.6772
15.7799
15.8693
15.9492
16.0227
16.0917
16.1548
16.2063
16.2413
16.2591
16.2597
16.2428
16.2079
16.1545
16.0816
15.988
15.872
15.7307
15.5595
15.3514
15.095
14.8052
0.915546
-0.295675
-1.64549
-3.01925
-4.30161
-5.59039
-6.81543
-7.94453
-8.99447
-9.95704
-10.8225
-11.6141
-12.3375
-12.9915
-13.5792
-14.1066
-14.5778
-14.9928
-15.3504
-15.6502
-15.891
-16.0722
-16.1953
-16.2658
-16.2924
-16.2846
-16.2452
-16.1731
-16.0674
-15.9274
-15.7524
-15.5414
-15.2925
-15.0032
-14.6687
-14.2815
-13.8288
-13.2941
-12.7087
2.08748
3.22524
4.50834
5.88451
7.21099
8.52524
9.77099
10.8659
11.7494
12.5152
13.1344
13.6034
13.9665
14.2525
14.4762
14.6534
14.7965
14.9142
15.0138
15.1007
15.1787
15.2508
15.319
15.3823
15.4349
15.4723
15.4934
15.4983
15.487
15.459
15.4137
15.3504
15.2681
15.1651
15.039
14.8854
14.6979
14.4656
14.203
0.882741
-0.260813
-1.53348
-2.82599
-4.02981
-5.2371
-6.38132
-7.43358
-8.4082
-9.30119
-10.0965
-10.8264
-11.496
-12.0971
-12.6338
-13.1153
-13.5456
-13.9239
-14.2493
-14.5218
-14.7404
-14.9048
-15.0165
-15.0803
-15.1044
-15.0977
-15.0628
-14.9989
-14.9052
-14.7813
-14.6267
-14.4406
-14.2216
-13.9675
-13.674
-13.3346
-12.9376
-12.4678
-11.9532
1.99047
3.0666
4.28135
5.58401
6.84096
8.08635
9.2683
10.3084
11.1405
11.8797
12.4752
12.9212
13.268
13.5429
13.7582
13.9288
14.0667
14.1804
14.2768
14.3611
14.437
14.5076
14.575
14.6382
14.6916
14.7308
14.7547
14.7636
14.7572
14.7353
14.6973
14.6426
14.5704
14.4792
14.3668
14.2292
14.0605
13.8503
13.6124
0.857139
-0.221469
-1.41956
-2.63413
-3.76233
-4.8912
-5.95774
-6.93732
-7.84056
-8.66688
-9.39443
-10.0753
-10.6989
-11.2465
-11.7316
-12.169
-12.5609
-12.9044
-13.1991
-13.4458
-13.6438
-13.7928
-13.894
-13.9523
-13.9747
-13.9696
-13.9394
-13.8834
-13.801
-13.6922
-13.5564
-13.3929
-13.201
-12.9785
-12.7218
-12.425
-12.0778
-11.6661
-11.2152
1.9032
2.91971
4.06759
5.29737
6.48509
7.66042
8.77866
9.7615
10.5538
11.2815
11.8518
12.2696
12.5991
12.8636
13.0706
13.2342
13.3668
13.4764
13.5696
13.6512
13.7251
13.794
13.8603
13.9231
13.977
14.0177
14.0441
14.0563
14.0543
14.0378
14.0064
13.9595
13.8964
13.8159
13.7158
13.5927
13.4411
13.2511
13.0361
0.838175
-0.189608
-1.32987
-2.47857
-3.53935
-4.5927
-5.57429
-6.46609
-7.26982
-8.00633
-8.60855
-9.27591
-9.90682
-10.4332
-10.8944
-11.3173
-11.6983
-12.0309
-12.3157
-12.5544
-12.7465
-12.8913
-12.9901
-13.0474
-13.0706
-13.068
-13.0424
-12.9926
-12.9189
-12.8217
-12.6975
-12.5494
-12.3762
-12.1758
-11.9446
-11.6775
-11.365
-10.9945
-10.589
1.83652
2.80502
3.90043
5.06485
6.18514
7.28069
8.30719
9.17932
9.87925
10.6778
11.2644
11.6728
12.0017
12.2705
12.48
12.6446
12.778
12.8885
12.9825
13.0649
13.1396
13.2096
13.2772
13.3418
13.398
13.4412
13.4702
13.4856
13.4871
13.4746
13.4477
13.4062
13.3492
13.2758
13.184
13.0705
12.9303
12.7539
12.5544
0.823776
-0.162166
-1.25314
-2.34421
-3.34221
-4.32031
-5.21358
-6.00715
-6.69367
-7.32104
-7.75835
-8.44645
-9.12056
-9.6479
-10.1042
-10.5315
-10.9198
-11.2579
-11.5469
-11.7895
-11.9854
-12.1338
-12.2361
-12.2966
-12.3232
-12.3244
-12.3035
-12.2588
-12.192
-12.1039
-11.9863
-11.8482
-11.6881
-11.5028
-11.2891
-11.0427
-10.7547
-10.4131
-10.0394
1.78255
2.71096
3.75928
4.86237
5.9141
6.92065
7.83734
8.5776
9.1615
10.0707
10.704
11.1179
11.4566
11.7389
11.9584
12.1296
12.268
12.3829
12.4805
12.5661
12.6438
12.7167
12.7874
12.8554
12.9152
12.9617
12.9938
13.0122
13.0168
13.0074
12.984
12.946
12.8931
12.8244
12.7381
12.631
12.4984
12.3308
12.1414
0.811088
-0.132602
-1.17382
-2.20687
-3.14221
-4.04539
-4.85248
-5.55028
-6.12641
-6.64772
-6.9317
-7.6273
-8.33541
-8.86135
-9.30888
-9.73623
-10.1287
-10.4703
-10.7621
-11.0076
-11.2069
-11.3585
-11.4643
-11.528
-11.5582
-11.5634
-11.5476
-11.5086
-11.4493
-11.3712
-11.261
-11.1337
-10.9875
-10.8179
-10.6221
-10.3965
-10.133
-9.82041
-9.48091
1.72966
2.61778
3.61837
4.65991
5.64411
6.56147
7.37246
7.98897
8.45888
9.45593
10.1375
10.5576
10.9025
11.1961
11.4251
11.6027
11.7459
11.8646
11.9658
12.0544
12.1349
12.2106
12.2845
12.3559
12.4191
12.469
12.5044
12.526
12.5337
12.5277
12.5078
12.4736
12.425
12.3611
12.2803
12.1797
12.0546
11.896
11.7169
0.799885
-0.101546
-1.0929
-2.06824
-2.94151
-3.77064
-4.49427
-5.09865
-5.57191
-5.98609
-6.13421
-6.82211
-7.55069
-8.07366
-8.51055
-8.93352
-9.32686
-9.66996
-9.96292
-10.2102
-10.412
-10.5668
-10.6759
-10.7428
-10.7766
-10.7857
-10.7748
-10.7411
-10.6888
-10.6198
-10.5164
-10.3989
-10.2657
-10.111
-9.93236
-9.72688
-9.48731
-9.20202
-8.88991
1.67802
2.52608
3.47871
4.45917
5.37724
6.20532
6.91593
7.41322
7.77593
8.83419
9.56325
9.9929
10.3416
10.6438
10.8815
11.0652
11.213
11.3356
11.44
11.5316
11.6148
11.6933
11.7701
11.8448
11.9116
11.9648
12.0036
12.0284
12.0395
12.037
12.0208
11.9908
11.9467
11.8879
11.8129
11.719
11.6017
11.4523
11.2834
0.790255
-0.0693158
-1.01116
-1.92962
-2.74198
-3.4986
-4.14189
-4.65538
-5.03327
-5.33788
-5.36923
-6.03455
-6.76775
-7.28445
-7.70924
-8.12408
-8.51455
-8.85698
-9.14983
-9.39783
-9.60143
-9.75905
-9.8715
-9.94268
-9.98144
-9.99647
-9.99281
-9.96704
-9.9248
-9.8679
-9.77466
-9.6699
-9.55192
-9.41408
-9.25374
-9.06881
-8.8533
-8.59788
-8.32695
1.62814
2.43663
3.34148
4.26185
5.11554
5.85417
6.47001
6.84827
7.11164
8.20642
8.97898
9.42226
9.77491
10.0842
10.3292
10.5181
10.6697
10.7959
10.9038
10.9985
11.0846
11.166
11.2459
11.3242
11.3947
11.4517
11.4941
11.5225
11.5372
11.5384
11.526
11.5001
11.4606
11.4069
11.3378
11.2507
11.1414
11.0014
10.8432
0.782122
-0.0365129
-0.929959
-1.79288
-2.54617
-3.23243
-3.79903
-4.22468
-4.51433
-4.70606
-4.63867
-5.26693
-5.98777
-6.49338
-6.9047
-7.30816
-7.69204
-8.03141
-8.32286
-8.57083
-8.77581
-8.93583
-9.05089
-9.12451
-9.1652
-9.18238
-9.18163
-9.15914
-9.12165
-9.07107
-8.98286
-8.88615
-8.77926
-8.65494
-8.51088
-8.34539
-8.1518
-7.91757
-7.65322
1.58063
2.35064
3.20825
4.07036
4.86105
5.51005
6.03656
6.2921
6.46184
7.57329
8.38329
8.84239
9.2003
9.5176
9.77118
9.96566
10.1201
10.2481
10.3581
10.4553
10.5441
10.6283
10.7115
10.7935
10.8681
10.9293
10.976
11.0089
11.0284
11.0345
11.0272
11.0066
10.9726
10.9246
10.8617
10.7815
10.6799
10.5484
10.3984
0.775358
-0.00445689
-0.851729
-1.66146
-2.35773
-2.97617
-3.4694
-3.8101
-4.01735
-4.09264
-3.94346
-4.52061
-5.21221
-5.70062
-6.09627
-6.48513
-6.85887
-7.19239
-7.48068
-7.72778
-7.93454
-8.09909
-8.22174
-8.30606
-8.35965
-8.39062
-8.4049
-8.39847
-8.37906
-8.34839
-8.27802
-8.20018
-8.11328
-8.00899
-7.88499
-7.74084
-7.57396
-7.38105
-7.19631
1.53662
2.27015
3.08194
3.88818
4.61567
5.17294
5.6133
5.73812
5.81675
6.93398
7.77831
8.25315
8.61346
8.9362
9.20019
9.4052
9.56728
9.69975
9.8119
9.91038
10.0005
10.0865
10.1722
10.2573
10.3355
10.4002
10.4503
10.4867
10.5099
10.5202
10.5179
10.5031
10.4759
10.4358
10.3817
10.3114
10.2212
10.1038
9.97387
0.769587
0.0251894
-0.779631
-1.53972
-2.18168
-2.73494
-3.15654
-3.41321
-3.54192
-3.49861
-3.28289
-3.79595
-4.4423
-4.90607
-5.28249
-5.65339
-6.01367
-6.339
-6.62232
-6.86599
-7.06985
-7.23081
-7.3475
-7.42189
-7.46358
-7.48423
-7.48987
-7.47592
-7.45034
-7.41419
-7.33995
-7.26283
-7.18125
-7.08688
-6.97738
-6.8512
-6.69947
-6.50247
-6.24737
1.49687
2.19674
2.96536
3.71911
4.3814
4.84385
5.19913
5.17895
5.16006
6.27912
7.1648
7.6653
8.02963
8.34821
8.60909
8.81626
8.98617
9.12952
9.25227
9.35923
9.45554
9.54638
9.63645
9.72677
9.81142
9.88336
9.94059
9.98355
10.0124
10.0273
10.0283
10.016
9.99053
9.95213
9.90034
9.83329
9.74669
9.62884
9.4836
0.764488
0.0524449
-0.713775
-1.42893
-2.02098
-2.51393
-2.86645
-3.04129
-3.09575
-2.93165
-2.65652
-3.09229
-3.67927
-4.10989
-4.46198
-4.80984
-5.15162
-5.46648
-5.74805
-5.99799
-6.21609
-6.4005
-6.5515
-6.67143
-6.76167
-6.82624
-6.87353
-6.90058
-6.91895
-6.92888
-6.89411
-6.8522
-6.80285
-6.73678
-6.65255
-6.55278
-6.44392
-6.33878
-6.3025
1.46042
2.12905
2.85786
3.56432
4.16182
4.53572
4.81146
4.61753
4.47719
5.58651
6.51555
7.06335
7.46515
7.80515
8.06542
8.25444
8.40069
8.52605
8.64041
8.74698
8.84767
8.945
9.04212
9.13905
9.22985
9.30915
9.37645
9.4326
9.47775
9.51185
9.53468
9.54586
9.54476
9.53043
9.50169
9.45721
9.39744
9.32541
9.27393
0.760462
0.0785256
-0.652263
-1.32723
-1.87577
-2.31759
-2.60967
-2.71533
-2.70443
-2.40866
-2.06503
-2.41191
-2.92496
-3.31144
-3.63509
-3.95659
-4.27034
-4.55669
-4.80959
-5.02951
-5.21388
-5.35577
-5.44878
-5.49305
-5.50851
-5.51588
-5.51693
-5.50289
-5.47866
-5.44424
-5.37815
-5.31693
-5.2581
-5.19338
-5.11956
-5.03194
-4.91083
-4.71474
-4.37558
1.42715
2.06688
2.75973
3.4248
3.96289
4.27068
4.47313
4.05357
3.76716
4.85371
5.78888
6.35285
6.79656
7.2085
7.55175
7.80682
7.98593
8.11122
8.2051
8.28451
8.36043
8.43993
8.52771
8.62195
8.71074
8.78327
8.83729
8.87406
8.89525
8.90225
8.8965
8.87985
8.85428
8.82134
8.78098
8.72909
8.65193
8.51478
8.27548
0.758078
0.0963171
-0.608495
-1.2506
-1.76153
-2.15732
-2.39216
-2.43852
-2.35784
-1.90947
-1.49856
-1.76316
-2.18612
-2.50673
-2.79137
-3.09422
-3.40876
-3.71667
-4.01098
-4.29166
-4.55963
-4.81699
-5.06451
-5.29522
-5.48173
-5.61531
-5.72237
-5.80976
-5.90059
-5.99131
-6.01834
-6.02088
-6.01683
-5.99996
-5.96673
-5.92498
-5.90368
-5.95457
-6.21292
1.40586
2.02617
2.69161
3.3185
3.79559
4.04104
4.11999
3.40734
3.01612
4.14772
5.09259
5.60995
5.96468
6.28582
6.59259
6.88928
7.17314
7.43026
7.64906
7.82744
7.97112
8.08952
8.19635
8.31109
8.44725
8.59326
8.73267
8.86027
8.97464
9.07487
9.15896
9.22414
9.26824
9.29017
9.29186
9.28105
9.28233
9.35027
9.59351
0.754955
0.0848549
-0.620912
-1.24795
-1.72586
-2.0636
-2.2122
-2.15958
-1.94139
-1.32319
-0.914307
-1.13954
-1.48474
-1.72086
-1.90563
-2.08551
-2.26303
-2.43021
-2.58196
-2.71308
-2.81152
-2.85798
-2.83849
-2.76163
-2.69046
-2.65832
-2.64233
-2.6108
-2.5556
-2.51576
-2.44834
-2.38993
-2.3478
-2.30935
-2.26776
-2.21456
-2.1047
-1.85696
-1.29
1.41155
2.03629
2.69369
3.28488
3.68064
3.79968
3.58526
2.52696
2.12669
3.44341
4.6184
5.37622
5.85029
6.09769
6.14556
6.07022
5.95377
5.86251
5.82427
5.84155
5.90598
6.00889
6.13431
6.24233
6.28939
6.29341
6.2884
6.27951
6.2657
6.24666
6.22611
6.20897
6.1988
6.19661
6.19764
6.18389
6.10217
5.8445
5.23504
0.746322
0.0447908
-0.686156
-1.31873
-1.77362
-2.04872
-2.09078
-1.89576
-1.46829
-0.685412
-0.291233
-0.470997
-0.78728
-1.08494
-1.38563
-1.70003
-2.03091
-2.37987
-2.75174
-3.15538
-3.60298
-4.10079
-4.62566
-5.11825
-5.47291
-5.68936
-5.90252
-6.07184
-6.35444
-6.76582
-6.64701
-6.66823
-6.79428
-6.88715
-6.93177
-6.97485
-7.09104
-7.38648
-8.06387
1.43228
2.07913
2.74617
3.31264
3.62627
3.57546
2.96714
1.60132
0.970277
2.1491
3.45655
4.74961
6.0073
7.19993
8.21247
8.98724
9.54257
9.89657
10.0969
10.1966
10.2422
10.2712
10.3384
10.5315
10.8843
11.268
11.5834
11.8426
12.0674
12.2619
12.4193
12.536
12.6141
12.6605
12.6913
12.7389
12.8858
13.2568
14.0558
106.926
106.19
105.241
104.006
102.276
99.8593
96.5383
92.1327
86.6692
80.5003
74.1443
67.9757
62.1139
56.5379
51.208
46.108
41.2377
36.5989
32.1896
28.0033
24.0305
20.2622
16.6891
13.3028
10.0957
7.0605
4.19018
1.47798
-1.0806
-3.48911
-5.74942
-7.86209
-9.82764
-11.6453
-13.3143
-14.8342
-16.2044
-17.4251
-18.4972
-19.4221
-20.2022
-20.8408
-21.3422
-21.7112
-21.9541
-22.0776
-22.089
-21.9962
-21.8075
-21.5315
-21.177
-20.7528
-20.2673
-19.7291
-19.146
-18.5257
-17.8752
-17.2011
-16.5093
-15.8052
-15.0935
-14.3785
-13.6639
-12.9526
-12.2477
-11.5507
-10.8653
-10.2787
-9.75551
-9.22751
-8.65535
-8.13259
-7.45211
-7.07707
-6.04506
-6.30127
-4.11207
-6.40264
-0.929285
-8.53893
106.566
103.442
99.9026
96.184
92.377
88.567
84.8167
81.1744
77.6232
74.1907
70.8774
67.6933
64.6453
61.7386
58.9774
56.3641
53.8997
51.5839
49.4149
47.3893
45.5029
43.7504
42.1257
40.6222
39.2327
37.95
36.7668
35.6759
34.6699
33.7421
32.8859
32.0946
31.3618
30.6816
30.048
29.455
28.8971
28.3685
27.8639
27.3781
26.906
26.443
25.9847
25.5271
25.0666
24.6003
24.1256
23.6404
23.1435
22.6336
22.1105
21.5742
21.0251
20.4642
19.8925
19.3115
18.723
18.1289
17.5309
16.9313
16.3319
15.7347
15.1417
14.5548
13.9761
13.4069
12.8504
12.3824
11.9787
11.5639
11.1398
10.7098
10.2714
9.86598
9.35466
9.23399
8.06583
9.76606
4.82033
14.3924
47.0008
46.4854
45.9989
45.5494
45.1106
44.7214
44.4096
44.1471
43.839
43.3554
42.6131
41.6066
40.3423
38.8188
37.0536
35.0792
32.9302
30.6385
28.2337
25.7438
23.1949
20.6121
18.0177
15.4315
12.8712
10.3524
7.89008
5.49748
3.18627
0.965322
-1.15804
-3.17759
-5.08877
-6.88714
-8.56888
-10.131
-11.5708
-12.8861
-14.0755
-15.1378
-16.073
-16.8817
-17.5655
-18.1264
-18.5679
-18.8941
-19.1099
-19.2207
-19.2329
-19.1533
-18.9889
-18.7473
-18.4359
-18.0624
-17.6342
-17.1585
-16.6425
-16.0926
-15.5151
-14.9156
-14.2994
-13.6711
-13.035
-12.3948
-11.754
-11.1146
-10.4806
-9.9346
-9.44502
-8.95156
-8.40912
-7.91972
-7.26341
-6.9202
-5.91222
-6.18259
-4.05567
-6.2727
-1.02565
-8.35235
47.3222
47.5273
47.9116
48.2554
48.5281
48.703
48.7696
48.7218
48.5566
48.2832
47.9017
47.4195
46.8431
46.1804
45.4405
44.6334
43.7694
42.8594
41.9148
40.9469
39.9666
38.9838
38.008
37.0478
36.1104
35.2017
34.3264
33.488
32.6886
31.9292
31.21
30.5301
29.8879
29.2814
28.708
28.1645
27.6479
27.1546
26.681
26.2235
25.7784
25.3422
24.9113
24.4824
24.0526
23.6189
23.1791
22.731
22.273
21.8039
21.3229
20.8297
20.3243
19.807
19.2788
18.7406
18.1939
17.64
17.0808
16.518
15.9534
15.3891
14.8269
14.2686
13.7166
13.1719
12.6383
12.1884
11.7997
11.3998
10.99
10.5743
10.1488
9.75836
9.25721
9.15085
8.00437
9.65435
4.90768
14.0531
29.2664
28.9706
28.6461
28.3124
27.9331
27.487
26.9707
26.3839
25.7278
25.0077
24.2371
23.4478
22.6686
21.8987
21.1227
20.3203
19.473
18.5667
17.5902
16.5356
15.3981
14.1766
12.8733
11.4937
10.0459
8.5401
6.98778
5.40087
3.79269
2.17676
0.566622
-1.02422
-2.58351
-4.09945
-5.56121
-6.95923
-8.28485
-9.53054
-10.6897
-11.7569
-12.7276
-13.5987
-14.3679
-15.0336
-15.5959
-16.0556
-16.4146
-16.6755
-16.842
-16.9185
-16.91
-16.822
-16.6607
-16.4321
-16.1428
-15.7992
-15.4077
-14.9746
-14.5058
-14.0071
-13.4839
-12.9409
-12.3829
-11.8137
-11.2375
-10.6568
-10.0753
-9.57138
-9.11676
-8.65828
-8.14819
-7.69045
-7.06649
-6.74348
-5.78498
-6.03066
-4.03055
-6.08407
-1.17348
-8.06102
29.4218
29.5111
29.597
29.6733
29.7688
29.8846
30.0232
30.1797
30.3515
30.5335
30.7184
30.9007
31.0734
31.23
31.3643
31.4703
31.5427
31.577
31.5696
31.5181
31.4212
31.2788
31.092
30.8631
30.5954
30.2929
29.96
29.6021
29.224
28.8309
28.4276
28.0181
27.6063
27.1952
26.787
26.3834
25.9852
25.5928
25.2058
24.8234
24.4446
24.0678
23.6913
23.3134
22.9322
22.5458
22.1524
21.7506
21.3389
20.9162
20.4819
20.0353
19.5764
19.1055
18.6229
18.1294
17.6263
17.1146
16.5959
16.0717
15.5439
15.0143
14.4847
13.9571
13.4335
12.9153
12.4061
11.9759
11.6038
11.2203
10.8263
10.4263
10.0157
9.63973
9.15534
9.04858
7.96029
9.49153
5.0463
13.663
27.8501
27.6607
27.4544
27.2397
27.0027
26.7251
26.389
25.9762
25.4652
24.8353
24.0763
23.2025
22.256
21.272
20.2632
19.2333
18.1848
17.1213
16.0452
14.9574
13.8569
12.7419
11.6102
10.4593
9.28749
8.09333
6.87655
5.63764
4.37896
3.10395
1.8176
0.526371
-0.762528
-2.04094
-3.30001
-4.53084
-5.72442
-6.87209
-7.96555
-8.99715
-9.96014
-10.8487
-11.6578
-12.3834
-13.0227
-13.574
-14.0363
-14.4099
-14.6962
-14.8971
-15.0158
-15.0558
-15.0216
-14.9178
-14.7499
-14.5232
-14.2433
-13.916
-13.5469
-13.1413
-12.7045
-12.2416
-11.7572
-11.2556
-10.7409
-10.2163
-9.68554
-9.22197
-8.80014
-8.37416
-7.89443
-7.46669
-6.87251
-6.57155
-5.65284
-5.89203
-3.97838
-5.94142
-1.23469
-7.87213
27.9798
28.0716
28.1375
28.181
28.2077
28.2175
28.2123
28.1922
28.1599
28.1162
28.063
28.0024
27.9358
27.8648
27.7906
27.714
27.6356
27.5552
27.4723
27.3861
27.2951
27.1978
27.0923
26.9767
26.8494
26.7086
26.5531
26.3821
26.1952
25.9925
25.7747
25.5427
25.2978
25.0415
24.7754
24.501
24.2196
23.9323
23.6398
23.3428
23.0413
22.7351
22.4238
22.1066
21.7826
21.4508
21.1101
20.7595
20.3981
20.0249
19.6393
19.2409
18.8295
18.4053
17.9684
17.5196
17.0598
16.59
16.1114
15.6257
15.1344
14.6392
14.142
13.6446
13.1492
12.6571
12.1722
11.7611
11.4049
11.037
10.6583
10.2735
9.87733
9.5153
9.04585
8.94338
7.89467
9.36244
5.08717
13.4132
23.6009
23.3952
23.1848
22.9829
22.7821
22.5758
22.3558
22.1139
21.842
21.5288
21.1591
20.7181
20.202
19.6208
18.9821
18.2879
17.5393
16.7376
15.8851
14.9854
14.0425
13.0605
12.0435
10.9958
9.92174
8.82514
7.70984
6.5793
5.43712
4.28661
3.13118
1.97473
0.821227
-0.324854
-1.4584
-2.57394
-3.66553
-4.7269
-5.75152
-6.73292
-7.66479
-8.54118
-9.35654
-10.1059
-10.7851
-11.3908
-11.9204
-12.3723
-12.746
-13.0416
-13.2603
-13.404
-13.4754
-13.4778
-13.415
-13.2915
-13.1118
-12.8808
-12.6035
-12.2849
-11.93
-11.5434
-11.13
-10.6939
-10.2395
-9.77024
-9.28975
-8.86621
-8.477
-8.08338
-7.63409
-7.23668
-6.67152
-6.39548
-5.5106
-5.75642
-3.90487
-5.8194
-1.24943
-7.73223
23.7487
23.8619
23.976
24.0858
24.1926
24.2958
24.394
24.4855
24.5692
24.6433
24.7066
24.7581
24.7966
24.8215
24.8323
24.8287
24.811
24.7795
24.7348
24.6778
24.6094
24.5307
24.4427
24.3462
24.242
24.1309
24.013
23.8886
23.7576
23.6199
23.475
23.3227
23.1627
22.9946
22.8183
22.6337
22.4407
22.2394
22.0297
21.8116
21.5852
21.3502
21.1063
20.8532
20.5904
20.3171
20.0328
19.7368
19.4284
19.107
18.7721
18.4233
18.0606
17.6839
17.2935
16.8899
16.4739
16.0464
15.6086
15.1617
14.7075
14.2474
13.7832
13.3168
12.8503
12.3851
11.9251
11.5337
11.1936
10.8417
10.4788
10.1094
9.72811
9.3802
8.92567
8.83018
7.81186
9.24223
5.07634
13.2086
18.9529
18.7748
18.5893
18.4101
18.2298
18.0458
17.8555
17.653
17.4323
17.1884
16.9151
16.6046
16.2504
15.8534
15.4205
14.9559
14.4602
13.9328
13.3715
12.7736
12.1377
11.4627
10.7482
9.99418
9.20172
8.37249
7.50899
6.61421
5.69188
4.74601
3.78097
2.80158
1.81261
0.81909
-0.173743
-1.16062
-2.13609
-3.09464
-4.03053
-4.93808
-5.8116
-6.64554
-7.43448
-8.17326
-8.85729
-9.48237
-10.0449
-10.5422
-10.9721
-11.3333
-11.6254
-11.8487
-12.0042
-12.0939
-12.1201
-12.086
-11.9949
-11.8508
-11.6579
-11.4203
-11.1427
-10.8294
-10.4847
-10.1129
-9.7181
-9.30409
-8.87421
-8.49128
-8.13562
-7.77538
-7.35793
-6.99188
-6.4574
-6.20704
-5.35814
-5.61026
-3.82423
-5.68607
-1.26186
-7.57536
19.0755
19.1684
19.2662
19.3639
19.465
19.5691
19.6763
19.7863
19.8987
20.013
20.1286
20.2447
20.3604
20.4747
20.5864
20.6944
20.7971
20.8934
20.9819
21.0615
21.1309
21.1893
21.2359
21.2702
21.2918
21.3008
21.297
21.2809
21.2528
21.213
21.162
21.1002
21.028
20.9454
20.8527
20.75
20.6371
20.5142
20.3808
20.237
20.0825
19.9169
19.74
19.5514
19.3507
19.1374
18.9111
18.6713
18.4174
18.1492
17.8662
17.5681
17.255
16.9267
16.5836
16.226
15.8547
15.4704
15.0742
14.6674
14.2513
13.8274
13.3976
12.9635
12.5273
12.0903
11.6566
11.286
10.9633
10.6286
10.2824
9.92967
9.56439
9.23123
8.79358
8.70373
7.72046
9.10422
5.06223
12.9758
15.8212
15.6745
15.5189
15.3657
15.2098
15.0498
14.8863
14.7166
14.5355
14.3378
14.1187
13.8723
13.5918
13.2726
12.9167
12.531
12.1199
11.6858
11.2301
10.7524
10.2513
9.72596
9.17549
8.59905
7.99589
7.36545
6.70748
6.02209
5.30996
4.5722
3.81054
3.0274
2.22564
1.40873
0.580678
-0.254125
-1.09089
-1.92461
-2.74995
-3.56152
-4.35385
-5.12151
-5.8591
-6.56136
-7.22341
-7.84062
-8.40877
-8.92422
-9.38384
-9.78522
-10.1267
-10.4071
-10.6264
-10.7847
-10.8834
-10.9241
-10.9092
-10.8413
-10.7238
-10.5601
-10.354
-10.1093
-9.82995
-9.51991
-9.18313
-8.82338
-8.44369
-8.10144
-7.77966
-7.45315
-7.06836
-6.73408
-6.2318
-6.00685
-5.19697
-5.45267
-3.73861
-5.53926
-1.27305
-7.39847
15.9268
16.0132
16.1042
16.196
16.291
16.3882
16.488
16.5901
16.6945
16.8011
16.9098
17.0205
17.133
17.2471
17.3626
17.4792
17.5964
17.7136
17.8304
17.946
18.0597
18.1703
18.277
18.3786
18.4742
18.5625
18.6425
18.7133
18.7739
18.8238
18.8622
18.8887
18.9031
18.9051
18.8947
18.8717
18.8361
18.7879
18.7271
18.6534
18.5669
18.4673
18.3544
18.2279
18.0874
17.9327
17.7633
17.579
17.3793
17.1639
16.9325
16.685
16.4213
16.1414
15.8455
15.534
15.2075
14.8667
14.5126
14.1462
13.7688
13.382
12.9873
12.5865
12.1816
11.774
11.3677
11.0191
10.7145
10.398
10.0696
9.73431
9.38615
9.06827
8.64939
8.56324
7.62098
8.947
5.04585
12.7211
13.6172
13.4932
13.3598
13.2267
13.0903
12.95
12.8075
12.6625
12.5129
12.3549
12.1844
11.9974
11.7888
11.5525
11.284
10.9836
10.6556
10.3034
9.92885
9.53373
9.1181
8.68101
8.22201
7.74106
7.23816
6.71332
6.16665
5.59834
5.00883
4.39861
3.76845
3.11946
2.45297
1.77074
1.075
0.36836
-0.346066
-1.06478
-1.78381
-2.49889
-3.20548
-3.89886
-4.57415
-5.22642
-5.85088
-6.44287
-6.99792
-7.51197
-7.98131
-8.40279
-8.77379
-9.09227
-9.35689
-9.56689
-9.72223
-9.8235
-9.87184
-9.86901
-9.81718
-9.71898
-9.57738
-9.3956
-9.17705
-8.92521
-8.64367
-8.33616
-8.00529
-7.70297
-7.41465
-7.12148
-6.76942
-6.46667
-5.99732
-5.79737
-5.02791
-5.28649
-3.64542
-5.38559
-1.27327
-7.21731
13.7104
13.7911
13.8771
13.9648
14.0559
14.1496
14.2461
14.3454
14.4471
14.5513
14.6578
14.7663
14.8767
14.9887
15.1021
15.2167
15.3322
15.4482
15.5646
15.6809
15.7969
15.9121
16.026
16.1383
16.2484
16.3556
16.4592
16.5585
16.6526
16.7408
16.822
16.8955
16.9603
17.0156
17.0608
17.095
17.1177
17.1283
17.1263
17.1114
17.0831
17.0411
16.985
16.9144
16.829
16.7285
16.6124
16.4804
16.3321
16.1673
15.9857
15.7871
15.5714
15.3387
15.0891
14.8229
14.5406
14.2427
13.9303
13.6042
13.2656
12.916
12.5567
12.1896
11.8165
11.4389
11.0608
10.7347
10.449
10.1511
9.84126
9.52398
9.19372
8.89139
8.49267
8.40894
7.51098
8.77576
5.01629
12.4633
11.8026
11.6974
11.5838
11.4689
11.3498
11.226
11.0994
10.971
10.8406
10.7066
10.5663
10.4163
10.2536
10.0741
9.87297
9.6461
9.39299
9.1165
8.81908
8.50223
8.16752
7.81492
7.44321
7.05158
6.63974
6.20751
5.75484
5.28181
4.78874
4.2761
3.74457
3.19509
2.62875
2.04688
1.45114
0.843411
0.225888
-0.398904
-1.02812
-1.65856
-2.28678
-2.90904
-3.52136
-4.11955
-4.69937
-5.25654
-5.78682
-6.28616
-6.75068
-7.1769
-7.5617
-7.90237
-8.19682
-8.44341
-8.64118
-8.78972
-8.88919
-8.94035
-8.94445
-8.90322
-8.81884
-8.69378
-8.53084
-8.33303
-8.10342
-7.8456
-7.56164
-7.29802
-7.04243
-6.78188
-6.46233
-6.19066
-5.75457
-5.57927
-4.85082
-5.11257
-3.54331
-5.22694
-1.26042
-7.03644
11.8833
11.9552
12.0321
12.1111
12.1936
12.2791
12.3678
12.4596
12.5546
12.6527
12.7538
12.8579
12.9648
13.0744
13.1865
13.3009
13.4174
13.5356
13.6552
13.7759
13.8973
14.019
14.1406
14.2615
14.3814
14.4997
14.616
14.7296
14.84
14.9467
15.0489
15.146
15.2373
15.3219
15.3992
15.4683
15.5284
15.5788
15.6186
15.647
15.6635
15.6672
15.6576
15.634
15.596
15.5429
15.4742
15.3895
15.2883
15.1704
15.0353
14.8827
14.7127
14.525
14.3198
14.0973
13.8578
13.6019
13.3303
13.0439
12.7437
12.431
12.1071
11.7738
11.4329
11.0856
10.7361
10.433
10.1665
9.88777
9.59693
9.2982
8.98649
8.69998
8.32254
8.24045
7.38878
8.5918
4.97104
12.2045
10.2869
10.1976
10.1014
10.0037
9.90125
9.79285
9.68061
9.56594
9.4493
9.33064
9.20904
9.08231
8.9477
8.80265
8.64394
8.46748
8.26958
8.04938
7.80901
7.55062
7.27568
6.98579
6.68119
6.36079
6.02366
5.66934
5.29756
4.90806
4.50073
4.07556
3.63273
3.17272
2.6961
2.20374
1.69679
1.17661
0.644873
0.103509
-0.445256
-0.998918
-1.55472
-2.10965
-2.66046
-3.20364
-3.73559
-4.25255
-4.7507
-5.22626
-5.67548
-6.09484
-6.48104
-6.83106
-7.14231
-7.4126
-7.64024
-7.82405
-7.96339
-8.05814
-8.10872
-8.11602
-8.08143
-8.0067
-7.89395
-7.74563
-7.56427
-7.3532
-7.1139
-6.88747
-6.66363
-6.43485
-6.1474
-5.90621
-5.50356
-5.35247
-4.66549
-4.93051
-3.43231
-5.06207
-1.23677
-6.85328
10.3568
10.4203
10.4882
10.5582
10.6314
10.7076
10.7869
10.8693
10.9549
11.0437
11.1357
11.2309
11.3294
11.431
11.5357
11.6434
11.7541
11.8675
11.9835
12.1019
12.2223
12.3446
12.4683
12.593
12.7184
12.8439
12.9689
13.0931
13.2157
13.3361
13.4538
13.568
13.6781
13.7833
13.883
13.9763
14.0626
14.141
14.2107
14.2709
14.3209
14.3597
14.3867
14.4009
14.4018
14.3885
14.3605
14.317
14.2575
14.1816
14.0887
13.9785
13.8507
13.7051
13.5418
13.3607
13.1622
12.9467
12.7146
12.4668
12.2041
11.9278
11.639
11.3393
11.0305
10.7138
10.3931
10.1134
9.86646
9.60728
9.33589
9.05618
8.76359
8.49319
8.13804
8.05706
7.25354
8.39401
4.91219
11.9395
9.04458
8.96824
8.88614
8.80274
8.71541
8.62225
8.52394
8.42201
8.31751
8.21095
8.10251
7.99158
7.8765
7.75501
7.6249
7.48348
7.32717
7.15258
6.95851
6.74641
6.5182
6.27532
6.01932
5.75077
5.46881
5.17255
4.86157
4.53567
4.19467
3.83842
3.46684
3.08008
2.67832
2.26197
1.83165
1.38818
0.932605
0.466242
-0.00930336
-0.492179
-0.980269
-1.47121
-1.96236
-2.45083
-2.9336
-3.40741
-3.86891
-4.31468
-4.74125
-5.14525
-5.52342
-5.87263
-6.19005
-6.47316
-6.7198
-6.92824
-7.09719
-7.22585
-7.31391
-7.36151
-7.36931
-7.33835
-7.27009
-7.16642
-7.02924
-6.86158
-6.6643
-6.47323
-6.27989
-6.08171
-5.82567
-5.61415
-5.24481
-5.11735
-4.47211
-4.7402
-3.31272
-4.89021
-1.20376
-6.66561
9.10547
9.16168
9.22168
9.28377
9.34883
9.41662
9.48734
9.56101
9.63769
9.71744
9.80032
9.88634
9.97553
10.0679
10.1634
10.2622
10.364
10.4688
10.5767
10.6874
10.8008
10.9168
11.035
11.1554
11.2776
11.4012
11.5259
11.6513
11.7768
11.902
12.0261
12.1487
12.2691
12.3864
12.5001
12.6094
12.7134
12.8113
12.9024
12.9857
13.0605
13.1258
13.1809
13.2248
13.2568
13.2759
13.2816
13.2728
13.2491
13.2097
13.154
13.0816
12.9921
12.885
12.7603
12.6179
12.4579
12.2805
12.0861
11.8753
11.649
11.408
11.1536
10.8871
10.61
10.3238
10.032
9.77586
9.54868
9.30932
9.05773
8.79738
8.5244
8.2704
7.93837
7.85818
7.10455
8.18151
4.84094
11.6652
8.01284
7.94732
7.87688
7.80509
7.72993
7.65018
7.56578
7.47677
7.38387
7.28819
7.19049
7.09102
6.98945
6.88455
6.77451
6.65739
6.53091
6.39199
6.23749
6.06591
5.87812
5.67576
5.46017
5.2328
4.99442
4.74439
4.4818
4.20621
3.91749
3.6155
3.30012
2.97136
2.62928
2.27406
1.90606
1.52577
1.13386
0.731181
0.31883
-0.101885
-0.529431
-0.96204
-1.39768
-1.83406
-2.26872
-2.69897
-3.12194
-3.53465
-3.93399
-4.31686
-4.68017
-5.02089
-5.33614
-5.62322
-5.87975
-6.10362
-6.2931
-6.44684
-6.56397
-6.644
-6.68694
-6.6932
-6.66359
-6.59944
-6.50206
-6.37408
-6.21576
-6.05786
-5.89346
-5.72443
-5.49877
-5.31579
-4.97934
-4.87467
-4.27117
-4.54202
-3.18486
-4.71141
-1.16178
-6.4734
8.06595
8.11563
8.16854
8.22346
8.28106
8.3412
8.40405
8.46964
8.53806
8.60937
8.68365
8.76094
8.84129
8.92473
9.01129
9.10101
9.19385
9.2898
9.38883
9.4909
9.5959
9.70374
9.81429
9.92738
10.0428
10.1604
10.2798
10.4008
10.523
10.6459
10.7692
10.8924
11.0149
11.136
11.2553
11.3718
11.485
11.594
11.6981
11.7963
11.8878
11.9717
12.0471
12.1131
12.1689
12.2134
12.246
12.2656
12.2715
12.2629
12.2392
12.1997
12.1438
12.0711
11.9813
11.8742
11.7496
11.6077
11.4487
11.273
11.0812
10.8743
10.653
10.4187
10.1729
9.91662
9.65352
9.42082
9.21343
8.99398
8.76234
8.52157
8.26851
8.03113
7.72285
7.64334
6.94107
7.95395
4.75731
11.3804
7.1381
7.08164
7.02099
6.95907
6.89415
6.82517
6.75247
6.67604
6.59529
6.51045
6.42262
6.33272
6.24114
6.14772
6.05165
5.95141
5.84533
5.7315
5.60726
5.46974
5.31723
5.15011
4.96978
4.77748
4.57456
4.36196
4.13922
3.90544
3.66016
3.4032
3.13447
2.85389
2.5614
2.25705
1.94104
1.61364
1.27528
0.926531
0.568168
0.20112
-0.173492
-0.554356
-0.939925
-1.32842
-1.7179
-2.10618
-2.49087
-2.86947
-3.23929
-3.59757
-3.94149
-4.26823
-4.57501
-4.85916
-5.11817
-5.34976
-5.55191
-5.72294
-5.8615
-5.96664
-6.03782
-6.0749
-6.07813
-6.04828
-5.98609
-5.89382
-5.77109
-5.64387
-5.50657
-5.36495
-5.16831
-5.0125
-4.70817
-4.62526
-4.0632
-4.33638
-3.04902
-4.52581
-1.11178
-6.27675
7.18443
7.22816
7.27468
7.32308
7.37388
7.427
7.48259
7.5407
7.60141
7.66481
7.73097
7.79995
7.87181
7.94663
8.02444
8.10528
8.18919
8.27617
8.36624
8.45938
8.55557
8.65474
8.75681
8.86171
8.96928
9.07937
9.19178
9.3063
9.42266
9.54056
9.65962
9.77949
9.8997
10.0198
10.1392
10.2573
10.3736
10.4872
10.5975
10.7038
10.8051
10.9006
10.9894
11.0707
11.1435
11.2068
11.2598
11.3016
11.3312
11.3478
11.3506
11.3389
11.3119
11.2692
11.2102
11.1345
11.0419
10.9324
10.806
10.663
10.5037
10.3289
10.1393
9.93603
9.72037
9.49336
9.25838
9.04881
8.86102
8.66138
8.44967
8.22853
7.99554
7.77495
7.49083
7.41206
6.76232
7.71092
4.66133
11.0833
6.38747
6.33867
6.28627
6.23272
6.17659
6.1169
6.05376
5.98752
5.91803
5.84463
5.76711
5.68634
5.60336
5.51872
5.43247
5.34405
5.25225
5.15559
5.05246
4.94065
4.81748
4.68111
4.53152
4.36986
4.19726
4.01504
3.82426
3.62466
3.41539
3.19593
2.9661
2.72585
2.47508
2.21374
1.94187
1.65961
1.36718
1.06495
0.753432
0.43327
0.105271
-0.229592
-0.570149
-0.915033
-1.2627
-1.61141
-1.95922
-2.30404
-2.6436
-2.9755
-3.29726
-3.60631
-3.90009
-4.17603
-4.43168
-4.6647
-4.87294
-5.05451
-5.20775
-5.33136
-5.42437
-5.4862
-5.5166
-5.51588
-5.48422
-5.42349
-5.33277
-5.23352
-5.12126
-5.00507
-4.83584
-4.7056
-4.43235
-4.36995
-3.84875
-4.12356
-2.90558
-4.33323
-1.05472
-6.07452
6.4279
6.46635
6.50722
6.5498
6.59452
6.64135
6.6904
6.74173
6.79544
6.85159
6.91028
6.97155
7.03551
7.10221
7.17171
7.24406
7.31932
7.39754
7.47873
7.56292
7.65011
7.7403
7.83345
7.92951
8.0284
8.13005
8.23431
8.34102
8.45002
8.56105
8.67386
8.78812
8.90352
9.01964
9.13603
9.25221
9.36763
9.48169
9.59377
9.70317
9.80916
9.91092
10.0077
10.0985
10.1826
10.259
10.3267
10.3849
10.4326
10.469
10.4931
10.5041
10.5013
10.484
10.4514
10.4033
10.3391
10.2586
10.1617
10.0485
9.91927
9.77443
9.61463
9.44075
9.25393
9.05509
8.84736
8.66038
8.49182
8.31169
8.1197
7.91809
7.70514
7.50143
7.24165
7.16386
6.56759
7.45163
4.5535
10.7708
5.73736
5.69506
5.64968
5.60324
5.55459
5.50287
5.44812
5.39043
5.32982
5.26628
5.1994
5.12866
5.0544
4.97768
4.89926
4.81938
4.7377
4.65326
4.56482
4.471
4.36989
4.25908
4.13662
4.00211
3.85647
3.7008
3.53636
3.36425
3.18445
2.99616
2.79882
2.5923
2.3765
2.15136
1.91684
1.67295
1.4198
1.1576
0.88666
0.607417
0.320433
0.0264013
-0.273808
-0.579156
-0.888447
-1.20031
-1.51318
-1.82533
-2.13486
-2.43976
-2.73785
-3.02688
-3.30452
-3.56841
-3.81622
-4.04567
-4.25459
-4.44098
-4.60304
-4.73921
-4.84823
-4.92916
-4.98135
-5.00471
-4.99895
-4.96557
-4.90313
-4.82896
-4.73948
-4.64657
-4.50293
-4.39641
-4.15294
-4.10956
-3.62862
-3.90381
-2.75541
-4.13303
-0.992425
-5.86476
5.77268
5.80647
5.84235
5.87979
5.91914
5.96037
6.0036
6.04888
6.09631
6.14595
6.19789
6.2522
6.30895
6.36821
6.43006
6.49455
6.56175
6.63172
6.70449
6.78011
6.85861
6.93999
7.02427
7.11143
7.20145
7.29426
7.38978
7.48794
7.5886
7.6916
7.79675
7.9038
8.01253
8.12259
8.23363
8.34527
8.45704
8.56844
8.67893
8.78791
8.89472
8.99866
9.09899
9.19492
9.28561
9.3702
9.4478
9.51751
9.5784
9.62957
9.67009
9.6991
9.71578
9.71932
9.70903
9.68428
9.64458
9.58953
9.51886
9.43251
9.33054
9.21322
9.08102
8.93465
8.77504
8.60297
8.42135
8.25616
8.10624
7.94515
7.7725
7.59012
7.39699
7.21017
6.97471
6.89827
6.35636
7.17493
4.43509
10.4376
5.16923
5.13247
5.09303
5.05264
5.01034
4.9654
4.91784
4.86768
4.8148
4.75913
4.70079
4.63961
4.57496
4.5067
4.43564
4.36273
4.2884
4.21248
4.13431
4.05282
3.96682
3.87474
3.77445
3.66404
3.54287
3.41155
3.27107
3.1226
2.96726
2.80509
2.63531
2.45739
2.27116
2.07663
1.87378
1.66255
1.44294
1.21506
0.979093
0.735335
0.484165
0.226075
-0.0383024
-0.30818
-0.582651
-0.860645
-1.14091
-1.42206
-1.70254
-1.98064
-2.25453
-2.52225
-2.78174
-3.03088
-3.26751
-3.4895
-3.69474
-3.88124
-4.04712
-4.19069
-4.31049
-4.40534
-4.47427
-4.51691
-4.53253
-4.52226
-4.48432
-4.43225
-4.36316
-4.2912
-4.17114
-4.08629
-3.87111
-3.84491
-3.40372
-3.67709
-2.59981
-3.92409
-0.926856
-5.64399
5.20011
5.2298
5.2613
5.29421
5.32881
5.36509
5.40316
5.44307
5.48489
5.52871
5.5746
5.62263
5.67287
5.72539
5.78027
5.83758
5.89738
5.95972
6.02467
6.09228
6.16259
6.23563
6.31142
6.38999
6.47132
6.55539
6.64217
6.73161
6.82363
6.91812
7.01494
7.11393
7.2149
7.31761
7.42179
7.52711
7.63322
7.73971
7.84611
7.95193
8.05661
8.15952
8.26003
8.3574
8.4509
8.53973
8.62306
8.70002
8.76973
8.8313
8.88382
8.92641
8.9582
8.97837
8.98613
8.9808
8.96174
8.92846
8.88057
8.81783
8.74015
8.64764
8.5406
8.41954
8.28521
8.13827
7.98133
7.83689
7.70483
7.5621
7.40816
7.24457
7.07086
6.90081
6.68943
6.61464
6.12836
6.87854
4.30875
10.0774
4.66563
4.63362
4.59929
4.5641
4.52725
4.48813
4.44673
4.40308
4.35705
4.30848
4.2573
4.20361
4.14744
4.08831
4.02564
3.95983
3.89192
3.82263
3.75197
3.67945
3.60416
3.52508
3.44081
3.3494
3.24902
3.13912
3.02038
2.89364
2.75971
2.61965
2.4736
2.32071
2.16027
1.99218
1.81655
1.63343
1.44277
1.24456
1.03892
0.826035
0.606169
0.379679
0.147026
-0.0911998
-0.334304
-0.581455
-0.831673
-1.08384
-1.33668
-1.58882
-1.83869
-2.08463
-2.32486
-2.55748
-2.78058
-2.99221
-3.19038
-3.37316
-3.53868
-3.68525
-3.81128
-3.91543
-3.99652
-4.05393
-4.08662
-4.0954
-4.07816
-4.04515
-3.99403
-3.94056
-3.84193
-3.77635
-3.58827
-3.57631
-3.17572
-3.44255
-2.44169
-3.70254
-0.862704
-5.40625
4.69267
4.71878
4.74647
4.77541
4.80586
4.83781
4.87134
4.90651
4.9434
4.98207
5.0226
5.06504
5.10948
5.15598
5.20461
5.25544
5.30853
5.36395
5.42176
5.48202
5.54477
5.61006
5.67793
5.7484
5.82149
5.89721
5.97554
6.05647
6.13995
6.22591
6.31426
6.40489
6.49766
6.59241
6.6889
6.7869
6.88613
6.98627
7.08693
7.18769
7.28811
7.38764
7.48573
7.58175
7.67504
7.7649
7.85055
7.93121
8.00605
8.07422
8.13485
8.18709
8.23003
8.26287
8.28478
8.29499
8.29285
8.27774
8.24914
8.20674
8.1503
8.07973
7.99521
7.89707
7.78587
7.66213
7.52817
7.40328
7.28814
7.16285
7.02683
6.88136
6.7265
6.57302
6.38536
6.31197
5.88431
6.55816
4.18163
9.678
4.22514
4.19737
4.16758
4.13703
4.10507
4.07115
4.03527
3.99746
3.9576
3.91553
3.87121
3.82467
3.77605
3.7253
3.67154
3.61276
3.54736
3.4756
3.3992
3.32003
3.2396
3.15931
3.0808
3.00548
2.93281
2.85957
2.78082
2.69117
2.58609
2.46458
2.33113
2.19216
2.0502
1.90399
1.7515
1.59181
1.42505
1.25156
1.07157
0.885155
0.692393
0.49348
0.288747
0.0786384
-0.136347
-0.355555
-0.578241
-0.803529
-1.03037
-1.25768
-1.48414
-1.70833
-1.92876
-2.1438
-2.35175
-2.55084
-2.73927
-2.91524
-3.07694
-3.22273
-3.35099
-3.4603
-3.54936
-3.61731
-3.66294
-3.68681
-3.68656
-3.66946
-3.63388
-3.59619
-3.51707
-3.4676
-3.3062
-3.30366
-2.94707
-3.198
-2.28505
-3.4645
-0.807054
-5.14532
4.24869
4.27148
4.29564
4.32091
4.3475
4.37542
4.40473
4.4355
4.46779
4.50166
4.53717
4.5744
4.61341
4.65426
4.69703
4.74177
4.78855
4.83744
4.88851
4.9418
4.99737
5.05527
5.11556
5.17827
5.24343
5.31107
5.38117
5.45373
5.52876
5.60625
5.68609
5.76822
5.85254
5.93896
6.0273
6.11733
6.20887
6.3017
6.39548
6.48986
6.58447
6.67885
6.77255
6.86506
6.95575
7.04404
7.12923
7.21061
7.28744
7.3589
7.42423
7.48258
7.53305
7.57487
7.60726
7.62935
7.64046
7.63997
7.6272
7.6018
7.56342
7.51179
7.44693
7.36909
7.27861
7.17589
7.06294
6.95612
6.85675
6.7478
6.6287
6.50052
6.36366
6.22625
6.06208
5.98847
5.62605
6.2075
4.063
9.23039
3.69611
3.67295
3.64804
3.62244
3.59567
3.5673
3.53729
3.50564
3.47228
3.43711
3.4
3.36079
3.31937
3.27566
3.22989
3.18251
3.13351
3.08208
3.02756
2.97041
2.91174
2.8521
2.791
2.72746
2.66055
2.58916
2.51157
2.42638
2.33422
2.23639
2.13249
2.02155
1.90404
1.78117
1.65327
1.52001
1.381
1.23609
1.08526
0.928601
0.766216
0.598225
0.424804
0.246229
0.0628165
-0.124968
-0.316607
-0.511469
-0.708786
-0.907716
-1.10726
-1.3063
-1.50363
-1.69791
-1.88772
-2.07149
-2.24768
-2.41463
-2.5707
-2.71425
-2.8437
-2.95756
-3.05443
-3.13323
-3.1926
-3.23263
-3.25116
-3.2513
-3.23373
-3.21257
-3.15749
-3.12287
-2.99731
-2.997
-2.70324
-2.91873
-2.12901
-3.1898
-0.769718
-4.85346
3.71589
3.7351
3.75545
3.77675
3.79917
3.82272
3.84746
3.87346
3.90075
3.92941
3.95949
3.99103
4.02411
4.0588
4.09515
4.13319
4.17304
4.21473
4.25833
4.30388
4.35146
4.40114
4.45294
4.50691
4.5631
4.62155
4.68229
4.74531
4.81064
4.87832
4.94826
5.02044
5.09483
5.17141
5.24999
5.33045
5.41268
5.49653
5.58175
5.66808
5.75523
5.84283
5.93059
6.01806
6.10474
6.19016
6.27373
6.35479
6.43278
6.50692
6.57653
6.64087
6.69904
6.75031
6.79396
6.82912
6.855
6.87097
6.87631
6.87049
6.85306
6.82364
6.7821
6.72842
6.66277
6.58546
6.498
6.41328
6.33333
6.24457
6.14655
6.04002
5.92585
5.80882
5.67564
5.5999
5.32906
5.77786
3.95751
8.68208
3.14938
3.13108
3.1114
3.09115
3.06999
3.04756
3.02384
2.99883
2.97248
2.9447
2.91539
2.88439
2.85168
2.81732
2.7816
2.74517
2.70878
2.67292
2.63708
2.59967
2.55894
2.51402
2.46458
2.41022
2.35028
2.28465
2.21422
2.14017
2.06336
1.98429
1.90278
1.81725
1.72564
1.62761
1.52445
1.41713
1.30551
1.18909
1.06756
0.940916
0.809176
0.672448
0.530786
0.384324
0.233242
0.0777855
-0.0816925
-0.244798
-0.411017
-0.579741
-0.750268
-0.92181
-1.09341
-1.26404
-1.43258
-1.59777
-1.75827
-1.91268
-2.05953
-2.19732
-2.32452
-2.43971
-2.5414
-2.62843
-2.69925
-2.75368
-2.78943
-2.8065
-2.80579
-2.80248
-2.76907
-2.75459
-2.6573
-2.67516
-2.42159
-2.64294
-1.91922
-2.95235
-0.65688
-4.66821
3.16515
3.18054
3.19683
3.21392
3.23191
3.25082
3.2707
3.29162
3.31359
3.33669
3.36095
3.38641
3.41315
3.44124
3.47068
3.50155
3.53393
3.56786
3.60341
3.64062
3.67954
3.72027
3.76284
3.80726
3.85363
3.90199
3.95239
4.00486
4.0594
4.11606
4.17485
4.23574
4.29878
4.36394
4.43112
4.50028
4.57136
4.64424
4.71879
4.79484
4.87218
4.95061
5.02987
5.10961
5.18953
5.26924
5.34827
5.42609
5.50225
5.57614
5.64712
5.71459
5.77778
5.83598
5.88851
5.93458
5.97339
6.00429
6.0265
6.03941
6.0425
6.03528
6.01743
5.98874
5.94917
5.89888
5.83905
5.77855
5.72003
5.65389
5.57964
5.49786
5.4096
5.31794
5.21703
5.1543
4.95343
5.35231
3.70303
8.32925
2.68684
2.67219
2.65645
2.64024
2.62329
2.60533
2.58631
2.56626
2.54515
2.52289
2.4994
2.47462
2.44849
2.42093
2.39185
2.36121
2.32894
2.29508
2.25981
2.2232
2.18487
2.14392
2.09982
2.05312
2.00487
1.95589
1.9061
1.85489
1.80129
1.74372
1.68084
1.61251
1.53935
1.46149
1.37871
1.29141
1.20033
1.10564
1.00699
0.904071
0.796758
0.685094
0.569117
0.448919
0.324581
0.196232
0.064085
-0.071615
-0.210515
-0.352212
-0.496202
-0.641925
-0.788674
-0.935677
-1.08207
-1.22685
-1.36895
-1.50722
-1.64043
-1.76726
-1.88637
-1.99645
-2.09609
-2.18414
-2.25909
-2.32056
-2.36626
-2.39421
-2.40509
-2.41453
-2.3974
-2.39868
-2.32397
-2.35801
-2.13701
-2.36841
-1.69704
-2.72109
-0.521911
-4.49424
2.69957
2.71205
2.72524
2.73909
2.75367
2.76902
2.78517
2.80213
2.81999
2.83877
2.85848
2.87919
2.90096
2.92383
2.94782
2.97301
2.99944
3.02717
3.05625
3.08672
3.1186
3.152
3.18695
3.2235
3.26171
3.3016
3.34324
3.38667
3.43191
3.479
3.52798
3.57883
3.63161
3.68632
3.74291
3.80136
3.86167
3.92373
3.98749
4.05285
4.11968
4.18784
4.25712
4.32731
4.3982
4.46949
4.54081
4.61179
4.68206
4.75118
4.81856
4.88373
4.9461
5.00501
5.05988
5.11
5.15466
5.19322
5.22496
5.24926
5.26559
5.27336
5.27219
5.26176
5.24188
5.21261
5.17482
5.13416
5.09353
5.0466
4.99289
4.93294
4.86783
4.79976
4.72819
4.68081
4.54233
4.9141
3.40616
7.98322
2.26526
2.25349
2.24085
2.22783
2.2142
2.19976
2.18448
2.16836
2.15138
2.13348
2.1146
2.09467
2.07367
2.05153
2.02815
2.00352
1.97754
1.95017
1.92139
1.89122
1.85983
1.82729
1.79324
1.75686
1.71766
1.67622
1.63358
1.59039
1.54651
1.50119
1.45326
1.40135
1.34474
1.28371
1.21862
1.14927
1.07569
0.998548
0.918376
0.835042
0.748183
0.657603
0.563267
0.46525
0.363629
0.258486
0.149937
0.0381296
-0.076703
-0.194296
-0.314276
-0.436264
-0.559738
-0.684114
-0.808756
-0.932878
-1.05565
-1.17615
-1.29338
-1.40626
-1.51362
-1.61435
-1.70719
-1.7911
-1.86465
-1.92746
-1.97725
-2.01098
-2.02901
-2.04665
-2.04125
-2.05373
-1.99742
-2.0432
-1.85204
-2.08847
-1.47036
-2.47713
-0.383339
-4.28443
2.27553
2.28561
2.29629
2.30748
2.31928
2.33172
2.34479
2.35853
2.373
2.38822
2.40422
2.42103
2.43872
2.4573
2.47681
2.49732
2.51885
2.54144
2.56516
2.59002
2.61608
2.64339
2.67201
2.70197
2.73333
2.76611
2.80036
2.83614
2.87347
2.91239
2.95295
2.99514
3.03902
3.08458
3.13181
3.18074
3.23133
3.28356
3.33739
3.39275
3.44957
3.50775
3.56714
3.62763
3.68903
3.75114
3.81369
3.87642
3.939
4.00113
4.06234
4.12226
4.18041
4.23626
4.28931
4.33898
4.38463
4.42574
4.46166
4.49179
4.51564
4.53263
4.54235
4.54448
4.53872
4.52506
4.50417
4.47917
4.45297
4.42184
4.38537
4.34411
4.29912
4.25231
4.20696
4.17501
4.09466
4.44018
3.08482
7.54539
1.87169
1.86242
1.85248
1.84221
1.83146
1.82008
1.80805
1.79535
1.78198
1.76788
1.75301
1.73733
1.72078
1.70334
1.68493
1.66554
1.64509
1.62353
1.60081
1.57688
1.55174
1.52544
1.49811
1.46978
1.43997
1.40793
1.37331
1.33675
1.29934
1.26162
1.22332
1.18363
1.14135
1.09543
1.04558
0.992082
0.934954
0.8741
0.809954
0.743188
0.673944
0.601925
0.526831
0.448574
0.367191
0.282764
0.195373
0.105101
0.0120852
-0.0834919
-0.181389
-0.28132
-0.382927
-0.485778
-0.589392
-0.693188
-0.796516
-0.898664
-0.998828
-1.09615
-1.18966
-1.27843
-1.36141
-1.43767
-1.50596
-1.56591
-1.61541
-1.65094
-1.67256
-1.69471
-1.69712
-1.71699
-1.67505
-1.72888
-1.5637
-1.80162
-1.23405
-2.21819
-0.23323
-4.04007
1.87982
1.8878
1.89626
1.90514
1.9145
1.92435
1.93472
1.94563
1.9571
1.96919
1.98191
1.99529
2.00936
2.02415
2.03969
2.05604
2.07321
2.09123
2.11016
2.13004
2.15091
2.17279
2.19573
2.21976
2.24495
2.27132
2.2989
2.32775
2.3579
2.38939
2.42225
2.45649
2.49218
2.52931
2.56787
2.60791
2.64943
2.6924
2.73681
2.78263
2.8298
2.87827
2.92796
2.97876
3.03055
3.0832
3.13652
3.19031
3.24431
3.2983
3.35194
3.40492
3.4569
3.50741
3.55607
3.60242
3.64593
3.68615
3.72253
3.75455
3.78177
3.80368
3.81986
3.83002
3.83389
3.83138
3.82295
3.80993
3.79502
3.77651
3.75407
3.72831
3.7002
3.67178
3.64864
3.63097
3.60154
3.92035
2.71581
7.02483
1.50998
1.50284
1.49516
1.48723
1.47893
1.47015
1.46085
1.45105
1.44072
1.42982
1.41833
1.4062
1.39341
1.37992
1.36569
1.3507
1.33489
1.3182
1.3006
1.28205
1.26251
1.24194
1.22038
1.19787
1.17453
1.15031
1.12468
1.09689
1.0668
1.03523
1.00318
0.971003
0.938255
0.904065
0.867347
0.827415
0.784269
0.738018
0.688583
0.636192
0.581505
0.524905
0.466224
0.405168
0.341595
0.275522
0.207027
0.136169
0.0630104
-0.0123459
-0.0897677
-0.169042
-0.249942
-0.332155
-0.415338
-0.499077
-0.582882
-0.666214
-0.748464
-0.828961
-0.906959
-0.981692
-1.05231
-1.11806
-1.17787
-1.23148
-1.27695
-1.31091
-1.33297
-1.35634
-1.36298
-1.38673
-1.35522
-1.41366
-1.27011
-1.5066
-0.98392
-1.94199
-0.0626503
-3.75734
1.51626
1.52242
1.52894
1.53579
1.543
1.5506
1.5586
1.56701
1.57587
1.58519
1.595
1.60532
1.61617
1.62758
1.63959
1.6522
1.66546
1.67937
1.694
1.70937
1.72549
1.74241
1.76016
1.77876
1.79828
1.81871
1.8401
1.86249
1.88591
1.91041
1.93598
1.96267
1.99053
2.01956
2.04975
2.08116
2.1138
2.14765
2.18271
2.219
2.25643
2.29504
2.33475
2.37548
2.41717
2.45972
2.50304
2.54694
2.59128
2.63588
2.68047
2.72485
2.76877
2.81184
2.85378
2.89424
2.93281
2.96909
3.00265
3.03312
3.06005
3.08305
3.10176
3.11592
3.12527
3.12974
3.12964
3.12508
3.11839
3.10923
3.09744
3.08366
3.06879
3.05518
3.04945
3.04337
3.056
3.34725
2.28106
6.42041
1.13204
1.12678
1.12112
1.11526
1.10914
1.10266
1.09582
1.0886
1.08099
1.07297
1.06451
1.05559
1.04619
1.03628
1.02584
1.01484
1.00323
0.991003
0.978114
0.964536
0.950216
0.935134
0.919271
0.902625
0.885233
0.867172
0.848533
0.829162
0.808437
0.785719
0.761169
0.735753
0.710338
0.68507
0.65944
0.632601
0.603762
0.572562
0.538941
0.502747
0.463988
0.423144
0.380667
0.336452
0.290137
0.241533
0.190698
0.137792
0.0829646
0.0263171
-0.0320509
-0.0919986
-0.153345
-0.215866
-0.279306
-0.343361
-0.407683
-0.471875
-0.535498
-0.598071
-0.659038
-0.717832
-0.773808
-0.826429
-0.874803
-0.918812
-0.95679
-0.985975
-1.00553
-1.02702
-1.03451
-1.05871
-1.03378
-1.09331
-0.966888
-1.1983
-0.71541
-1.63897
0.130988
-3.39486
1.1367
1.14128
1.14613
1.15123
1.1566
1.16228
1.16825
1.17454
1.18116
1.18814
1.19548
1.20321
1.21135
1.21993
1.22896
1.23845
1.24843
1.25893
1.26998
1.28159
1.29378
1.30659
1.32005
1.33417
1.34898
1.36452
1.38079
1.39784
1.4157
1.43438
1.45391
1.4743
1.49559
1.51779
1.54091
1.56497
1.58999
1.61596
1.64286
1.67074
1.69953
1.72924
1.75983
1.79124
1.82345
1.85637
1.88994
1.92406
1.95861
1.99346
2.02845
2.06342
2.09819
2.1325
2.16616
2.19889
2.2304
2.26042
2.2886
2.31468
2.33831
2.35916
2.37705
2.39166
2.40282
2.41051
2.41492
2.41545
2.4141
2.41125
2.40683
2.40152
2.39593
2.39268
2.39805
2.39768
2.43988
2.70101
1.74948
5.67246
0.828265
0.82467
0.820814
0.816831
0.812662
0.808241
0.803562
0.798633
0.793432
0.787926
0.782122
0.775999
0.769528
0.762705
0.75551
0.747905
0.739875
0.73141
0.722478
0.713046
0.703095
0.692595
0.681512
0.669826
0.65754
0.644665
0.631252
0.617399
0.60313
0.588114
0.571628
0.553256
0.533508
0.513397
0.493434
0.473268
0.452071
0.429004
0.403735
0.376459
0.347356
0.316446
0.284246
0.251496
0.218393
0.184583
0.149628
0.113324
0.0756862
0.0368005
-0.0032519
-0.0444035
-0.0865694
-0.129632
-0.173434
-0.217794
-0.262479
-0.307225
-0.351734
-0.395686
-0.438691
-0.480368
-0.520263
-0.558031
-0.592993
-0.625173
-0.653198
-0.675367
-0.690181
-0.707391
-0.71295
-0.734826
-0.71303
-0.770808
-0.656821
-0.879816
-0.431389
-1.30538
0.340463
-2.90392
0.831401
0.834436
0.837662
0.84104
0.844595
0.848333
0.852259
0.856392
0.860745
0.865316
0.870112
0.87515
0.880451
0.886025
0.891875
0.89801
0.904453
0.91123
0.918337
0.925788
0.933598
0.941797
0.950409
0.959423
0.968865
0.97876
0.989127
0.999978
1.01134
1.02322
1.03565
1.04864
1.06221
1.07637
1.09113
1.10654
1.1226
1.1393
1.15666
1.17469
1.19338
1.21272
1.23271
1.25332
1.27455
1.29633
1.31864
1.34143
1.36461
1.38809
1.4118
1.43562
1.4594
1.48302
1.50634
1.52916
1.55127
1.57251
1.59266
1.61152
1.62886
1.64446
1.6582
1.66985
1.67933
1.68664
1.6919
1.69459
1.69555
1.69554
1.69467
1.69361
1.6928
1.69539
1.70668
1.70725
1.76542
1.99436
1.13369
4.71578
0.341752
0.33937
0.336794
0.334121
0.331323
0.328361
0.325228
0.321922
0.318431
0.314739
0.310841
0.306726
0.30237
0.29776
0.292894
0.28774
0.282274
0.276487
0.270351
0.263837
0.25692
0.249569
0.241745
0.233405
0.224514
0.215039
0.20494
0.194148
0.182503
0.169818
0.155943
0.140764
0.124842
0.110588
0.102481
0.105249
0.121193
0.148681
0.182205
0.213725
0.235232
0.241456
0.231493
0.208905
0.179983
0.150255
0.122115
0.0954271
0.0693001
0.043193
0.0170363
-0.00905314
-0.034998
-0.060778
-0.0863847
-0.111795
-0.136957
-0.1618
-0.186229
-0.21014
-0.23338
-0.255801
-0.277196
-0.297449
-0.316139
-0.333462
-0.348345
-0.360525
-0.368022
-0.378312
-0.379158
-0.395765
-0.374419
-0.425808
-0.32496
-0.523348
-0.135742
-0.874265
0.485227
-2.03261
0.343885
0.346014
0.348281
0.350662
0.353178
0.355828
0.358612
0.361559
0.364677
0.367958
0.371406
0.375039
0.378876
0.382916
0.387164
0.39163
0.396334
0.401292
0.406489
0.411945
0.417683
0.423706
0.43002
0.436632
0.443554
0.450794
0.458366
0.466268
0.474507
0.483102
0.492041
0.501339
0.510986
0.520981
0.531328
0.542029
0.553082
0.564461
0.576179
0.58822
0.600555
0.613179
0.62609
0.639261
0.652658
0.666274
0.680061
0.693991
0.708029
0.722119
0.736232
0.750298
0.764267
0.778069
0.791652
0.804925
0.817807
0.83025
0.842115
0.853308
0.8637
0.873193
0.88172
0.889119
0.895365
0.900478
0.904555
0.906968
0.90878
0.910541
0.91239
0.914522
0.916246
0.919297
0.926404
0.912468
0.950756
1.13792
0.368167
3.23058
0.302966
0.302931
0.302921
0.302916
0.302899
0.302876
0.30285
0.302818
0.302778
0.302738
0.302701
0.302665
0.302628
0.302595
0.302576
0.302577
0.3026
0.302657
0.302757
0.30292
0.303165
0.303515
0.304008
0.304664
0.305474
0.306376
0.307272
0.30822
0.309727
0.313131
0.320692
0.334812
0.356097
0.380927
0.400488
0.40293
0.377846
0.320763
0.235813
0.136049
0.0405225
-0.0319718
-0.0706559
-0.0774667
-0.0646276
-0.0463342
-0.0314088
-0.0219558
-0.0164921
-0.013259
-0.0115023
-0.0111724
-0.012318
-0.01484
-0.0185345
-0.0231904
-0.0286182
-0.0346384
-0.0410777
-0.0477779
-0.0545874
-0.0613829
-0.0680226
-0.0744759
-0.0805033
-0.0863979
-0.0914956
-0.0966574
-0.0988809
-0.103581
-0.101692
-0.112248
-0.095855
-0.132093
-0.0639195
-0.193487
0.0461786
-0.376175
0.390562
-0.878378
0.302973
0.30294
0.302893
0.302825
0.302743
0.302644
0.302515
0.302364
0.302189
0.301984
0.301744
0.301467
0.301156
0.300802
0.300404
0.299956
0.299457
0.298911
0.298301
0.297632
0.296908
0.296118
0.295259
0.294336
0.293347
0.292291
0.291173
0.289991
0.288748
0.287457
0.286118
0.284741
0.283326
0.281893
0.280452
0.279012
0.277587
0.276189
0.274845
0.27356
0.272342
0.271211
0.270187
0.269275
0.268487
0.267842
0.267337
0.266985
0.266786
0.26675
0.266879
0.26715
0.267549
0.268038
0.268584
0.269134
0.269654
0.270133
0.270515
0.270794
0.270959
0.271019
0.270989
0.270865
0.27075
0.270602
0.27056
0.271891
0.271151
0.269086
0.265955
0.262497
0.259621
0.261184
0.271824
0.275228
0.309421
0.409827
0.00586136
1.35224
)
;

boundaryField
{
    inlet
    {
        type            freestreamPressure;
        freestreamValue uniform 0;
        value           nonuniform List<scalar> 
134
(
0.742688
0.0445727
-0.682816
-1.31231
-1.76498
-2.03874
-2.0806
-1.88653
-1.46114
-0.682075
-0.125424
-0.202953
-0.33951
-0.468312
-0.598717
-0.735381
-0.879538
-1.03193
-1.1947
-1.37173
1.42531
-1.56836
-1.78733
-2.01849
-2.2358
-2.39288
-2.46918
-2.6039
-2.60732
-2.65882
-3.17464
-2.91866
-2.9296
-2.98656
-3.02891
-3.04998
-3.07038
-3.12302
-3.25494
-3.41481
2.069
2.7328
3.29651
3.60862
3.55806
2.9527
1.59352
-3.76575
-3.68368
-3.55533
-3.47224
-3.41081
-3.34189
-3.26415
-3.18451
-3.10501
-3.02449
-2.94196
-2.85741
-2.77088
-2.68185
-2.58947
-2.49218
-2.38735
-2.27225
-2.1434
-2.06162
-1.98476
-1.89202
-1.78396
-1.65888
-1.49855
-1.28145
-0.896633
-0.387255
0.552193
1.22221
1.9643
2.69716
3.40918
4.08383
4.6561
5.0935
5.40653
5.60554
5.71751
5.77256
5.7969
5.81176
5.84813
5.95562
6.15324
6.36839
6.54485
6.68958
6.81494
6.92321
7.01054
7.07495
7.11767
7.14254
7.15858
7.18414
7.26568
7.47354
7.92328
8.11287
7.92182
7.70214
7.5615
7.44625
7.31515
7.17164
7.0264
6.88056
6.73123
6.57671
6.41626
6.24894
6.0729
5.88531
5.6825
5.4576
5.20555
4.89673
4.69827
4.50376
4.25756
3.96478
3.62471
3.2036
2.66449
1.82619
0.764987
)
;
    }
    outlet
    {
        type            freestreamPressure;
        freestreamValue uniform 0;
        value           nonuniform List<scalar> 
160
(
0.000904706
0.000904798
0.000904534
0.000904769
0.000904427
0.000904711
0.000904325
0.000904594
0.000904187
0.00090444
0.000904026
0.000904242
0.00090385
0.000903962
0.000903648
0.000903623
0.000903418
0.00090322
0.000903179
0.000902734
0.000902943
0.000902156
0.000902702
0.000901475
0.00090245
0.000900701
0.000902198
0.000899813
0.000901983
0.000898801
0.000901813
0.000897656
0.000901701
0.000896372
0.000901678
0.000894959
0.00090177
0.000893373
0.000902033
0.000891626
0.000902523
0.000889733
0.000903307
0.000887659
0.000904501
0.000885402
0.000906178
0.000882971
0.000908338
0.000880369
0.000910815
0.000877586
0.000913299
0.000874648
0.000915833
0.000871543
0.000919669
0.000868286
0.000928473
0.000864915
0.000948761
0.000861434
0.000987783
0.000857872
0.00104797
0.000854238
0.00111985
0.000850587
0.00117884
0.000846958
0.00119052
0.000843376
0.00112252
0.00083989
0.000958253
0.00083654
0.000707207
0.000833411
0.000408392
0.000830522
0.000121375
0.000827903
-9.53445e-05
0.00082562
-0.000209632
0.000823743
-0.000228824
0.000822291
-0.000190342
0.000821313
-0.000136282
0.000820874
-9.23605e-05
0.000820978
-6.45791e-05
0.000821671
-4.85234e-05
0.000822972
-3.90196e-05
0.000824925
-3.38555e-05
0.000827548
-3.28906e-05
0.000830787
-3.62718e-05
0.000834621
-4.37122e-05
0.000838949
-5.46175e-05
0.000843684
-6.83736e-05
0.000848688
-8.44324e-05
0.000853862
-0.000102277
0.000859203
-0.000121411
0.000864548
-0.000141384
0.000869893
-0.000161766
0.000875228
-0.00018221
0.000880595
-0.000202317
0.000886068
-0.000222011
0.000891658
-0.000240606
0.000897714
-0.000258973
0.000904155
-0.000275187
0.000911469
-0.000291598
0.000922784
-0.000299296
0.0009265
-0.000314428
0.000926405
-0.000310288
0.000923327
-0.000343219
0.000919837
-0.000295972
0.000919193
-0.000406512
0.000935238
-0.000201401
0.000985568
-0.000594663
0.00101323
0.000151695
0.00115609
-0.00111969
0.00155899
0.00141854
2.34933e-05
-0.00227726
0.00500607
)
;
    }
    walls
    {
        type            zeroGradient;
    }
    frontAndBack
    {
        type            empty;
    }
}


// ************************************************************************* //
