/*--------------------------------*- C++ -*----------------------------------*\
| =========                 |                                                 |
| \\      /  F ield         | OpenFOAM: The Open Source CFD Toolbox           |
|  \\    /   O peration     | Version:  2306                                  |
|   \\  /    A nd           | Website:  www.openfoam.com                      |
|    \\/     M anipulation  |                                                 |
\*---------------------------------------------------------------------------*/
FoamFile
{
    version     2.0;
    format      ascii;
    arch        "LSB;label=32;scalar=64";
    class       volVectorField;
    location    "825";
    object      U;
}
// * * * * * * * * * * * * * * * * * * * * * * * * * * * * * * * * * * * * * //

dimensions      [0 1 -1 0 0 0 0];

internalField   nonuniform List<vector> 
1340
(
(13.5776 -2.20872 -5.02547e-16)
(11.7314 -2.06648 8.63929e-16)
(9.72604 -1.82206 2.14973e-15)
(3.48754 -1.07559 1.69577e-14)
(17.1191 -2.7795 -4.99494e-15)
(15.1492 -2.63281 1.57988e-15)
(13.0645 -2.36656 -6.59358e-16)
(7.06347 -1.47585 4.49198e-15)
(20.4315 -3.21343 1.06788e-14)
(18.0249 -3.02205 -2.38957e-15)
(15.5374 -2.65342 -3.7144e-16)
(9.75569 -1.88528 -6.25296e-15)
(24.0051 -3.63038 -2.50216e-15)
(21.0745 -3.39197 3.31648e-15)
(18.0882 -2.91003 6.54351e-16)
(12.3259 -2.20254 3.04655e-15)
(27.5893 -3.97641 3.56945e-16)
(24.2474 -3.73118 4.74727e-16)
(20.7884 -3.16238 -4.46107e-17)
(14.9283 -2.47014 -3.73995e-15)
(30.0277 -4.13077 -3.40884e-15)
(27.0863 -3.96964 -4.23889e-15)
(23.5158 -3.38273 -3.57013e-17)
(17.5877 -2.71579 1.02117e-15)
(30.25 -4.01961 6.90889e-15)
(28.613 -4.00915 1.10102e-15)
(25.8273 -3.5115 -6.537e-17)
(20.2005 -2.92697 6.55743e-16)
(29.3625 -3.79843 -7.48914e-15)
(28.511 -3.85057 1.75623e-15)
(27.1015 -3.48944 2.31518e-16)
(22.46 -3.0642 1.84046e-15)
(28.8605 -3.62212 2.75755e-15)
(27.8176 -3.64098 -1.48856e-15)
(27.2403 -3.33317 -7.5031e-16)
(23.9945 -3.08614 -1.38451e-15)
(28.861 -3.48976 -1.28681e-15)
(27.4791 -3.48136 1.4119e-15)
(26.8403 -3.13432 2.41855e-16)
(24.7094 -2.99191 -1.67678e-15)
(28.9713 -3.36174 -7.595e-16)
(27.5273 -3.35901 -1.86259e-15)
(26.5195 -2.96201 1.02288e-16)
(24.8895 -2.82142 7.5017e-16)
(29.0094 -3.22284 -1.18245e-15)
(27.6674 -3.23543 -1.22065e-15)
(26.4492 -2.82405 -8.69876e-17)
(24.9072 -2.62524 1.60443e-15)
(28.9894 -3.07594 4.22691e-15)
(27.746 -3.0961 6.38506e-17)
(26.5164 -2.69893 3.63251e-16)
(24.9611 -2.43401 -1.62634e-15)
(28.9583 -2.92474 -5.53452e-15)
(27.7653 -2.94552 1.86534e-15)
(26.5981 -2.57058 1.81492e-16)
(25.0776 -2.25652 1.70163e-15)
(28.934 -2.77 4.13427e-15)
(27.7667 -2.79009 -8.90097e-16)
(26.6526 -2.43479 -7.47885e-16)
(25.219 -2.08941 -1.64872e-15)
(28.9149 -2.61121 -3.14438e-16)
(27.7729 -2.63213 8.03148e-17)
(26.6879 -2.29396 8.36247e-16)
(25.3554 -1.928 4.91296e-16)
(28.896 -2.44838 -8.07237e-16)
(27.786 -2.47146 3.38335e-16)
(26.7203 -2.1503 1.3441e-17)
(25.4789 -1.77029 -1.48224e-16)
(28.8756 -2.28175 -3.23086e-16)
(27.8019 -2.30763 3.15888e-16)
(26.7572 -2.00478 -7.34504e-16)
(25.5931 -1.61607 3.40434e-16)
(28.8535 -2.11171 2.01741e-15)
(27.8175 -2.14075 -7.061e-16)
(26.7988 -1.85756 -5.47677e-16)
(25.7023 -1.46551 5.07841e-16)
(28.83 -1.93855 -1.99155e-16)
(27.8318 -1.97113 1.42595e-16)
(26.8431 -1.70839 9.9381e-17)
(25.8087 -1.31846 -1.27379e-16)
(28.8051 -1.76264 6.19994e-17)
(27.845 -1.79923 6.43155e-16)
(26.8884 -1.55738 8.86505e-16)
(25.9122 -1.1748 -1.63326e-16)
(28.7786 -1.58434 1.02202e-15)
(27.8568 -1.62548 -6.68904e-16)
(26.934 -1.40474 -2.63649e-16)
(26.0124 -1.03392 -3.78118e-17)
(28.7502 -1.40408 -1.99403e-15)
(27.8673 -1.45027 6.47396e-16)
(26.9792 -1.25078 2.45572e-16)
(26.1087 -0.895604 -3.1453e-17)
(28.7199 -1.22235 2.97571e-16)
(27.876 -1.27397 -3.31932e-16)
(27.0237 -1.09563 -3.31081e-16)
(26.2011 -0.759279 3.77415e-17)
(28.6873 -1.03965 3.06067e-16)
(27.8828 -1.09708 9.30359e-16)
(27.067 -0.939723 6.25308e-16)
(26.2892 -0.624758 -1.72746e-16)
(28.6524 -0.856472 5.68354e-16)
(27.8872 -0.919952 -4.54366e-16)
(27.1085 -0.783227 -9.68219e-16)
(26.3729 -0.491704 1.39543e-16)
(28.6151 -0.67347 -5.6535e-16)
(27.8891 -0.743175 -1.41796e-15)
(27.1479 -0.626645 -1.06775e-16)
(26.4521 -0.360029 -1.61685e-16)
(28.5751 -0.491139 -5.02624e-16)
(27.8882 -0.567044 7.78559e-16)
(27.1846 -0.470112 -1.58675e-16)
(26.5267 -0.229422 2.92602e-16)
(28.5325 -0.310089 8.52568e-16)
(27.8843 -0.392182 5.5793e-16)
(27.2182 -0.314138 6.74315e-16)
(26.5964 -0.0997589 -2.46822e-16)
(28.487 -0.130966 -9.64224e-16)
(27.8771 -0.218954 -6.26423e-16)
(27.2482 -0.158962 -3.75556e-16)
(26.6612 0.0290859 5.9498e-16)
(28.4388 0.0457065 1.16273e-15)
(27.8666 -0.0479168 9.49261e-16)
(27.2745 -0.00505239 9.7899e-16)
(26.7208 0.157187 -1.05296e-15)
(28.3878 0.219331 -5.5333e-16)
(27.8526 0.12056 -6.29126e-16)
(27.2965 0.147255 -5.94077e-16)
(26.7751 0.284437 4.3253e-16)
(28.3341 0.389322 -3.04747e-16)
(27.8349 0.285961 8.67839e-16)
(27.3142 0.29762 -2.47847e-16)
(26.8239 0.410818 -2.41127e-16)
(28.7026 0.741962 1.27919e-15)
(28.2776 0.555206 4.86213e-16)
(27.8136 0.447842 -2.74014e-16)
(27.3273 0.445599 1.01222e-15)
(26.8672 0.536171 1.56293e-16)
(28.611 0.899483 -1.41657e-15)
(28.2186 0.716445 5.04887e-16)
(27.7886 0.605819 -1.11866e-15)
(27.3358 0.590866 -7.0094e-16)
(26.9048 0.660297 -5.38241e-16)
(28.5182 1.05135 3.45613e-16)
(28.1572 0.872617 -5.87392e-16)
(27.76 0.759481 2.76914e-16)
(27.3394 0.733067 -1.00428e-17)
(26.9368 0.78299 1.8936e-16)
(28.4245 1.1972 -2.03787e-16)
(28.0935 1.02334 5.62254e-17)
(27.7277 0.908466 7.50843e-16)
(27.3384 0.871868 3.90801e-16)
(26.9631 0.904 6.44034e-16)
(28.3302 1.33676 6.24634e-16)
(28.0278 1.16826 -9.80378e-17)
(27.6921 1.05244 -7.63651e-16)
(27.3326 1.00693 5.04492e-16)
(26.9837 1.02304 -2.41301e-16)
(28.2357 1.46981 -8.99591e-16)
(27.9602 1.3071 2.12455e-16)
(27.6532 1.19112 7.49928e-16)
(27.3222 1.13797 1.26475e-16)
(26.9987 1.13982 5.44994e-17)
(28.1412 1.59618 -4.14125e-16)
(27.8912 1.43965 -5.36109e-16)
(27.6112 1.32426 -5.61522e-16)
(27.3074 1.26473 -1.17319e-15)
(27.0083 1.25405 -3.07839e-16)
(28.0471 1.7158 3.65211e-16)
(27.8209 1.56575 -3.35843e-17)
(27.5663 1.45165 2.86794e-16)
(27.2883 1.38694 4.84405e-16)
(27.0126 1.36546 -2.30346e-16)
(27.9537 1.82865 4.47583e-16)
(27.7496 1.6853 8.18477e-16)
(27.5189 1.57316 1.08461e-16)
(27.2652 1.50441 3.84951e-16)
(27.0117 1.47374 -1.30078e-17)
(27.8612 1.93475 -4.92076e-17)
(27.6777 1.79827 -3.83443e-16)
(27.4692 1.68866 -4.71968e-16)
(27.2383 1.61696 4.57707e-17)
(27.0061 1.57865 5.83248e-16)
(27.77 2.0342 -7.28634e-16)
(27.6054 1.90467 2.83241e-16)
(27.4175 1.79811 3.79855e-16)
(27.208 1.72445 -3.59299e-16)
(26.9958 1.67995 -5.84837e-16)
(27.6801 2.12713 2.61132e-17)
(27.5329 2.00458 4.9013e-16)
(27.3641 1.90151 1.00737e-16)
(27.1746 1.82679 3.01744e-16)
(26.9813 1.77742 2.50401e-17)
(27.7027 2.34157 4.43919e-18)
(27.592 2.21372 -9.87396e-17)
(27.4606 2.09811 -1.56777e-16)
(27.3094 1.99888 5.15335e-16)
(27.1383 1.92392 -4.13989e-16)
(26.9629 1.87089 5.89103e-16)
(27.6039 2.41312 1.14492e-16)
(27.5057 2.29419 1.33867e-16)
(27.3887 2.18541 1.49244e-16)
(27.2536 2.0903 -6.72546e-16)
(27.0996 2.01581 4.26034e-17)
(26.9408 1.96022 -5.04181e-16)
(27.5084 2.47922 -8.72181e-17)
(27.4213 2.36877 2.40991e-16)
(27.3175 2.26669 3.42744e-18)
(27.197 2.1759 -2.86782e-16)
(27.0588 2.10249 4.11759e-16)
(26.9155 2.04529 2.04479e-16)
(27.4161 2.54013 -3.1314e-16)
(27.3391 2.43773 -1.66337e-16)
(27.2472 2.34216 -3.67928e-16)
(27.14 2.25581 3.93199e-16)
(27.0162 2.184 -6.1326e-16)
(26.8872 2.12604 -2.24826e-16)
(27.3271 2.59615 3.70052e-16)
(27.2592 2.50135 6.23747e-17)
(27.1778 2.41205 4.21323e-16)
(27.0827 2.33022 -4.52936e-16)
(26.9721 2.26043 -3.04159e-17)
(26.8564 2.20243 1.51959e-16)
(27.2413 2.64758 -1.4893e-16)
(27.1815 2.5599 1.37348e-16)
(27.1097 2.47663 6.53783e-17)
(27.0255 2.39933 4.69218e-17)
(26.9269 2.3319 1.59117e-16)
(26.8234 2.27447 4.18669e-16)
(27.1588 2.69468 2.48882e-17)
(27.1062 2.61369 -3.43677e-17)
(27.0429 2.53618 -1.32886e-16)
(26.9685 2.46336 3.98198e-17)
(26.8808 2.39854 -1.17619e-16)
(26.7885 2.34218 -3.46207e-16)
(27.0795 2.73775 -6.47953e-16)
(27.0333 2.66299 -3.66196e-17)
(26.9776 2.59095 -2.1551e-17)
(26.912 2.52253 2.40849e-16)
(26.8342 2.46051 3.86729e-16)
(26.752 2.40563 6.23042e-17)
(27.0033 2.77707 1.98466e-16)
(26.9628 2.70811 -7.76971e-17)
(26.9139 2.64123 1.00296e-16)
(26.8561 2.5771 -4.35178e-16)
(26.7872 2.51799 -3.12347e-16)
(26.7142 2.46492 -2.96422e-16)
(26.959 2.8775 -1.4495e-16)
(26.9301 2.8129 -2.29265e-16)
(26.8947 2.74932 7.31729e-17)
(26.8518 2.68731 1.62319e-16)
(26.801 2.62731 2.85823e-16)
(26.7401 2.57118 8.14259e-17)
(26.6755 2.52014 4.90796e-16)
(26.8851 2.90486 2.2064e-16)
(26.8599 2.84549 -1.5329e-16)
(26.8289 2.78689 1.98183e-16)
(26.7914 2.72944 5.33448e-17)
(26.7468 2.67341 -8.49397e-17)
(26.693 2.62028 -2.00619e-16)
(26.636 2.57145 6.27077e-17)
(26.8145 2.92965 -1.60802e-16)
(26.7925 2.87508 3.00747e-16)
(26.7655 2.82107 2.58428e-17)
(26.7327 2.76789 -3.93701e-16)
(26.6936 2.71565 3.86677e-16)
(26.6463 2.66549 -1.93063e-16)
(26.5961 2.61897 -2.09737e-16)
(26.7471 2.95208 -2.4713e-16)
(26.7279 2.90189 -5.77372e-18)
(26.7043 2.85213 -3.48262e-17)
(26.6757 2.80292 4.49603e-16)
(26.6415 2.75426 9.73607e-18)
(26.6 2.70703 -3.22695e-16)
(26.5558 2.66289 5.66626e-16)
(26.6826 2.97232 -5.55045e-17)
(26.6659 2.92615 7.50564e-17)
(26.6454 2.88029 4.58538e-17)
(26.6205 2.83476 -1.2282e-16)
(26.5907 2.7895 2.13254e-16)
(26.5542 2.7451 -2.47818e-16)
(26.5155 2.70335 9.37541e-17)
(26.6209 2.99055 -2.45246e-17)
(26.6064 2.94804 -1.63237e-16)
(26.5886 2.90576 1.94985e-17)
(26.567 2.86366 -9.24848e-17)
(26.541 2.82157 3.51368e-17)
(26.5091 2.77992 -2.3823e-16)
(26.4753 2.74054 2.29202e-16)
(26.5619 3.00691 1.08624e-16)
(26.5494 2.96775 -5.72747e-17)
(26.534 2.92875 -7.49076e-17)
(26.5152 2.88981 3.82352e-16)
(26.4927 2.8507 2.74628e-16)
(26.4648 2.81168 -1.86238e-16)
(26.4353 2.77462 2.01547e-17)
(26.5141 3.05787 -1.37952e-17)
(26.5056 3.02156 1.27186e-16)
(26.4947 2.98545 -8.56734e-17)
(26.4814 2.94945 1.3261e-16)
(26.4652 2.91343 -1.32155e-17)
(26.4456 2.8771 5.07032e-17)
(26.4213 2.84057 -3.27443e-17)
(26.3957 2.80577 9.87191e-17)
(26.4591 3.06818 -7.37539e-17)
(26.4518 3.03464 -1.93357e-16)
(26.4425 3.0013 1.60699e-16)
(26.431 2.96804 1.75548e-16)
(26.4169 2.9347 5.5353e-17)
(26.4 2.90096 -2.05359e-16)
(26.3788 2.86679 1.51422e-16)
(26.3566 2.83417 -2.44521e-16)
(26.4069 3.07731 -5.96654e-17)
(26.4006 3.0463 8.63455e-17)
(26.3926 3.01547 9.31216e-18)
(26.3827 2.98472 -2.15516e-16)
(26.3705 2.95383 1.27612e-16)
(26.3559 2.92248 3.96009e-17)
(26.3375 2.89053 1.2883e-16)
(26.3182 2.85999 -3.12381e-17)
(26.3573 3.08533 -1.08053e-16)
(26.3519 3.0566 5.74053e-17)
(26.345 3.02806 -3.18363e-17)
(26.3365 2.99959 -1.48881e-16)
(26.326 2.97096 4.75753e-16)
(26.3134 2.94183 -3.36768e-16)
(26.2974 2.91196 -1.44335e-16)
(26.2808 2.88338 -3.66835e-17)
(26.3101 3.09238 1.2527e-16)
(26.3056 3.06571 -8.1751e-18)
(26.2998 3.03926 5.15385e-17)
(26.2925 3.01287 -1.24439e-16)
(26.2835 2.9863 -8.87373e-17)
(26.2726 2.95921 5.54771e-17)
(26.2588 2.93129 6.9673e-17)
(26.2444 2.90457 9.32335e-17)
(26.2654 3.09834 7.25256e-17)
(26.2616 3.07356 -9.45786e-18)
(26.2567 3.049 -1.7447e-16)
(26.2505 3.02451 -2.43055e-18)
(26.2429 2.99985 1.39689e-16)
(26.2336 2.97463 -2.85219e-16)
(26.2217 2.94854 6.18953e-17)
(26.2093 2.92356 -1.69254e-16)
(26.2289 3.10275 1.30986e-16)
(26.2255 3.07941 -1.40551e-16)
(26.2212 3.05633 2.27035e-16)
(26.2157 3.03334 -5.96796e-17)
(26.209 3.01018 -7.3048e-17)
(26.2007 2.98651 -6.32715e-17)
(26.1902 2.96193 2.26788e-16)
(26.1792 2.93847 -9.74764e-17)
(26.2014 3.12864 -2.72705e-17)
(26.1992 3.10613 -7.36092e-17)
(26.1962 3.08397 2.62254e-17)
(26.1921 3.06208 4.24082e-17)
(26.1871 3.04031 -1.18328e-16)
(26.1808 3.0184 7.29928e-17)
(26.1732 2.996 2.47733e-16)
(26.1635 2.97271 -3.01852e-16)
(26.1534 2.95055 1.39283e-16)
(26.1713 3.1304 -7.3025e-18)
(26.1694 3.10897 2.22169e-17)
(26.1666 3.08791 -1.55188e-16)
(26.1629 3.06715 8.46306e-17)
(26.1583 3.04653 5.72511e-17)
(26.1525 3.0258 2.78335e-17)
(26.1455 3.00461 -2.09657e-16)
(26.1366 2.98255 7.90398e-17)
(26.1274 2.9616 1.23876e-16)
(26.1408 3.13233 1.75442e-18)
(26.139 3.11209 1.38015e-16)
(26.1366 3.09223 1.15772e-16)
(26.1333 3.07269 -4.28987e-17)
(26.1291 3.05331 3.00813e-17)
(26.1239 3.03383 -7.96365e-17)
(26.1176 3.01391 1.64316e-16)
(26.1094 2.99316 -5.40579e-16)
(26.1009 2.97358 2.37088e-16)
(26.1108 3.13249 1.41451e-19)
(26.1092 3.11308 1.24631e-16)
(26.107 3.09408 -2.6035e-16)
(26.1041 3.07544 -1.63937e-17)
(26.1003 3.057 1.48193e-16)
(26.0956 3.03853 -1.78181e-16)
(26.0898 3.01968 3.49175e-16)
(26.0825 2.99997 -3.43394e-16)
(26.0751 2.98132 3.48862e-16)
(26.0798 3.13577 -3.31347e-17)
(26.0785 3.11778 -8.72375e-17)
(26.0766 3.10019 1.19646e-16)
(26.0741 3.08295 7.40982e-17)
(26.0708 3.06589 -3.54529e-16)
(26.0667 3.04876 2.37364e-16)
(26.0616 3.03126 2.12919e-16)
(26.0549 3.01305 -9.00945e-17)
(26.0476 2.99615 -1.19955e-16)
(26.0523 3.12985 -1.72004e-17)
(26.0512 3.11195 -2.95706e-17)
(26.0497 3.09453 7.37085e-17)
(26.0474 3.07756 -5.53077e-18)
(26.0443 3.06091 -9.93709e-17)
(26.0405 3.04432 -1.40666e-16)
(26.0359 3.02745 2.12436e-16)
(26.0303 3.00963 -2.66308e-17)
(26.0251 2.99273 4.18163e-17)
(26.0191 3.14335 3.11057e-17)
(26.0183 3.12792 -2.60822e-17)
(26.0172 3.11285 -1.13353e-16)
(26.0156 3.09807 -2.43829e-17)
(26.0134 3.08343 1.76593e-17)
(26.0106 3.06873 2.08207e-17)
(26.0068 3.05373 3.38237e-17)
(26.0009 3.03839 -4.45626e-17)
(25.9938 3.02461 7.93326e-17)
(26.0015 3.11169 -1.84232e-17)
(26.001 3.09419 -5.8212e-17)
(25.9999 3.07737 -2.76722e-17)
(25.9981 3.06121 6.14112e-17)
(25.9957 3.04556 2.01812e-17)
(25.9927 3.03013 -9.55147e-18)
(25.9893 3.01452 1.22951e-16)
(25.9864 2.99754 -6.09342e-17)
(25.985 2.98132 -9.30239e-17)
(25.9556 3.17327 1.58572e-16)
(25.9558 3.16142 -5.82169e-17)
(25.9559 3.14965 1.79832e-17)
(25.9558 3.13797 -1.97256e-16)
(25.9553 3.1263 -5.47929e-17)
(25.9541 3.11453 2.07995e-16)
(25.9517 3.10257 1.44628e-16)
(25.9455 3.09128 -1.77711e-16)
(25.9363 3.08171 2.37126e-17)
(25.9683 3.0624 4.86722e-17)
(25.9693 3.04191 1.29113e-17)
(25.969 3.02279 7.52099e-18)
(25.9682 3.00481 1.12445e-16)
(25.9668 2.9878 -1.34723e-16)
(25.9649 2.97162 1.68654e-16)
(25.9628 2.95586 -1.82829e-17)
(25.9613 2.94003 -1.87671e-16)
(25.964 2.92165 -7.58203e-17)
(25.9702 2.90484 1.79287e-17)
(25.8756 3.29032 7.52145e-18)
(25.8766 3.28482 4.92817e-18)
(25.8781 3.27767 -6.22473e-18)
(25.88 3.27038 -5.64981e-17)
(25.8818 3.26316 -4.24986e-17)
(25.8834 3.25581 2.34096e-17)
(25.884 3.2484 -2.68574e-17)
(25.8827 3.24095 -2.63685e-17)
(25.8735 3.23637 4.36533e-17)
(25.8589 3.23123 6.3152e-17)
(26.0056 2.85597 -3.70115e-18)
(26.0054 2.8316 -8.30258e-17)
(26.007 2.80852 3.7563e-17)
(26.0106 2.78651 2.1632e-16)
(26.0135 2.76563 -3.95218e-16)
(26.0152 2.74571 1.15767e-16)
(26.0173 2.72615 4.10104e-16)
(26.0219 2.70634 -3.92785e-16)
(26.0358 2.68457 6.58578e-17)
(26.058 2.66617 -1.17016e-17)
(12.686 0.750982 2.5495e-17)
(9.65897 0.435855 -1.1129e-18)
(9.40628 0.191386 -4.12222e-17)
(10.7866 0.0240003 -1.70039e-18)
(12.8954 -0.0707767 6.18575e-18)
(15.3173 -0.119401 -9.13176e-18)
(17.8453 -0.137198 -8.99197e-19)
(20.2648 -0.141935 1.2802e-18)
(22.2499 -0.150414 2.52565e-18)
(23.4677 -0.17418 8.77743e-18)
(23.8986 -0.211681 -2.91399e-18)
(23.9697 -0.257312 1.0861e-17)
(24.0487 -0.302171 -2.18818e-18)
(24.2007 -0.337375 2.45261e-18)
(24.3854 -0.358684 -1.05422e-17)
(24.5656 -0.366192 9.07977e-18)
(24.7299 -0.361643 1.35726e-17)
(24.8816 -0.34628 -5.48543e-18)
(25.0258 -0.32106 -1.44898e-17)
(25.1652 -0.286897 4.57214e-18)
(25.2998 -0.2448 1.15375e-18)
(25.4294 -0.195125 2.34453e-17)
(25.5533 -0.139269 -3.10191e-17)
(25.6714 -0.0772906 1.24809e-17)
(25.7837 -0.0103164 -1.70909e-17)
(25.8902 0.0615483 1.04434e-17)
(25.9908 0.1376 -1.69161e-17)
(26.0857 0.217536 1.31535e-19)
(26.1748 0.300838 -1.97389e-17)
(26.2582 0.387014 -2.63454e-17)
(26.3357 0.475748 -9.4613e-18)
(26.4075 0.566586 1.75927e-19)
(26.4735 0.659246 3.85707e-18)
(26.5337 0.75342 6.79924e-19)
(26.5881 0.848737 2.54405e-17)
(26.6366 0.944885 8.1564e-19)
(26.6792 1.04154 1.7279e-18)
(26.7161 1.13831 -1.91991e-17)
(26.7472 1.23486 -2.63187e-18)
(26.7726 1.33081 2.45595e-18)
(26.7924 1.42583 -3.16468e-17)
(26.8069 1.5195 -2.07107e-16)
(26.8161 1.61153 1.2494e-17)
(26.8202 1.70157 2.46772e-17)
(26.8196 1.78929 -1.48986e-17)
(26.8145 1.87444 -4.60882e-18)
(26.8051 1.95674 1.42887e-16)
(26.7919 2.03598 -2.67328e-17)
(26.775 2.11199 2.43296e-17)
(26.7549 2.1846 1.87721e-17)
(26.7318 2.25372 -6.94682e-17)
(26.7061 2.31928 1.56722e-16)
(26.6782 2.38122 7.79001e-18)
(26.6483 2.43956 -2.28676e-17)
(26.6168 2.49431 -1.32976e-16)
(26.5838 2.54553 1.0132e-16)
(26.5498 2.59329 7.8023e-19)
(26.515 2.6377 -1.51404e-16)
(26.4796 2.67885 -1.40041e-17)
(26.4437 2.71687 4.5508e-17)
(26.4076 2.7519 -2.70028e-16)
(26.3715 2.78407 6.65507e-17)
(26.3355 2.81352 -2.06502e-19)
(26.2998 2.84042 3.618e-18)
(26.2648 2.86489 -2.0624e-16)
(26.2305 2.88714 1.04569e-16)
(26.1973 2.90717 -4.27935e-20)
(26.1686 2.92294 6.06863e-18)
(26.1438 2.93582 6.42998e-19)
(26.1188 2.94753 -3.04546e-16)
(26.0931 2.96059 -7.5826e-17)
(26.0685 2.96854 3.04585e-17)
(26.0412 2.98525 8.1084e-17)
(26.0207 2.98064 -2.42077e-19)
(25.988 3.01663 -1.162e-19)
(25.9835 2.96876 5.82445e-19)
(25.9302 3.07799 6.05582e-17)
(25.9726 2.8907 5.0423e-18)
(25.8524 3.23196 -3.19023e-17)
(26.068 2.65488 1.82382e-19)
(18.4287 1.08705 -2.56044e-17)
(15.8071 0.846226 4.48745e-18)
(14.3115 0.604288 2.18664e-17)
(14.1913 0.41091 7.98875e-18)
(15.1407 0.290644 -5.14284e-18)
(16.7316 0.233282 2.40607e-17)
(18.6498 0.22663 6.73053e-18)
(20.66 0.261048 -1.91756e-18)
(22.5036 0.32105 -4.84623e-17)
(23.8581 0.381949 -6.07106e-17)
(24.4801 0.420016 1.98352e-17)
(24.5487 0.431473 -2.63041e-17)
(24.5247 0.431628 -1.02925e-17)
(24.5839 0.43191 -4.59665e-18)
(24.6911 0.432078 1.70916e-17)
(24.8028 0.431043 -1.26062e-17)
(24.905 0.429396 -1.59266e-17)
(25 0.428339 5.3493e-18)
(25.0931 0.429097 1.14867e-17)
(25.187 0.432753 -1.88115e-17)
(25.2819 0.439873 -1.45036e-17)
(25.377 0.451439 -5.66368e-18)
(25.4713 0.467462 1.60932e-17)
(25.5644 0.488796 -4.54479e-19)
(25.6556 0.515186 -8.35735e-20)
(25.7448 0.54702 -2.81587e-18)
(25.8315 0.583958 8.90622e-18)
(25.9153 0.626053 -1.28008e-17)
(25.9959 0.673133 7.5961e-18)
(26.073 0.724927 -5.30794e-18)
(26.1464 0.781228 -4.25622e-18)
(26.2157 0.841626 8.53288e-18)
(26.2809 0.90579 -2.51164e-17)
(26.3417 0.973364 4.04389e-19)
(26.3979 1.04391 1.89949e-17)
(26.4495 1.11704 2.00285e-17)
(26.4962 1.19235 -1.7874e-17)
(26.538 1.2694 -2.71126e-17)
(26.5749 1.34781 -2.01278e-18)
(26.6068 1.42711 6.65085e-17)
(26.6337 1.50694 -6.05794e-18)
(26.6556 1.58684 1.85835e-16)
(26.6727 1.66645 1.07864e-17)
(26.6849 1.74538 4.10518e-17)
(26.6926 1.82323 -1.34849e-17)
(26.6957 1.89968 -7.76586e-17)
(26.6946 1.97441 -1.29484e-16)
(26.6895 2.04711 -2.56963e-17)
(26.6805 2.11754 1.9681e-17)
(26.6681 2.18546 3.0448e-17)
(26.6524 2.25069 3.78267e-17)
(26.6338 2.31307 4.00772e-17)
(26.6125 2.37249 3.79461e-17)
(26.5889 2.42888 -8.74315e-18)
(26.5632 2.48217 -2.69496e-18)
(26.5357 2.53235 -2.10623e-16)
(26.5067 2.57944 8.56958e-19)
(26.4764 2.62348 1.24806e-16)
(26.4452 2.66451 5.57002e-18)
(26.4132 2.70262 -4.8513e-17)
(26.3806 2.7379 1.65335e-16)
(26.3476 2.77044 -1.28162e-16)
(26.3144 2.80036 2.5382e-16)
(26.2812 2.82779 4.29628e-18)
(26.2485 2.85283 -5.76903e-17)
(26.2162 2.87569 2.64775e-18)
(26.1848 2.89634 -5.24512e-20)
(26.1576 2.91262 7.49188e-18)
(26.1339 2.92602 7.92664e-19)
(26.11 2.93811 1.85145e-16)
(26.0853 2.95194 7.39593e-17)
(26.0617 2.95993 -3.08169e-17)
(26.0353 2.97804 -8.23697e-17)
(26.0157 2.9725 -8.03513e-17)
(25.984 3.01136 -6.12922e-17)
(25.9795 2.96059 5.28924e-17)
(25.929 3.07515 -6.18027e-17)
(25.9677 2.88265 -3.45062e-18)
(25.8567 3.23079 8.07338e-19)
(21.1396 1.27175 -4.96117e-18)
(19.332 1.13341 9.20366e-19)
(17.7553 0.963761 -8.90388e-19)
(16.8623 0.797954 -1.60253e-18)
(16.8446 0.670409 -1.55954e-17)
(17.613 0.595078 4.61281e-19)
(18.9294 0.569059 -4.64153e-18)
(20.5484 0.583959 -4.3305e-18)
(22.234 0.629171 6.44624e-18)
(23.7177 0.687297 1.9997e-17)
(24.6975 0.733232 -7.39565e-18)
(25.0316 0.748182 -9.46972e-18)
(25.0098 0.741073 1.52852e-17)
(24.9994 0.735647 -2.15579e-18)
(25.064 0.737263 1.61699e-17)
(25.1442 0.742015 -2.68059e-17)
(25.2122 0.748194 -1.01318e-17)
(25.2703 0.755632 1.55853e-17)
(25.3255 0.764524 4.00104e-17)
(25.3816 0.775146 1.21541e-17)
(25.4395 0.787353 2.10129e-17)
(25.499 0.801407 5.053e-19)
(25.5596 0.817249 -7.04246e-18)
(25.6208 0.835341 -4.11527e-17)
(25.6826 0.855672 3.28925e-17)
(25.7446 0.878695 8.06403e-18)
(25.8067 0.904458 5.36609e-18)
(25.8686 0.933288 1.22716e-17)
(25.9298 0.965369 -1.49894e-17)
(25.9902 1.00081 6.2366e-18)
(26.0494 1.03977 -1.92892e-18)
(26.1069 1.08221 1.55419e-18)
(26.1626 1.12811 5.09463e-19)
(26.2159 1.1774 2.53703e-19)
(26.2666 1.22988 7.95913e-18)
(26.3144 1.28536 -1.88042e-17)
(26.359 1.34359 2.39324e-17)
(26.4002 1.40425 2.20552e-18)
(26.4377 1.46707 -1.55951e-18)
(26.4714 1.53164 -6.21994e-17)
(26.501 1.59766 -3.59704e-17)
(26.5266 1.6647 -1.40816e-16)
(26.5481 1.73243 9.09219e-18)
(26.5654 1.80045 2.92184e-17)
(26.5785 1.86839 1.0307e-17)
(26.5875 1.9359 -1.12929e-17)
(26.5925 2.00263 1.05837e-16)
(26.5936 2.06825 -2.31806e-17)
(26.5911 2.13246 2.58225e-17)
(26.5849 2.19499 -2.10983e-17)
(26.5755 2.25561 -1.47449e-17)
(26.5629 2.31409 -1.20527e-17)
(26.5476 2.37026 4.77683e-18)
(26.5296 2.42398 -1.22784e-16)
(26.5092 2.47514 -7.17957e-17)
(26.4868 2.52367 1.82789e-16)
(26.4625 2.5695 8.31965e-19)
(26.4367 2.61264 -2.46537e-16)
(26.4096 2.65307 -1.31294e-17)
(26.3813 2.69083 5.09835e-17)
(26.3522 2.72597 4.46437e-19)
(26.3223 2.75855 6.04518e-17)
(26.292 2.78863 -4.2602e-16)
(26.2614 2.81634 -8.70555e-17)
(26.231 2.84175 2.38731e-16)
(26.2008 2.86502 3.96745e-17)
(26.1713 2.88614 1.51044e-17)
(26.1455 2.90283 7.5349e-18)
(26.1231 2.91666 7.9902e-19)
(26.1004 2.92904 1.02689e-16)
(26.0767 2.94356 2.13314e-16)
(26.0543 2.95153 -2.40427e-19)
(26.0289 2.97093 -8.12304e-17)
(26.01 2.96455 1.40208e-16)
(25.98 3.00596 6.09665e-17)
(25.9743 2.95278 1.94996e-16)
(25.9287 3.0718 1.80243e-17)
(25.9608 2.87539 -1.60656e-16)
(22.6114 1.42465 2.62468e-18)
(21.3088 1.34533 2.429e-19)
(19.965 1.23966 -9.4131e-18)
(18.8585 1.12168 3.28522e-18)
(18.2483 1.0144 3.43774e-18)
(18.2788 0.938327 1.08316e-19)
(18.9265 0.904447 3.36511e-18)
(20.0437 0.912746 -2.56857e-19)
(21.4367 0.956317 1.11124e-18)
(22.8878 1.02272 -1.64512e-17)
(24.1382 1.09172 5.63347e-18)
(24.9178 1.13702 -1.08064e-18)
(25.1627 1.14373 1.2836e-17)
(25.1515 1.12732 -1.48697e-17)
(25.1611 1.11136 -5.50574e-18)
(25.2257 1.1016 -1.38508e-17)
(25.2945 1.09497 -1.19239e-18)
(25.3488 1.08983 -2.31475e-18)
(25.3956 1.08653 -2.73115e-17)
(25.4416 1.08579 -1.17097e-17)
(25.4889 1.08775 -9.12847e-18)
(25.5373 1.09248 -2.42964e-17)
(25.5862 1.09983 2.40259e-17)
(25.6353 1.10992 1.03539e-18)
(25.6845 1.1226 -8.93416e-20)
(25.7339 1.138 -8.47303e-18)
(25.7834 1.15601 -1.57025e-17)
(25.8329 1.17671 2.23186e-18)
(25.8823 1.20012 1.80706e-17)
(25.9315 1.22625 -1.78291e-17)
(25.9803 1.25517 3.07853e-18)
(26.0284 1.28688 5.22192e-20)
(26.0757 1.3214 7.34798e-19)
(26.1218 1.35874 -1.47587e-20)
(26.1666 1.39884 8.21091e-18)
(26.2096 1.44167 -1.10326e-17)
(26.2507 1.4871 -6.72571e-19)
(26.2894 1.53499 -1.49491e-17)
(26.3257 1.58519 -2.03222e-17)
(26.3591 1.63745 1.17698e-18)
(26.3895 1.69155 1.14281e-17)
(26.4167 1.74718 2.34551e-17)
(26.4405 1.8041 7.66266e-18)
(26.4609 1.86195 1.06553e-17)
(26.4776 1.92043 -1.37989e-17)
(26.4908 1.9792 2.74015e-17)
(26.5003 2.03795 -9.69252e-18)
(26.5063 2.09634 -2.06576e-17)
(26.5087 2.15408 1.95304e-17)
(26.5078 2.21086 5.11681e-17)
(26.5035 2.26644 -3.31737e-17)
(26.4962 2.32054 -1.11268e-17)
(26.4859 2.37297 -4.37985e-17)
(26.4729 2.42354 1.06363e-16)
(26.4573 2.47208 6.65994e-17)
(26.4395 2.51846 -1.77983e-16)
(26.4196 2.56259 7.93867e-19)
(26.3979 2.6044 2.19473e-16)
(26.3746 2.64385 -5.71431e-17)
(26.3499 2.68092 -5.40591e-17)
(26.3241 2.71561 -1.37122e-16)
(26.2973 2.74794 5.59541e-17)
(26.2697 2.77796 3.99359e-16)
(26.2417 2.80574 1.48666e-16)
(26.2135 2.83132 -1.81318e-16)
(26.1854 2.85485 8.79283e-17)
(26.1577 2.87632 -6.55691e-17)
(26.1335 2.89331 7.42844e-18)
(26.1122 2.90752 7.89926e-19)
(26.0906 2.92013 -5.60679e-18)
(26.0681 2.93527 -2.14695e-16)
(26.0467 2.94321 -2.40133e-19)
(26.0225 2.96381 2.03195e-17)
(26.0041 2.95667 -1.36581e-16)
(25.9759 3.00044 2.68324e-16)
(25.9693 2.94509 -4.26315e-18)
(25.9278 3.06826 -8.09908e-19)
(23.7136 1.58128 -1.22477e-18)
(22.7518 1.52809 3.96508e-19)
(21.6638 1.45515 1.50092e-19)
(20.6007 1.36623 6.34868e-19)
(19.7467 1.27381 -3.89168e-18)
(19.2805 1.19336 4.55884e-18)
(19.3172 1.13995 -1.82517e-18)
(19.8605 1.12306 -4.68448e-19)
(20.8131 1.14397 3.89224e-18)
(22.02 1.1972 -9.71583e-18)
(23.2862 1.27087 -1.61355e-18)
(24.3709 1.34486 -1.67601e-17)
(25.0434 1.39447 -1.04262e-17)
(25.2702 1.40804 -2.36405e-18)
(25.2777 1.39983 1.99544e-18)
(25.2875 1.3902 1.29119e-17)
(25.3374 1.38466 2.17564e-18)
(25.3907 1.38065 -6.66637e-18)
(25.4326 1.37654 1.6319e-18)
(25.4692 1.37286 3.231e-19)
(25.5068 1.3703 7.56974e-18)
(25.5464 1.36929 3.35359e-17)
(25.5871 1.3699 -8.23341e-18)
(25.6283 1.37236 3.8017e-19)
(25.6698 1.37679 -8.31202e-18)
(25.7117 1.38341 1.11389e-19)
(25.7538 1.39233 -5.97498e-19)
(25.7961 1.40368 1.81969e-19)
(25.8385 1.41756 7.64106e-18)
(25.8809 1.43403 -2.68895e-18)
(25.9231 1.45314 4.92487e-18)
(25.965 1.47492 4.23409e-18)
(26.0065 1.49937 -3.60174e-18)
(26.0473 1.52648 3.86411e-19)
(26.0872 1.55623 6.1416e-18)
(26.1261 1.58857 6.59012e-18)
(26.1636 1.62344 1.06362e-18)
(26.1996 1.66073 -4.39794e-18)
(26.2338 1.70036 2.49084e-17)
(26.266 1.74217 -3.81984e-18)
(26.2959 1.78599 -6.22213e-18)
(26.3233 1.83162 1.02753e-17)
(26.348 1.87886 1.85093e-17)
(26.3699 1.92746 2.98826e-17)
(26.3888 1.97715 -4.17802e-17)
(26.4046 2.02766 5.2338e-18)
(26.4173 2.0787 -8.56562e-18)
(26.4268 2.12999 -1.84842e-17)
(26.433 2.18124 1.7684e-17)
(26.4361 2.23215 -2.60645e-18)
(26.4361 2.28246 -4.16171e-17)
(26.433 2.33192 -1.04049e-17)
(26.4271 2.38027 9.28407e-18)
(26.4183 2.42731 -7.43207e-18)
(26.407 2.47283 -2.34226e-18)
(26.3933 2.51669 1.52381e-16)
(26.3774 2.55873 7.75173e-19)
(26.3595 2.59886 -1.15011e-16)
(26.3398 2.63697 2.70679e-19)
(26.3185 2.67301 -1.57e-18)
(26.2958 2.70695 9.12502e-18)
(26.272 2.73877 -3.73227e-18)
(26.2471 2.76848 -2.27382e-16)
(26.2216 2.79611 -8.04843e-17)
(26.1957 2.82168 1.63897e-16)
(26.1696 2.84532 -8.55983e-17)
(26.1438 2.86699 5.02225e-17)
(26.1211 2.88418 1.12115e-16)
(26.101 2.89869 -1.44527e-16)
(26.0806 2.91146 -2.64952e-16)
(26.0592 2.92716 -9.83035e-19)
(26.0388 2.93503 -2.50577e-19)
(26.0157 2.95675 -7.44783e-17)
(25.998 2.94888 7.51326e-17)
(25.9714 2.99487 -7.18993e-18)
(25.9642 2.93749 -4.36767e-18)
(24.5527 1.72515 -6.37179e-20)
(23.8717 1.68835 2.98972e-19)
(23.0208 1.63578 1.50145e-18)
(22.0918 1.56757 5.25841e-19)
(21.2018 1.49029 3.25477e-18)
(20.4893 1.41302 -2.97477e-18)
(20.0924 1.34749 6.85458e-19)
(20.1101 1.3059 -3.91803e-19)
(20.561 1.29656 1.089e-17)
(21.3787 1.32129 1.73463e-17)
(22.437 1.3756 -1.49048e-18)
(23.5614 1.44837 1.00859e-18)
(24.5334 1.52077 4.41939e-18)
(25.1556 1.57095 1.20581e-17)
(25.3935 1.58893 2.2728e-18)
(25.4206 1.58612 -2.13807e-18)
(25.426 1.58015 -1.93717e-18)
(25.4602 1.57741 1.10259e-18)
(25.5004 1.5763 2.74188e-18)
(25.5326 1.57529 8.45898e-18)
(25.5607 1.57443 2.04593e-18)
(25.5898 1.57429 -2.42606e-18)
(25.6208 1.57508 -1.06572e-17)
(25.6527 1.57689 2.84009e-17)
(25.6851 1.57976 -1.56838e-17)
(25.718 1.58388 -5.03019e-19)
(25.7514 1.58937 8.63889e-19)
(25.7853 1.59642 -9.53219e-20)
(25.8196 1.60519 -6.42206e-18)
(25.8543 1.61581 -4.70719e-19)
(25.8893 1.62842 -1.0761e-17)
(25.9245 1.64314 8.87796e-19)
(25.9597 1.66008 4.17291e-18)
(25.9947 1.67929 2.29419e-19)
(26.0293 1.70084 3.92857e-18)
(26.0635 1.72474 2.626e-18)
(26.0969 1.75099 -7.55355e-18)
(26.1293 1.77955 -1.03738e-17)
(26.1606 1.81038 -1.48172e-17)
(26.1905 1.84338 8.60308e-18)
(26.2187 1.87846 6.66695e-18)
(26.2451 1.91547 1.52259e-17)
(26.2695 1.95427 -6.73123e-18)
(26.2916 1.99465 -2.04022e-17)
(26.3113 2.03642 -4.7003e-18)
(26.3285 2.07937 1.52528e-17)
(26.343 2.12324 -7.49254e-18)
(26.3548 2.16779 -1.6393e-17)
(26.3637 2.21277 1.58899e-17)
(26.3697 2.25791 2.76542e-17)
(26.3729 2.30296 3.70108e-17)
(26.3733 2.34765 -9.68687e-18)
(26.3709 2.39175 4.67932e-17)
(26.3658 2.43503 -7.06419e-18)
(26.3582 2.47728 -2.24778e-18)
(26.3481 2.51831 -1.47861e-16)
(26.3357 2.55796 7.57188e-19)
(26.3213 2.59608 8.9391e-17)
(26.3049 2.63254 5.27669e-17)
(26.2868 2.66727 -1.5694e-18)
(26.2671 2.70018 2.01155e-16)
(26.2461 2.73123 -3.78055e-18)
(26.2239 2.76038 -2.43922e-19)
(26.2008 2.78764 -4.12989e-17)
(26.1771 2.81301 -8.85341e-18)
(26.1531 2.83657 -3.08084e-17)
(26.1292 2.8583 -5.5675e-20)
(26.108 2.87558 -9.60995e-17)
(26.0891 2.8903 1.45759e-16)
(26.0699 2.90315 4.14766e-18)
(26.0497 2.91933 -1.41104e-16)
(26.0303 2.92709 4.83776e-17)
(26.0085 2.94982 1.31515e-16)
(25.9915 2.94126 -3.90912e-19)
(25.111 1.85169 -4.90654e-19)
(24.6912 1.82885 2.3892e-19)
(24.0744 1.79264 3.30248e-19)
(23.3196 1.74181 3.52319e-19)
(22.5041 1.6799 1.55934e-19)
(21.724 1.61179 -4.62106e-20)
(21.0918 1.54478 4.33889e-19)
(20.7229 1.48884 -2.47719e-19)
(20.7069 1.45439 -4.15756e-19)
(21.0726 1.44905 -1.20443e-18)
(21.7758 1.47499 3.47517e-19)
(22.7117 1.52847 -8.89852e-19)
(23.7247 1.59922 1.67845e-18)
(24.6199 1.66994 -2.9207e-19)
(25.2219 1.72107 1.35053e-18)
(25.4833 1.74279 4.34844e-19)
(25.5318 1.74324 -2.54484e-18)
(25.5341 1.73815 7.52547e-19)
(25.5553 1.73523 1.93321e-18)
(25.5861 1.73429 -5.8875e-19)
(25.6131 1.73385 -1.25427e-18)
(25.6368 1.73367 -1.9465e-18)
(25.6608 1.73412 1.60828e-18)
(25.686 1.73543 -1.2423e-18)
(25.7119 1.73764 1.52932e-18)
(25.738 1.74079 -5.58146e-19)
(25.7644 1.74497 4.92454e-18)
(25.7913 1.75027 -3.95913e-18)
(25.8185 1.75682 -5.18365e-19)
(25.8463 1.76472 1.63808e-17)
(25.8744 1.77406 6.60142e-21)
(25.903 1.78497 2.5965e-19)
(25.9318 1.79754 9.79751e-20)
(25.9608 1.81187 1.22773e-19)
(25.9899 1.82805 2.35141e-18)
(26.0189 1.84615 2.39438e-18)
(26.0477 1.86622 3.19353e-18)
(26.076 1.88829 4.75363e-18)
(26.1036 1.91237 1.77802e-18)
(26.1305 1.93843 -3.48183e-19)
(26.1562 1.96646 1.77888e-19)
(26.1807 1.99635 9.04905e-18)
(26.2037 2.02804 4.25766e-18)
(26.2251 2.06139 7.66312e-18)
(26.2446 2.09627 -3.93461e-18)
(26.2621 2.1325 1.96449e-18)
(26.2774 2.1699 -6.45742e-18)
(26.2903 2.20826 -6.07485e-17)
(26.3009 2.24738 1.01634e-17)
(26.309 2.28702 1.07139e-17)
(26.3145 2.32696 -1.04216e-17)
(26.3175 2.36696 -8.87095e-18)
(26.3179 2.40679 3.65354e-18)
(26.3158 2.44622 -6.6038e-18)
(26.3112 2.48504 -2.12153e-18)
(26.3042 2.52306 1.89491e-18)
(26.295 2.56008 7.27501e-19)
(26.2836 2.59595 -1.2168e-17)
(26.2703 2.63052 -4.03884e-18)
(26.2551 2.66367 -1.54359e-18)
(26.2382 2.6953 -4.83122e-18)
(26.2199 2.72534 -3.76921e-18)
(26.2002 2.75371 1.87382e-16)
(26.1795 2.78041 8.13861e-17)
(26.1581 2.80539 -8.98209e-18)
(26.1361 2.8287 2.83368e-18)
(26.114 2.85034 -5.70446e-20)
(26.0943 2.86758 8.22228e-18)
(26.0767 2.88243 8.82041e-19)
(26.0587 2.89527 2.41091e-16)
(26.0397 2.91184 3.21577e-16)
(26.0214 2.91944 1.2889e-16)
(25.4089 1.9609 -2.06075e-18)
(25.2247 1.95003 1.93916e-19)
(24.8474 1.92837 4.56279e-18)
(24.2965 1.89308 -5.42267e-19)
(23.6219 1.84592 -6.84099e-19)
(22.89 1.78941 3.06689e-19)
(22.1829 1.72764 3.09248e-19)
(21.5966 1.66722 -1.7501e-19)
(21.2324 1.61687 -6.37357e-18)
(21.1745 1.58591 -8.53014e-19)
(21.46 1.58159 6.23226e-18)
(22.0617 1.60654 9.86495e-19)
(22.8926 1.65778 -3.96139e-19)
(23.8149 1.72602 -1.91927e-19)
(24.6551 1.79565 3.81115e-18)
(25.2508 1.84876 1.67473e-18)
(25.5401 1.87497 -7.94638e-18)
(25.6112 1.87915 4.05319e-18)
(25.612 1.87524 1.58688e-17)
(25.6217 1.87221 -3.88505e-19)
(25.6446 1.87128 -3.04205e-18)
(25.6681 1.87118 -1.27559e-18)
(25.6891 1.87133 1.05405e-18)
(25.7098 1.87189 -2.07318e-17)
(25.7311 1.8731 1.25726e-17)
(25.753 1.87506 5.26324e-18)
(25.7749 1.87783 7.33919e-19)
(25.797 1.88147 3.54117e-18)
(25.8195 1.8861 -3.83682e-19)
(25.8422 1.89181 2.39448e-18)
(25.8654 1.89869 3.73171e-20)
(25.8889 1.90682 -5.22671e-18)
(25.9128 1.91629 -7.33424e-18)
(25.9369 1.92719 8.0241e-20)
(25.9613 1.9396 1.60131e-18)
(25.9859 1.95357 1.35042e-18)
(26.0104 1.96918 1.91366e-18)
(26.0348 1.98646 -1.68983e-18)
(26.0589 2.00547 5.10571e-19)
(26.0825 2.02621 -1.77962e-18)
(26.1055 2.04869 1.39193e-19)
(26.1277 2.07289 7.19946e-18)
(26.1489 2.09876 3.44082e-18)
(26.1689 2.12624 1.08162e-17)
(26.1875 2.15524 1.23958e-17)
(26.2046 2.18565 -5.48295e-18)
(26.2199 2.21734 -5.51378e-18)
(26.2333 2.25016 3.37234e-17)
(26.2448 2.28393 1.6163e-17)
(26.2541 2.31847 -8.20039e-18)
(26.2612 2.35358 -9.32302e-18)
(26.266 2.38907 -8.02054e-18)
(26.2685 2.42471 -2.59016e-17)
(26.2687 2.46031 -7.07284e-17)
(26.2666 2.49566 -1.97571e-18)
(26.2623 2.53056 1.78075e-18)
(26.2557 2.56482 6.89635e-19)
(26.247 2.59827 -8.40962e-17)
(26.2364 2.63075 -3.89109e-18)
(26.2238 2.66213 -1.49834e-18)
(26.2096 2.69227 -1.68004e-16)
(26.1937 2.72109 -3.7099e-18)
(26.1765 2.74848 -1.37744e-16)
(26.158 2.77441 -6.30476e-17)
(26.1387 2.79883 -1.8686e-16)
(26.1187 2.82173 3.1198e-17)
(26.0984 2.84314 6.44692e-17)
(26.0803 2.86023 8.35013e-18)
(26.0639 2.87511 8.98985e-19)
(25.5216 2.05428 1.37727e-18)
(25.4948 2.05125 1.74536e-19)
(25.3405 2.04194 -4.45222e-18)
(25.014 2.02112 1.09854e-18)
(24.5269 1.98856 2.05843e-19)
(23.921 1.94516 -7.20534e-20)
(23.2542 1.89288 2.48973e-19)
(22.5983 1.83562 -1.38553e-19)
(22.0382 1.77937 5.25609e-19)
(21.6657 1.73197 -9.00765e-18)
(21.5619 1.702 -4.60617e-18)
(21.7711 1.69659 -2.95801e-19)
(22.2806 1.71889 -3.45018e-18)
(23.0189 1.76669 -2.55708e-18)
(23.8652 1.83182 -1.97046e-18)
(24.6628 1.90024 6.23827e-20)
(25.2588 1.95533 3.49419e-18)
(25.5773 1.98594 -4.44226e-18)
(25.6721 1.99396 -9.23282e-18)
(25.6742 1.9915 -6.64131e-18)
(25.6741 1.98854 -4.70701e-19)
(25.6895 1.98775 -1.08418e-18)
(25.7098 1.98818 8.99241e-19)
(25.7288 1.98893 1.08718e-18)
(25.7468 1.9899 -1.01501e-19)
(25.765 1.99132 -5.76854e-18)
(25.7834 1.99331 -2.81164e-18)
(25.802 1.99595 -1.09538e-19)
(25.8207 1.99929 -3.6009e-19)
(25.8396 2.00342 -1.63866e-17)
(25.8589 2.00845 6.14895e-18)
(25.8785 2.01446 2.23807e-18)
(25.8985 2.02154 7.25026e-18)
(25.9188 2.02976 5.33821e-20)
(25.9394 2.03921 1.1213e-18)
(25.9602 2.04996 9.95645e-19)
(25.9811 2.06207 -3.81957e-19)
(26.0021 2.07561 -2.31401e-18)
(26.023 2.09062 1.41286e-18)
(26.0437 2.10713 1.28132e-18)
(26.0641 2.12517 1.09603e-19)
(26.084 2.14475 5.74674e-18)
(26.1032 2.16585 2.78301e-18)
(26.1215 2.18844 4.17982e-18)
(26.1389 2.21249 -5.82307e-18)
(26.155 2.23792 2.71415e-18)
(26.1699 2.26464 -4.68535e-18)
(26.1832 2.29255 -1.064e-17)
(26.1949 2.32152 1.06894e-17)
(26.2049 2.3514 2.58938e-17)
(26.2129 2.38205 -1.78203e-17)
(26.219 2.41329 8.48748e-18)
(26.223 2.44494 3.21086e-17)
(26.225 2.47681 5.87365e-17)
(26.2248 2.50872 -1.82601e-18)
(26.2225 2.54048 1.66086e-18)
(26.2182 2.57191 6.48873e-19)
(26.2118 2.60284 3.77116e-18)
(26.2035 2.63309 -3.72221e-18)
(26.1933 2.66254 2.40067e-17)
(26.1814 2.69103 2.26294e-16)
(26.1678 2.71845 -4.26274e-17)
(26.1528 2.74469 -1.89407e-17)
(26.1364 2.76969 -1.51589e-17)
(26.1191 2.79337 2.44863e-18)
(26.101 2.81571 1.14622e-18)
(25.5662 2.13655 -1.22139e-18)
(25.5835 2.136 4.61386e-21)
(25.5701 2.13427 -3.74259e-19)
(25.4519 2.12566 2.14758e-19)
(25.1796 2.10735 8.52756e-19)
(24.7543 2.07817 -3.29928e-19)
(24.2098 2.03833 2.06414e-19)
(23.5968 1.98973 -1.11987e-19)
(22.9796 1.93598 4.63981e-18)
(22.4347 1.88252 7.40795e-18)
(22.0471 1.83654 -6.79147e-19)
(21.8958 1.8061 3.76117e-19)
(22.0321 1.79836 2.72521e-18)
(22.4559 1.817 2.14196e-18)
(23.1107 1.8607 5.27782e-19)
(23.8904 1.92239 6.80588e-19)
(24.6528 1.98941 -4.13987e-18)
(25.2519 2.04619 1.73422e-18)
(25.5991 2.0808 -2.32113e-18)
(25.7192 2.09249 7.1035e-18)
(25.726 2.09148 1.21947e-18)
(25.7182 2.08848 -1.1743e-17)
(25.7265 2.08756 4.36712e-18)
(25.7438 2.08828 1.65799e-17)
(25.7613 2.08948 -9.00647e-18)
(25.7772 2.09082 -3.11974e-19)
(25.7927 2.09246 6.81012e-19)
(25.8083 2.09456 -1.14996e-19)
(25.824 2.09719 -4.096e-19)
(25.8399 2.10042 7.52218e-18)
(25.8559 2.10431 -5.76791e-18)
(25.8722 2.10894 -2.17784e-18)
(25.8889 2.11439 7.26416e-21)
(25.9058 2.12073 2.60181e-20)
(25.9231 2.12804 6.72626e-19)
(25.9407 2.1364 6.5813e-19)
(25.9585 2.14587 2.26266e-18)
(25.9764 2.15651 9.83297e-20)
(25.9945 2.16839 1.0576e-18)
(26.0125 2.18154 -1.25439e-18)
(26.0303 2.19602 -1.06321e-18)
(26.0479 2.21185 4.55561e-18)
(26.065 2.22903 2.2386e-18)
(26.0816 2.24757 7.27662e-19)
(26.0975 2.26745 -4.80822e-18)
(26.1125 2.28864 1.57526e-18)
(26.1265 2.31108 -3.96164e-18)
(26.1394 2.3347 -9.09853e-18)
(26.1509 2.35942 9.24148e-18)
(26.1609 2.38513 2.25655e-19)
(26.1694 2.4117 -1.26108e-17)
(26.1763 2.43901 -1.88877e-17)
(26.1813 2.4669 2.72593e-18)
(26.1845 2.49522 -5.07326e-18)
(26.1858 2.5238 -6.43613e-17)
(26.1852 2.55248 -3.33902e-17)
(26.1826 2.58107 6.06532e-19)
(26.1782 2.60943 4.67181e-17)
(26.1718 2.63739 -3.53801e-18)
(26.1637 2.66479 -2.67349e-17)
(26.1538 2.6915 -1.85898e-16)
(26.1423 2.71738 -3.7647e-19)
(25.6079 2.21125 6.84817e-19)
(25.6153 2.21064 2.57327e-19)
(25.6329 2.21087 7.72756e-19)
(25.6327 2.20917 1.90464e-19)
(25.5515 2.20245 -5.71261e-19)
(25.3342 2.1873 2.34756e-19)
(24.9698 2.16164 1.67433e-18)
(24.4829 2.12539 -9.30958e-20)
(23.9177 2.08022 -1.20117e-18)
(23.3323 2.02942 -4.18847e-19)
(22.7969 1.97796 3.58187e-18)
(22.3911 1.93249 3.36708e-20)
(22.193 1.90073 -1.06199e-18)
(22.2594 1.88988 -3.33529e-18)
(22.6024 1.90426 4.14428e-19)
(23.1796 1.94344 -5.50162e-19)
(23.8987 2.00147 2.76641e-18)
(24.6296 2.06695 2.05717e-18)
(25.2321 2.12513 6.51904e-19)
(25.6068 2.16341 -4.73559e-18)
(25.7535 2.17871 -1.8602e-18)
(25.7684 2.17929 1.32642e-17)
(25.7552 2.17624 -2.77152e-18)
(25.7568 2.17499 -1.38247e-17)
(25.771 2.17574 1.57364e-17)
(25.7872 2.1772 2.49271e-18)
(25.8017 2.17875 6.03235e-19)
(25.8151 2.18048 -2.61463e-18)
(25.8284 2.18257 -3.91305e-19)
(25.8418 2.18514 -6.09767e-18)
(25.8553 2.18822 5.45343e-18)
(25.8689 2.19188 1.10479e-20)
(25.8828 2.19617 -7.19215e-18)
(25.897 2.20117 -6.59267e-19)
(25.9115 2.20694 -8.81944e-19)
(25.9262 2.21355 1.16929e-18)
(25.9413 2.22106 -2.16355e-18)
(25.9565 2.22952 -6.58797e-19)
(25.9719 2.23901 7.79362e-19)
(25.9874 2.24956 7.49093e-19)
(26.0029 2.26124 5.22486e-19)
(26.0182 2.27406 3.00773e-18)
(26.0334 2.28808 1.78907e-18)
(26.0482 2.30329 9.99907e-18)
(26.0625 2.31971 -1.89072e-17)
(26.0762 2.33733 2.57088e-18)
(26.0891 2.35611 -1.01065e-17)
(26.1012 2.37603 -7.73453e-18)
(26.1122 2.39703 7.9403e-18)
(26.122 2.41903 1.92111e-17)
(26.1306 2.44195 -3.87482e-17)
(26.1377 2.46568 -1.14456e-17)
(26.1433 2.4901 2.42473e-18)
(26.1473 2.51509 -4.58001e-18)
(26.1497 2.5405 6.08011e-17)
(26.1503 2.56619 5.46472e-18)
(26.1491 2.59201 5.62559e-19)
(25.6506 2.27939 -1.68182e-19)
(25.6497 2.27865 9.39303e-20)
(25.6554 2.27858 1.4294e-19)
(25.672 2.27837 1.60003e-19)
(25.6822 2.27734 7.58474e-19)
(25.6347 2.2728 -2.98415e-19)
(25.4715 2.26083 -1.78828e-20)
(25.1678 2.23884 3.45012e-19)
(24.7372 2.20632 9.5095e-19)
(24.2174 2.16455 -3.49092e-18)
(23.6609 2.11642 -3.27675e-18)
(23.1328 2.06651 -3.64229e-19)
(22.7086 2.02103 6.69007e-19)
(22.4654 1.98744 1.67991e-18)
(22.4651 1.97301 3.32388e-19)
(22.7311 1.9827 4.70784e-19)
(23.2347 2.01703 -6.05971e-19)
(23.8965 2.07117 -2.31808e-18)
(24.5976 2.13486 5.07805e-19)
(25.2023 2.19411 2.75633e-18)
(25.6027 2.23575 -4.15626e-21)
(25.7766 2.25462 -7.2857e-18)
(25.8028 2.25704 9.5744e-18)
(25.7865 2.25408 1.19618e-17)
(25.7819 2.25243 -1.39652e-17)
(25.7927 2.25305 -5.98752e-18)
(25.8077 2.25465 7.84144e-18)
(25.821 2.25635 8.41009e-20)
(25.8327 2.25811 3.24996e-18)
(25.8441 2.26015 1.13281e-17)
(25.8555 2.2626 -1.67477e-18)
(25.8671 2.2655 -3.82689e-18)
(25.8788 2.26891 6.9145e-18)
(25.8907 2.27288 -6.51497e-19)
(25.9029 2.27746 1.4929e-19)
(25.9153 2.28272 -4.79432e-19)
(25.928 2.28871 3.11012e-18)
(25.9409 2.29548 -4.73974e-19)
(25.954 2.3031 8.19958e-19)
(25.9672 2.31161 1.78416e-19)
(25.9806 2.32106 4.0459e-19)
(25.9939 2.3315 3.03411e-18)
(26.0071 2.34295 1.42824e-18)
(26.0202 2.35544 -7.10243e-18)
(26.0329 2.369 -1.86235e-18)
(26.0452 2.38364 1.13569e-18)
(26.057 2.39934 -1.46726e-18)
(26.068 2.41609 -6.54191e-18)
(26.0783 2.43387 6.78447e-18)
(26.0877 2.45262 3.71382e-17)
(25.6873 2.34135 3.67264e-19)
(25.6861 2.34075 7.5829e-20)
(25.6849 2.34048 2.24952e-18)
(25.6887 2.33998 3.45212e-18)
(25.7032 2.33977 1.35325e-19)
(25.7198 2.3395 -6.26789e-19)
(25.7001 2.3368 1.37862e-18)
(25.5873 2.3279 -5.39295e-19)
(25.3438 2.30974 -1.02649e-18)
(24.9702 2.28114 3.54877e-20)
(24.4958 2.24284 2.7813e-18)
(23.9682 2.19734 7.49537e-19)
(23.4479 2.14882 -7.62332e-19)
(23.0069 2.10313 1.21443e-18)
(22.7215 2.06746 7.03967e-19)
(22.6578 2.0492 4.94523e-19)
(22.85 2.0539 -3.54208e-19)
(23.2826 2.08311 2.9007e-18)
(23.8889 2.1331 5.8379e-18)
(24.5602 2.19471 -1.3363e-19)
(25.1653 2.25463 -4.37521e-19)
(25.589 2.29926 -3.77787e-18)
(25.7904 2.32164 5.44695e-19)
(25.8307 2.32611 -1.03033e-17)
(25.8135 2.32344 1.2279e-17)
(25.8032 2.32137 5.88113e-18)
(25.8103 2.32174 -7.28078e-19)
(25.824 2.32338 7.53133e-20)
(25.8364 2.32519 -5.49491e-19)
(25.8467 2.32697 -3.76005e-18)
(25.8565 2.32893 2.67951e-18)
(25.8663 2.33126 -4.12603e-19)
(25.8762 2.33399 -6.50979e-18)
(25.8863 2.33716 1.26637e-18)
(25.8965 2.34082 -7.13705e-18)
(25.9069 2.34503 1.5201e-19)
(25.9176 2.34983 -3.73145e-18)
(25.9286 2.35527 -3.37237e-19)
)
;

boundaryField
{
    inlet
    {
        type            freestreamVelocity;
        freestreamValue uniform (25.75 3.62 0);
        value           nonuniform List<vector> 
11
(
(25.8857 3.21447 -1.96451e-18)
(25.8933 3.17778 -4.65697e-17)
(25.8941 3.16503 2.10602e-17)
(25.896 3.15289 1.21232e-16)
(25.8976 3.14137 -2.21404e-16)
(25.8985 3.1304 6.48295e-17)
(25.8996 3.11963 2.29573e-16)
(25.9021 3.10873 -2.19795e-16)
(25.9099 3.09678 3.68368e-17)
(25.9276 3.07009 -6.7463e-18)
(25.9277 3.08051 1.0195e-19)
)
;
    }
    outlet
    {
        type            freestreamVelocity;
        freestreamValue nonuniform List<vector> 0();
        value           nonuniform List<vector> 0();
    }
    walls
    {
        type            noSlip;
    }
    frontAndBack
    {
        type            empty;
    }
    procBoundary6to2
    {
        type            processor;
        value           nonuniform List<vector> 
13
(
(18.5689 1.4054 7.99012e-19)
(21.0242 1.29207 -5.1988e-18)
(22.7087 1.3804 4.46724e-18)
(23.7064 1.48729 -5.07341e-19)
(24.4637 1.62829 -6.13886e-18)
(25.0074 1.75843 -4.23979e-19)
(25.3149 1.87087 -3.04578e-19)
(25.4455 1.97035 2.86134e-18)
(25.5053 2.05966 -2.85341e-18)
(25.5576 2.1408 -1.85648e-19)
(25.6085 2.2148 -3.71325e-19)
(25.6519 2.28219 -9.05475e-20)
(25.6875 2.34354 1.19975e-18)
)
;
    }
    procBoundary6to3
    {
        type            processor;
        value           uniform (25.7174 2.39772 2.34447e-18);
    }
    procBoundary6to5
    {
        type            processor;
        value           nonuniform List<vector> 
86
(
(14.7265 -2.17973 -5.57734e-15)
(18.5074 -2.76949 1.7363e-15)
(22.4119 -3.25675 -3.40893e-15)
(26.6829 -3.70881 5.69074e-15)
(30.5259 -4.01656 -4.82199e-15)
(31.9167 -4.03426 -2.57528e-15)
(31.0431 -3.82243 3.24467e-15)
(30.1753 -3.61553 -1.90171e-15)
(30.0012 -3.46797 5.72623e-15)
(30.0871 -3.34107 -2.96976e-15)
(30.1334 -3.20868 2.39384e-15)
(30.1113 -3.06668 -3.31327e-15)
(30.0658 -2.91795 -1.6805e-16)
(30.0207 -2.76428 2.42026e-15)
(29.9781 -2.60629 -2.74387e-15)
(29.9349 -2.44416 3.02154e-15)
(29.8896 -2.2781 4.87373e-16)
(29.8417 -2.10832 -3.15e-16)
(29.7914 -1.93513 -2.29259e-15)
(29.7384 -1.75885 -4.33673e-16)
(29.6828 -1.57989 1.56622e-15)
(29.6243 -1.39873 -1.54443e-16)
(29.5628 -1.21584 -1.39939e-15)
(29.4985 -1.03176 1.35228e-15)
(29.4312 -0.847048 9.41044e-16)
(29.3608 -0.662316 -1.74938e-15)
(29.2876 -0.47816 3.99991e-16)
(29.2115 -0.295258 1.32343e-15)
(29.1326 -0.114188 -1.03991e-15)
(29.0511 0.06441 -6.34423e-17)
(28.9672 0.23989 8.30883e-16)
(28.8809 0.411675 -6.54085e-16)
(28.7926 0.579209 5.31276e-16)
(28.7926 0.579209 5.31276e-16)
(29.0777 0.992178 1.4761e-16)
(28.9559 1.14003 3.67815e-16)
(28.8342 1.28183 -4.80329e-16)
(28.713 1.41735 2.64109e-16)
(28.5928 1.54636 -1.56681e-16)
(28.4738 1.66874 -1.71214e-17)
(28.3565 1.78443 3.73255e-16)
(28.2411 1.89343 -4.55884e-17)
(28.128 1.99579 -1.11478e-16)
(28.0174 2.09161 1.54689e-16)
(27.9096 2.18105 -5.26065e-16)
(27.8046 2.2643 2.42007e-17)
(27.8046 2.2643 2.42007e-17)
(27.7935 2.47751 1.82387e-16)
(27.6843 2.53871 4.34365e-16)
(27.5795 2.59509 3.20407e-16)
(27.4789 2.64693 -7.22281e-17)
(27.3824 2.6945 1.05245e-16)
(27.2901 2.73807 7.42175e-17)
(27.2017 2.7779 -2.27605e-16)
(27.1171 2.81425 -4.03045e-17)
(27.0363 2.84737 9.09884e-17)
(27.0363 2.84737 9.09884e-17)
(26.9818 2.9427 -2.6794e-17)
(26.905 2.9647 1.25704e-17)
(26.8319 2.9846 9.94629e-17)
(26.7622 3.00257 -1.17513e-16)
(26.6957 3.01875 -1.28148e-17)
(26.6323 3.03328 -2.94755e-18)
(26.5718 3.04628 1.21916e-16)
(26.5718 3.04628 1.21916e-16)
(26.5204 3.09438 1.1209e-16)
(26.4646 3.10193 -5.17189e-17)
(26.4115 3.10857 -5.90529e-17)
(26.3612 3.11432 1.07682e-16)
(26.3134 3.11932 4.58103e-17)
(26.268 3.12342 -1.80334e-16)
(26.2312 3.1264 1.62511e-17)
(26.2312 3.1264 1.62511e-17)
(26.2028 3.15149 -7.08586e-17)
(26.1725 3.15218 1.66746e-17)
(26.1419 3.15296 5.11399e-17)
(26.1117 3.15231 -8.67225e-17)
(26.0806 3.15418 -7.97454e-19)
(26.0528 3.14825 -2.4642e-17)
(26.0195 3.15917 4.88568e-17)
(26.0014 3.12993 -3.80934e-17)
(25.9554 3.18518 8.59249e-17)
(25.9554 3.18518 8.59249e-17)
(25.9648 3.08496 -8.81692e-19)
(25.875 3.29273 -5.37368e-17)
(25.996 2.88027 -2.25419e-17)
)
;
    }
    procBoundary6to7
    {
        type            processor;
        value           nonuniform List<vector> 
91
(
(26.0616 2.65164 1.04454e-16)
(26.0616 2.65164 1.04454e-16)
(25.8628 3.22883 1.52709e-17)
(25.8628 3.22883 1.52709e-17)
(25.9546 2.86823 -4.39587e-16)
(25.9546 2.86823 -4.39587e-16)
(25.9262 3.06463 1.53384e-16)
(25.9664 2.9893 5.22304e-16)
(25.9262 3.06463 1.53384e-16)
(25.9588 2.93009 3.01114e-16)
(26.0008 2.94307 -9.02783e-17)
(25.9664 2.9893 5.22304e-16)
(25.9845 2.93386 2.41348e-17)
(26.0471 2.88786 2.4666e-16)
(26.0293 2.90472 3.02265e-16)
(26.0008 2.94307 -9.02783e-17)
(26.0121 2.91213 3.60706e-16)
(26.0826 2.83673 6.63187e-17)
(26.0659 2.85357 -3.02453e-16)
(26.0471 2.88786 2.4666e-16)
(26.0508 2.86839 -3.42524e-17)
(26.1293 2.74232 1.84707e-16)
(26.1149 2.76623 -1.43099e-16)
(26.0995 2.78904 -6.84825e-17)
(26.0826 2.83673 6.63187e-17)
(26.0832 2.81067 2.30904e-17)
(26.1462 2.61781 1.65464e-16)
(26.1415 2.64344 2.71676e-17)
(26.1351 2.66874 2.637e-17)
(26.1271 2.69358 3.30006e-17)
(26.1293 2.74232 1.84707e-16)
(26.1174 2.71782 8.13371e-18)
(26.096 2.47229 1.99188e-17)
(26.1031 2.49279 5.80786e-17)
(26.109 2.51405 -2.87561e-17)
(26.1135 2.53596 5.7439e-17)
(26.1165 2.55841 2.03598e-17)
(26.1179 2.58127 -7.73652e-17)
(26.1462 2.61781 1.65464e-16)
(26.1178 2.60442 -8.45778e-18)
(25.9397 2.3614 2.0392e-18)
(25.951 2.36828 -2.55326e-19)
(25.9624 2.37595 -3.22387e-19)
(25.9739 2.38444 -7.16807e-18)
(25.9854 2.39381 -5.30987e-18)
(25.9968 2.40408 -1.30283e-17)
(26.008 2.41528 -4.82596e-18)
(26.0189 2.42742 -1.08544e-17)
(26.0294 2.44052 7.80692e-18)
(26.0395 2.45458 5.18832e-17)
(26.0489 2.46958 -1.58934e-17)
(26.096 2.47229 1.99188e-17)
(26.0576 2.4855 1.74409e-17)
(25.7173 2.39729 -1.13692e-18)
(25.7164 2.39708 2.85845e-19)
(25.7149 2.3965 8.35424e-19)
(25.7168 2.39594 -7.56476e-19)
(25.7284 2.39588 -8.61795e-19)
(25.7475 2.39606 2.23854e-18)
(25.7482 2.39478 1.30377e-18)
(25.6796 2.38873 -1.20124e-18)
(25.4948 2.37444 2.86557e-19)
(25.1793 2.34993 1.85959e-18)
(24.7524 2.31531 2.9279e-19)
(24.2555 2.27256 8.5893e-19)
(23.7454 2.22549 -1.09e-18)
(23.2906 2.17959 -3.80252e-18)
(22.9667 2.14182 1.22982e-18)
(22.8435 2.11964 8.09827e-18)
(22.9647 2.11921 1.13337e-18)
(23.3282 2.14309 -1.54024e-18)
(23.8798 2.18868 3.66101e-19)
(24.5204 2.24788 3.46789e-18)
(25.1232 2.30805 -1.93896e-18)
(25.5675 2.3553 7.01586e-18)
(25.7962 2.38107 -1.07421e-17)
(25.8528 2.38777 1.15868e-17)
(25.8371 2.38555 7.25164e-18)
(25.8218 2.38307 1.29629e-18)
(25.825 2.38308 1.84424e-18)
(25.8371 2.38466 1.45445e-17)
(25.8488 2.38652 -1.00422e-18)
(25.8581 2.38831 4.10316e-18)
(25.8665 2.3902 -8.48833e-18)
(25.8748 2.39239 -1.13126e-17)
(25.8833 2.39495 9.64069e-19)
(25.892 2.3979 -3.97663e-18)
(25.9007 2.40128 7.29362e-18)
(25.9097 2.40514 -1.88606e-18)
(25.9397 2.3614 2.0392e-18)
(25.9189 2.40953 -4.15452e-18)
)
;
    }
}


// ************************************************************************* //
