/*--------------------------------*- C++ -*----------------------------------*\
| =========                 |                                                 |
| \\      /  F ield         | OpenFOAM: The Open Source CFD Toolbox           |
|  \\    /   O peration     | Version:  2306                                  |
|   \\  /    A nd           | Website:  www.openfoam.com                      |
|    \\/     M anipulation  |                                                 |
\*---------------------------------------------------------------------------*/
FoamFile
{
    version     2.0;
    format      ascii;
    arch        "LSB;label=32;scalar=64";
    class       volVectorField;
    location    "925";
    object      momentError;
}
// * * * * * * * * * * * * * * * * * * * * * * * * * * * * * * * * * * * * * //

dimensions      [0 1 -2 0 0 0 0];

internalField   nonuniform List<vector> 
1340
(
(-0.000113291 -9.86827e-06 1.26218e-15)
(-7.75692e-05 1.1663e-05 -2.16362e-15)
(-0.00030038 0.000132411 -1.10554e-14)
(-0.00214685 0.0012688 -2.1491e-14)
(-7.7363e-05 -7.07871e-06 -1.55164e-15)
(-0.000203478 -1.53625e-05 -6.70228e-17)
(-0.000313535 -1.97331e-05 3.77888e-15)
(-0.00154497 -0.000201864 9.20257e-15)
(-0.000192639 5.1902e-05 3.71049e-17)
(-0.000151547 3.05239e-05 1.44742e-14)
(-0.000198476 -3.1014e-05 8.74858e-15)
(-0.00119486 -0.000225948 -1.03371e-13)
(0.000776226 0.00288943 7.58328e-15)
(-0.000493506 -0.00165843 -1.28909e-14)
(-0.000348355 -0.000311116 -2.99063e-14)
(-0.00108413 -0.000198147 -1.05205e-16)
(-0.000388197 -0.00388456 -6.95753e-16)
(-0.000234726 0.00226707 1.03197e-14)
(-0.000280113 0.000248052 -1.08843e-14)
(-0.00101648 -0.000249304 5.48872e-15)
(-0.0005614 0.000953434 -1.18988e-14)
(0.000212586 -0.000815123 3.4651e-15)
(-0.000236322 6.28776e-05 4.41945e-14)
(-0.001316 0.000505723 3.10299e-14)
(-2.53438e-05 7.89821e-05 7.24228e-15)
(-8.54947e-05 0.000126249 -1.54388e-15)
(-0.000227422 -2.64304e-05 -2.46457e-15)
(-0.000690543 -0.000420617 -4.22079e-14)
(-8.66116e-05 2.51424e-05 -3.42265e-15)
(-0.000135833 8.29875e-06 -6.46609e-15)
(-0.00022751 -7.78512e-05 3.7862e-15)
(-0.000304698 -0.000595395 -2.26297e-14)
(-8.19414e-05 6.28303e-09 -1.09947e-15)
(-0.000133038 -1.4043e-07 8.88944e-16)
(-0.000245775 -4.04136e-05 -8.14207e-15)
(-0.000650333 -0.000190158 7.93538e-15)
(-8.17914e-05 -1.5949e-06 -4.81091e-16)
(-0.000132303 -4.67281e-06 -2.28692e-14)
(-0.000239171 -5.09788e-05 6.30489e-16)
(-0.000528559 -0.000236845 1.68637e-14)
(-8.2013e-05 -3.77511e-06 2.33482e-15)
(-0.00013098 -8.3706e-06 2.05407e-14)
(-0.000233433 -5.19862e-05 7.87246e-15)
(-0.000475886 -0.00022657 -7.15059e-14)
(-8.1946e-05 -5.60988e-06 7.27813e-15)
(-0.000128849 -1.13794e-05 -4.67747e-15)
(-0.000224068 -5.72022e-05 -2.28012e-14)
(-0.000415231 -0.000232067 4.09788e-14)
(-8.1771e-05 -7.35268e-06 -1.25856e-14)
(-0.000126532 -1.46034e-05 4.02321e-15)
(-0.000213761 -6.16319e-05 2.5387e-14)
(-0.000361227 -0.000233532 6.16888e-14)
(-8.13469e-05 -9.06619e-06 7.45351e-16)
(-0.000123574 -1.7757e-05 2.62327e-15)
(-0.000202063 -6.64217e-05 -1.32517e-14)
(-0.000311734 -0.000234062 -6.36692e-15)
(-8.0748e-05 -1.09314e-05 7.28301e-16)
(-0.000120393 -2.11227e-05 -6.63911e-15)
(-0.000189785 -7.10756e-05 -2.43957e-14)
(-0.000267234 -0.000232226 -2.4807e-14)
(-7.98374e-05 -1.26726e-05 -1.03625e-15)
(-0.00011654 -2.44055e-05 4.81747e-16)
(-0.000176733 -7.54094e-05 1.92358e-14)
(-0.000227412 -0.000228489 4.77165e-14)
(-7.87105e-05 -1.46817e-05 3.092e-15)
(-0.000112471 -2.7803e-05 -4.24528e-15)
(-0.000163572 -7.9252e-05 1.71468e-14)
(-0.000192149 -0.000222746 -1.92928e-14)
(-7.72089e-05 -1.65121e-05 1.59417e-15)
(-0.000107776 -3.10323e-05 7.49983e-15)
(-0.000150104 -8.24909e-05 3.81782e-15)
(-0.000161028 -0.000215635 -9.94842e-15)
(-7.54836e-05 -1.83067e-05 5.65147e-15)
(-0.000102915 -3.41976e-05 1.59016e-14)
(-0.000136889 -8.50756e-05 -1.01168e-14)
(-0.00013387 -0.000206913 -3.12921e-14)
(-7.33818e-05 -1.99604e-05 -9.50792e-15)
(-9.74673e-05 -3.71656e-05 -1.78555e-14)
(-0.000123756 -8.70328e-05 -1.32452e-14)
(-0.0001103 -0.000197323 1.15023e-14)
(-7.10045e-05 -2.18858e-05 5.55216e-15)
(-9.18701e-05 -4.02301e-05 4.16657e-15)
(-0.000111167 -8.82017e-05 1.99621e-14)
(-9.00078e-05 -0.00018674 1.62191e-14)
(-6.81681e-05 -2.37789e-05 -2.00679e-15)
(-8.58367e-05 -4.30743e-05 2.88712e-15)
(-9.90284e-05 -8.87424e-05 -5.29534e-15)
(-7.25925e-05 -0.000176022 -1.26013e-14)
(-6.51103e-05 -2.56391e-05 -7.53183e-18)
(-7.98332e-05 -4.5457e-05 -3.65776e-15)
(-8.7605e-05 -8.85998e-05 -1.08314e-14)
(-5.77345e-05 -0.000164972 -2.18421e-15)
(-6.17003e-05 -2.74034e-05 1.01942e-16)
(-7.35255e-05 -4.75186e-05 1.74185e-15)
(-7.67856e-05 -8.80078e-05 1.47799e-14)
(-4.52181e-05 -0.000154123 1.7871e-14)
(-5.81263e-05 -2.90316e-05 2.43594e-15)
(-6.73224e-05 -4.92476e-05 -5.36295e-15)
(-6.6817e-05 -8.66486e-05 -4.54196e-15)
(-3.46875e-05 -0.000143194 -1.11216e-14)
(-5.42479e-05 -3.06081e-05 -9.86097e-17)
(-6.09702e-05 -5.06154e-05 8.99496e-15)
(-5.762e-05 -8.48485e-05 -1.18233e-14)
(-2.59656e-05 -0.000132741 -1.9614e-14)
(-5.02743e-05 -3.19499e-05 4.4914e-15)
(-5.4929e-05 -5.12724e-05 -1.1996e-14)
(-4.93245e-05 -8.23205e-05 -2.31735e-15)
(-1.87167e-05 -0.000122532 2.12669e-14)
(-4.61626e-05 -3.30901e-05 -8.9596e-15)
(-4.89269e-05 -5.15133e-05 2.83507e-15)
(-4.17809e-05 -7.94547e-05 1.3897e-15)
(-1.28659e-05 -0.000112837 -9.7046e-15)
(-4.20908e-05 -3.37967e-05 7.55955e-15)
(-4.33464e-05 -5.10362e-05 -1.6374e-16)
(-3.51422e-05 -7.59258e-05 7.08222e-15)
(-8.1234e-06 -0.000103406 1.40632e-14)
(-3.8047e-05 -3.42662e-05 -8.13902e-15)
(-3.79409e-05 -5.01837e-05 6.8906e-15)
(-2.92112e-05 -7.21784e-05 2.02183e-15)
(-4.42072e-06 -9.45199e-05 4.62995e-16)
(-3.41439e-05 -3.43295e-05 -1.75591e-15)
(-3.30362e-05 -4.87639e-05 2.66411e-15)
(-2.41318e-05 -6.7943e-05 1.10586e-15)
(-1.51254e-06 -8.6003e-05 -9.27213e-15)
(-3.04317e-05 -3.41912e-05 7.90529e-15)
(-2.8406e-05 -4.70782e-05 -1.50036e-15)
(-1.96752e-05 -6.36388e-05 -3.67935e-15)
(6.77132e-07 -7.81235e-05 -1.35891e-14)
(-2.69507e-05 -3.36341e-05 1.32749e-15)
(-2.43437e-05 -4.49498e-05 -1.19576e-16)
(-1.59629e-05 -5.91146e-05 1.74047e-15)
(2.3405e-06 -7.06747e-05 8.4583e-15)
(-2.37346e-05 -3.29485e-05 -6.34216e-15)
(-2.05936e-05 -4.26669e-05 -3.62208e-15)
(-1.27117e-05 -5.47488e-05 -1.62703e-15)
(3.52973e-06 -6.38875e-05 9.13674e-15)
(-2.07668e-05 -3.20157e-05 4.02103e-15)
(-1.73953e-05 -4.01874e-05 4.77779e-15)
(-1.00736e-05 -5.03754e-05 3.6458e-15)
(4.38088e-06 -5.75726e-05 -8.00776e-15)
(-1.8106e-05 -3.09599e-05 -2.96901e-15)
(-1.45078e-05 -3.77896e-05 -3.87329e-15)
(-7.77466e-06 -4.62456e-05 -2.11687e-15)
(4.9425e-06 -5.19099e-05 1.06782e-14)
(-1.56602e-05 -2.98586e-05 -1.86145e-15)
(-1.21401e-05 -3.52188e-05 2.96566e-15)
(-5.99578e-06 -4.22739e-05 1.36674e-15)
(5.30332e-06 -4.66804e-05 -3.06822e-15)
(-1.36566e-05 -2.8233e-05 -7.37745e-16)
(-1.01396e-05 -3.26804e-05 -3.03718e-15)
(-4.39425e-06 -3.86571e-05 3.66961e-15)
(5.48105e-06 -4.20278e-05 -2.8503e-15)
(-1.32689e-05 -2.25828e-05 4.84937e-15)
(-1.14829e-05 -2.58183e-05 -2.38779e-16)
(-9.14618e-06 -3.11676e-05 2.12448e-15)
(-2.85711e-06 -3.48874e-05 -1.46872e-15)
(5.45767e-06 -3.78327e-05 -8.22359e-15)
(-1.17684e-05 -2.14562e-05 -6.37925e-15)
(-9.82518e-06 -2.43921e-05 1.84011e-15)
(-7.44083e-06 -2.87634e-05 1.71767e-15)
(-1.8382e-06 -3.17536e-05 -1.14229e-14)
(5.40824e-06 -3.40688e-05 1.80463e-15)
(-1.03754e-05 -2.02901e-05 1.45753e-15)
(-8.37463e-06 -2.28399e-05 -3.21821e-16)
(-6.12665e-06 -2.65138e-05 -8.7601e-16)
(-1.08553e-06 -2.87911e-05 1.0086e-14)
(5.26615e-06 -3.06204e-05 6.41081e-15)
(-9.14067e-06 -1.91785e-05 8.9169e-16)
(-7.04205e-06 -2.13639e-05 -6.22625e-16)
(-4.93309e-06 -2.44097e-05 -2.18178e-15)
(-4.59539e-07 -2.61344e-05 -7.18897e-17)
(5.07608e-06 -2.75754e-05 1.13486e-16)
(-7.99639e-06 -1.80227e-05 -3.51997e-15)
(-5.98247e-06 -1.98604e-05 -3.48839e-15)
(-4.04832e-06 -2.23769e-05 -3.82637e-15)
(-3.82071e-08 -2.36513e-05 -2.07582e-15)
(4.81944e-06 -2.47803e-05 -2.49755e-15)
(-7.01815e-06 -1.68606e-05 -1.43797e-15)
(-5.0243e-06 -1.83806e-05 -4.17647e-16)
(-3.23293e-06 -2.0524e-05 3.37702e-15)
(3.14988e-07 -2.14271e-05 1.12251e-15)
(4.5479e-06 -2.23255e-05 -6.51144e-15)
(-6.12113e-06 -1.56855e-05 -4.27806e-15)
(-4.25654e-06 -1.69714e-05 3.3964e-15)
(-2.65054e-06 -1.87339e-05 1.87332e-15)
(5.02443e-07 -1.93606e-05 -1.79866e-15)
(4.23078e-06 -2.00773e-05 3.29859e-15)
(-5.36087e-06 -1.45202e-05 1.24482e-15)
(-3.58167e-06 -1.56075e-05 -1.67448e-15)
(-2.1237e-06 -1.70825e-05 -5.73249e-16)
(6.79269e-07 -1.75162e-05 2.40955e-15)
(3.93145e-06 -1.81104e-05 5.67497e-15)
(-4.66744e-06 -1.33936e-05 1.78138e-15)
(-3.03445e-06 -1.42711e-05 -1.43824e-15)
(-1.75535e-06 -1.55431e-05 -2.475e-15)
(7.34919e-07 -1.5821e-05 -1.56037e-16)
(3.60217e-06 -1.63203e-05 -4.64026e-15)
(-4.10302e-06 -1.23244e-05 -5.82915e-16)
(-2.56479e-06 -1.30099e-05 8.81656e-17)
(-1.40184e-06 -1.417e-05 3.19956e-15)
(8.10652e-07 -1.43176e-05 -1.99203e-15)
(3.31432e-06 -1.47632e-05 1.2653e-15)
(-3.58864e-06 -1.13547e-05 -2.29052e-15)
(-2.16001e-06 -1.19044e-05 1.52008e-16)
(-1.14469e-06 -1.2911e-05 3.73103e-15)
(7.8887e-07 -1.29553e-05 -3.22262e-15)
(2.99649e-06 -1.33501e-05 -2.51717e-15)
(-3.15109e-06 -1.04713e-05 1.71917e-15)
(-1.8437e-06 -1.08907e-05 4.62753e-16)
(-9.35604e-07 -1.17841e-05 7.62237e-16)
(8.01895e-07 -1.17509e-05 6.05295e-16)
(2.73363e-06 -1.21128e-05 -9.63414e-16)
(-2.79032e-06 -9.70942e-06 8.71158e-16)
(-1.57472e-06 -9.94303e-06 -2.28033e-15)
(-7.8421e-07 -1.07546e-05 -1.95358e-15)
(7.34893e-07 -1.06549e-05 1.88917e-15)
(2.42813e-06 -1.09931e-05 4.57271e-15)
(-2.53499e-06 -8.8301e-06 -1.1201e-15)
(-1.47498e-06 -9.19316e-06 3.02918e-15)
(-6.50849e-07 -9.74676e-06 9.01199e-17)
(7.00444e-07 -9.68079e-06 -2.1951e-15)
(2.19024e-06 -1.00011e-05 2.81482e-15)
(-3.3093e-06 -7.88875e-06 -2.12012e-15)
(-2.19874e-06 -7.94293e-06 3.54604e-16)
(-1.58954e-06 -8.91943e-06 1.34313e-15)
(-4.14593e-07 -8.65851e-06 1.38522e-16)
(5.98488e-07 -8.81636e-06 -3.53587e-15)
(1.90044e-06 -9.10308e-06 -3.18195e-15)
(-3.0449e-06 -7.21542e-06 1.27126e-15)
(-2.0542e-06 -7.25697e-06 2.98475e-15)
(-1.53665e-06 -8.13333e-06 6.32703e-17)
(-3.5274e-07 -7.85918e-06 -3.07447e-15)
(5.48079e-07 -8.02508e-06 9.15955e-16)
(1.76042e-06 -8.3484e-06 -2.43806e-15)
(-2.86873e-06 -6.54627e-06 -1.76694e-15)
(-1.8767e-06 -6.60146e-06 -2.28276e-15)
(-1.30848e-06 -7.3721e-06 1.03146e-15)
(-3.24989e-07 -7.13039e-06 1.47174e-15)
(5.40989e-07 -7.29751e-06 -1.43036e-15)
(1.55022e-06 -7.65707e-06 2.62974e-16)
(-2.51751e-06 -5.89847e-06 7.03641e-16)
(-1.72074e-06 -5.96297e-06 -2.93917e-16)
(-1.30796e-06 -6.64024e-06 6.38964e-17)
(-2.59871e-07 -6.46605e-06 -1.11175e-16)
(5.29833e-07 -6.63432e-06 1.74722e-15)
(1.49644e-06 -6.99403e-06 5.85345e-16)
(-2.35183e-06 -5.29391e-06 1.16524e-15)
(-1.58073e-06 -5.35552e-06 6.73138e-16)
(-1.04424e-06 -6.03514e-06 -2.22887e-15)
(-1.695e-07 -5.89572e-06 -1.42322e-15)
(5.54714e-07 -6.04355e-06 -1.08051e-15)
(1.36006e-06 -6.39748e-06 2.50064e-16)
(-1.99155e-06 -4.76605e-06 -1.37788e-15)
(-1.31232e-06 -4.92059e-06 -1.8853e-15)
(-9.47652e-07 -5.50988e-06 -1.11302e-15)
(-1.11231e-07 -5.41187e-06 2.91318e-15)
(5.33391e-07 -5.5159e-06 3.96759e-16)
(1.30275e-06 -5.79561e-06 2.95006e-16)
(-1.70951e-06 -4.31564e-06 -1.6828e-16)
(-1.11209e-06 -4.44531e-06 1.19801e-15)
(-6.9809e-07 -5.03454e-06 -6.80381e-16)
(-3.37857e-08 -4.9415e-06 -5.54722e-16)
(4.77034e-07 -4.99966e-06 3.39649e-15)
(1.13206e-06 -5.26075e-06 -1.3697e-15)
(-1.33625e-06 -3.8713e-06 1.8482e-15)
(-7.90586e-07 -4.04494e-06 1.39732e-15)
(-5.69459e-07 -4.53527e-06 -2.44645e-15)
(-7.6586e-08 -4.42751e-06 7.58274e-16)
(3.88212e-07 -4.48653e-06 -9.80902e-16)
(1.02879e-06 -4.7359e-06 1.0687e-15)
(-1.02444e-06 -3.45225e-06 -1.23999e-15)
(-6.47385e-07 -3.63367e-06 7.98658e-16)
(-4.70409e-07 -3.96754e-06 1.74158e-15)
(-5.06795e-08 -3.91552e-06 -2.73662e-15)
(3.52132e-07 -4.02e-06 1.41607e-15)
(9.10973e-07 -4.28452e-06 2.64381e-15)
(-1.18752e-06 -2.96755e-06 -4.96591e-16)
(-7.59479e-07 -3.04757e-06 4.3484e-16)
(-6.14313e-07 -3.47617e-06 3.70469e-16)
(-2.97e-07 -3.41859e-06 -1.01375e-15)
(-2.99332e-08 -3.52406e-06 1.37257e-16)
(3.52661e-07 -3.61138e-06 1.55228e-15)
(8.97946e-07 -3.93253e-06 5.71197e-17)
(-9.10896e-07 -2.72304e-06 1.46588e-15)
(-5.78959e-07 -2.78142e-06 1.99521e-15)
(-5.40242e-07 -3.15093e-06 -1.83369e-15)
(-1.98645e-07 -3.10788e-06 -1.12614e-16)
(5.87429e-08 -3.20036e-06 -6.98121e-16)
(4.15125e-07 -3.32206e-06 -7.65316e-16)
(8.46075e-07 -3.60124e-06 2.45345e-15)
(-7.55239e-07 -2.48847e-06 -1.30462e-16)
(-4.61375e-07 -2.52213e-06 -1.01753e-15)
(-3.47866e-07 -2.88225e-06 -1.21594e-15)
(-8.61373e-08 -2.83785e-06 2.6286e-15)
(1.43983e-07 -2.93868e-06 1.13561e-15)
(4.22173e-07 -3.02055e-06 -3.1448e-15)
(8.00378e-07 -3.27914e-06 -2.31366e-15)
(-5.47223e-07 -2.25825e-06 6.42575e-16)
(-2.89766e-07 -2.29099e-06 -7.64157e-16)
(-2.59714e-07 -2.62331e-06 2.2035e-16)
(1.70608e-08 -2.57521e-06 5.32775e-16)
(1.94424e-07 -2.65583e-06 -1.09198e-15)
(4.1879e-07 -2.72464e-06 -2.18632e-15)
(7.36469e-07 -2.95462e-06 2.52185e-15)
(-4.52366e-07 -2.07415e-06 2.81692e-15)
(-1.83552e-07 -2.06327e-06 5.83727e-17)
(-9.89178e-08 -2.3922e-06 -1.8531e-15)
(9.33969e-08 -2.31693e-06 1.48382e-16)
(2.2797e-07 -2.37438e-06 1.29663e-15)
(3.92006e-07 -2.42372e-06 5.96315e-16)
(6.54985e-07 -2.62653e-06 -4.78337e-16)
(-3.26768e-07 -1.9132e-06 -3.40409e-16)
(-7.54646e-08 -1.89132e-06 3.26181e-16)
(-6.14268e-08 -2.15419e-06 -5.01141e-16)
(1.25672e-07 -2.04597e-06 -7.19057e-16)
(2.13459e-07 -2.08235e-06 4.86213e-16)
(3.49821e-07 -2.11812e-06 -1.13229e-15)
(5.88113e-07 -2.30004e-06 1.82907e-16)
(-3.08906e-07 -1.7837e-06 1.68644e-15)
(-7.48966e-08 -1.72412e-06 8.08896e-16)
(-3.49157e-08 -1.98304e-06 2.24117e-16)
(1.0516e-07 -1.84004e-06 6.99863e-16)
(2.00184e-07 -1.86612e-06 -5.75978e-17)
(3.18421e-07 -1.88749e-06 8.10102e-16)
(5.24364e-07 -2.04062e-06 -3.77378e-17)
(-2.70908e-07 -1.66795e-06 7.49259e-16)
(-6.75332e-08 -1.63472e-06 1.82415e-15)
(-6.94707e-08 -1.85021e-06 -5.75327e-16)
(9.05872e-08 -1.70904e-06 -1.08862e-15)
(1.7624e-07 -1.72046e-06 6.13579e-16)
(2.97858e-07 -1.75308e-06 4.74132e-16)
(4.86279e-07 -1.89155e-06 4.45039e-16)
(-2.48413e-07 -1.56893e-06 8.21041e-16)
(-7.25953e-08 -1.52667e-06 -8.55024e-16)
(-5.77101e-08 -1.73441e-06 -4.58438e-16)
(6.84511e-08 -1.60456e-06 7.71326e-16)
(1.59696e-07 -1.60657e-06 1.90991e-15)
(2.72226e-07 -1.64388e-06 -8.10387e-16)
(4.43575e-07 -1.77746e-06 -2.53896e-15)
(-2.016e-07 -1.46023e-06 -1.06433e-17)
(-6.95679e-08 -1.45804e-06 -5.17735e-16)
(-6.6107e-08 -1.56922e-06 1.24852e-17)
(5.39162e-08 -1.47565e-06 7.25967e-16)
(1.2892e-07 -1.47022e-06 -1.38603e-16)
(2.31378e-07 -1.49834e-06 -4.51162e-16)
(3.98072e-07 -1.64192e-06 6.0223e-16)
(-2.3287e-07 -1.23061e-06 -1.44218e-15)
(-1.35689e-07 -1.2368e-06 -8.67081e-16)
(-1.76123e-07 -1.41635e-06 -5.64566e-17)
(-3.31033e-08 -1.31632e-06 4.67222e-16)
(2.58302e-08 -1.31084e-06 4.40494e-16)
(1.01205e-07 -1.29623e-06 1.30016e-15)
(1.88953e-07 -1.32284e-06 -6.24626e-16)
(3.4935e-07 -1.45914e-06 -1.53131e-15)
(-1.99426e-07 -1.02759e-06 1.55499e-16)
(-1.20651e-07 -1.02101e-06 -3.977e-17)
(-1.23098e-07 -1.19171e-06 -5.04318e-16)
(-3.37949e-08 -1.1122e-06 1.23245e-15)
(1.6491e-08 -1.11676e-06 3.81671e-16)
(7.73668e-08 -1.10827e-06 -1.26854e-15)
(1.49621e-07 -1.13493e-06 -6.36897e-16)
(2.93202e-07 -1.24708e-06 3.24231e-16)
(-1.33832e-07 -8.45526e-07 -9.35331e-16)
(-7.18405e-08 -8.53321e-07 4.77421e-18)
(-1.07373e-07 -9.95206e-07 3.80572e-16)
(-1.66168e-08 -9.27562e-07 -1.37285e-15)
(1.83662e-08 -9.36405e-07 2.70995e-15)
(6.48757e-08 -9.33691e-07 -3.04025e-16)
(1.18307e-07 -9.62203e-07 -1.15036e-15)
(2.3559e-07 -1.05638e-06 1.03808e-15)
(-1.29243e-07 -7.3763e-07 5.25161e-17)
(-4.56094e-08 -7.19046e-07 5.93255e-16)
(-6.04577e-08 -8.68188e-07 7.44858e-16)
(8.88021e-10 -7.8549e-07 -1.08846e-15)
(2.82117e-08 -7.95548e-07 1.20603e-15)
(6.25623e-08 -7.94464e-07 -6.35073e-16)
(9.94048e-08 -8.22834e-07 -1.47678e-15)
(1.89429e-07 -9.01277e-07 1.68976e-15)
(-1.13388e-07 -6.69134e-07 1.74297e-16)
(-3.90017e-08 -6.56346e-07 6.63967e-16)
(-5.85393e-08 -7.84424e-07 1.31545e-15)
(1.71231e-08 -6.99906e-07 -2.56967e-17)
(3.93173e-08 -7.06567e-07 -1.89745e-15)
(6.45407e-08 -7.04563e-07 5.56116e-16)
(8.47275e-08 -7.3037e-07 -5.48042e-16)
(1.53354e-07 -7.8864e-07 -3.61693e-16)
(-1.21171e-07 -6.61769e-07 -6.26366e-16)
(-2.42528e-08 -6.44948e-07 -9.79116e-16)
(-1.84865e-08 -7.59376e-07 3.07383e-16)
(2.47265e-08 -6.74647e-07 1.49008e-15)
(4.42676e-08 -6.76049e-07 2.82956e-16)
(6.16455e-08 -6.69149e-07 -5.88833e-16)
(7.27503e-08 -6.86256e-07 1.3325e-16)
(1.22665e-07 -7.38248e-07 8.44333e-16)
(-9.52337e-08 -6.97102e-07 1.59277e-15)
(-2.36973e-08 -6.86528e-07 4.65306e-16)
(-3.16482e-08 -8.14775e-07 -1.3097e-15)
(2.34446e-08 -7.34358e-07 1.39633e-16)
(3.87943e-08 -7.38056e-07 -9.35905e-16)
(5.06563e-08 -7.32511e-07 -3.36777e-16)
(4.65121e-08 -7.48447e-07 1.74059e-15)
(6.21246e-08 -8.13754e-07 -1.12692e-16)
(-6.65994e-08 -7.15494e-07 -1.05417e-15)
(2.69849e-08 -6.81452e-07 -4.73443e-16)
(2.90186e-08 -8.39657e-07 1.00519e-15)
(3.42542e-08 -7.5564e-07 -4.35868e-16)
(4.00622e-08 -7.59406e-07 -3.63241e-16)
(3.94537e-08 -7.48791e-07 1.22523e-15)
(2.50569e-08 -7.69515e-07 -8.85005e-17)
(1.79058e-08 -8.83498e-07 -8.54983e-16)
(-3.92603e-08 -8.9468e-07 -6.32216e-16)
(1.60355e-08 -8.85599e-07 -1.25381e-15)
(1.75861e-08 -9.38898e-07 -6.62605e-16)
(1.99197e-08 -8.87735e-07 2.37662e-15)
(1.82991e-08 -8.80663e-07 -1.31034e-16)
(9.89843e-09 -8.70958e-07 -6.26944e-16)
(-1.85295e-08 -9.05428e-07 -8.63898e-16)
(-8.8867e-08 -1.07501e-06 -3.35963e-15)
(0.0293074 0.0117338 -1.46536e-14)
(-0.00564622 -0.00335259 1.77505e-14)
(-0.00288942 -0.00354568 -9.39082e-14)
(-0.00153354 -0.00292247 1.65238e-14)
(-0.000882613 -0.00260789 3.6856e-14)
(-0.000600375 -0.00252739 -1.78201e-14)
(-0.000601217 -0.00204297 -5.6255e-14)
(-0.000434532 -0.00162496 3.645e-15)
(-0.000359164 -0.00158066 4.87523e-15)
(-0.000302817 -0.0013831 -2.55651e-14)
(-0.000246644 -0.00121228 -1.26902e-14)
(-0.000201004 -0.00105889 3.6375e-14)
(-0.000162215 -0.000923405 5.63621e-14)
(-0.00012962 -0.000804393 -3.53964e-14)
(-0.000102175 -0.000699635 2.21682e-14)
(-7.9385e-05 -0.00060861 9.86776e-15)
(-6.04015e-05 -0.000529091 -4.68418e-14)
(-4.48658e-05 -0.00046056 3.68819e-14)
(-3.21444e-05 -0.000400693 -5.08533e-14)
(-2.19708e-05 -0.000349398 3.0221e-14)
(-1.37623e-05 -0.000305182 -8.06954e-15)
(-7.35062e-06 -0.000267502 1.88446e-15)
(-2.32551e-06 -0.000234735 1.08738e-14)
(1.435e-06 -0.000206795 -9.95626e-15)
(4.29636e-06 -0.000182576 -2.99903e-15)
(6.3139e-06 -0.000161839 -4.26608e-15)
(7.74791e-06 -0.000143582 1.61446e-14)
(8.60908e-06 -0.000127731 -1.03327e-14)
(9.12801e-06 -0.000113604 1.22502e-14)
(9.27569e-06 -0.000101224 2.20399e-15)
(9.25797e-06 -9.01174e-05 -1.40426e-14)
(9.01251e-06 -8.035e-05 -1.23058e-14)
(8.71245e-06 -7.15697e-05 1.19056e-14)
(8.28025e-06 -6.38622e-05 8.6477e-15)
(7.87448e-06 -5.69221e-05 -2.95928e-15)
(7.38712e-06 -5.08441e-05 5.9929e-15)
(6.95646e-06 -4.53786e-05 -1.71092e-15)
(6.46001e-06 -4.06241e-05 -1.18968e-14)
(6.07214e-06 -3.6262e-05 3.52785e-15)
(5.5964e-06 -3.24575e-05 -2.02799e-16)
(5.22121e-06 -2.89814e-05 -7.94668e-16)
(4.76153e-06 -2.59592e-05 6.57807e-15)
(4.40675e-06 -2.31951e-05 -4.84495e-15)
(3.9652e-06 -2.07982e-05 -8.18216e-16)
(3.63772e-06 -1.86131e-05 7.70526e-16)
(3.2332e-06 -1.67263e-05 5.91749e-15)
(2.94258e-06 -1.50143e-05 -2.64756e-15)
(2.583e-06 -1.35354e-05 5.59072e-15)
(2.32547e-06 -1.21945e-05 -1.04799e-15)
(2.0112e-06 -1.10255e-05 1.48374e-15)
(1.77009e-06 -9.9654e-06 1.41614e-15)
(1.47777e-06 -9.03246e-06 2.8896e-16)
(1.25179e-06 -8.26437e-06 1.53607e-15)
(1.04268e-06 -7.61085e-06 1.86654e-15)
(8.81091e-07 -7.01973e-06 -1.04591e-15)
(7.66176e-07 -6.46959e-06 -3.69632e-16)
(7.16838e-07 -5.8803e-06 -1.36932e-15)
(6.5048e-07 -5.33244e-06 1.99265e-15)
(6.29785e-07 -4.75081e-06 -3.96577e-15)
(5.60424e-07 -4.29836e-06 1.23541e-15)
(5.48362e-07 -3.88396e-06 -4.68288e-15)
(5.10981e-07 -3.53778e-06 -2.02098e-15)
(4.75095e-07 -3.24077e-06 1.7106e-16)
(4.39978e-07 -2.92448e-06 3.04072e-15)
(3.94809e-07 -2.60858e-06 3.48978e-15)
(3.43248e-07 -2.30721e-06 -7.68466e-16)
(3.13889e-07 -2.00215e-06 -2.94972e-15)
(3.02397e-07 -1.75141e-06 -1.35036e-15)
(2.98343e-07 -1.61211e-06 1.87339e-15)
(2.88473e-07 -1.48669e-06 5.28598e-15)
(2.88213e-07 -1.36498e-06 -2.39356e-15)
(2.89921e-07 -1.21902e-06 2.02679e-15)
(2.80253e-07 -1.03717e-06 -1.70054e-15)
(2.5078e-07 -8.57797e-07 -7.02318e-16)
(2.28174e-07 -7.08523e-07 -8.05709e-16)
(1.91145e-07 -6.00022e-07 3.81718e-15)
(1.64635e-07 -5.70829e-07 -3.98552e-16)
(8.84368e-08 -6.62515e-07 2.29184e-16)
(5.86853e-08 -7.0235e-07 8.96848e-16)
(-1.71805e-07 -9.49417e-07 9.78966e-15)
(0.0206658 0.000406242 3.87809e-15)
(0.00333945 -0.000434205 -4.31358e-15)
(0.00162927 -0.000632397 1.90283e-14)
(0.00132186 -0.000646074 -3.981e-15)
(0.00111877 -0.000405613 -6.10641e-15)
(0.000827492 -0.000731366 1.92146e-15)
(0.000732027 -0.000998891 1.03926e-14)
(0.000686215 -0.000695795 -6.27082e-16)
(0.00060886 -0.00062796 -7.38811e-16)
(0.000533834 -0.00058956 3.52991e-15)
(0.000466546 -0.000549419 3.86389e-15)
(0.000406667 -0.000509602 -7.55449e-15)
(0.000353458 -0.000470987 -1.00664e-14)
(0.0003061 -0.000433116 6.31338e-15)
(0.000264392 -0.000396745 -3.51155e-15)
(0.00022759 -0.000361752 -2.51068e-15)
(0.000195502 -0.00032856 7.90473e-15)
(0.000167429 -0.000297188 -6.18704e-15)
(0.000143229 -0.000267813 9.16683e-15)
(0.000122226 -0.00024066 -5.81852e-15)
(0.000104264 -0.000215758 1.02443e-15)
(8.87328e-05 -0.000193196 -1.89141e-16)
(7.55447e-05 -0.000172725 -1.44314e-15)
(6.41768e-05 -0.000154499 8.80284e-16)
(5.4549e-05 -0.000138128 8.80477e-16)
(4.62477e-05 -0.000123633 1.41188e-15)
(3.92411e-05 -0.00011064 -3.25433e-15)
(3.31974e-05 -9.91066e-05 2.13313e-15)
(2.81195e-05 -8.86828e-05 -2.6374e-15)
(2.37479e-05 -7.93966e-05 -1.36687e-16)
(2.00991e-05 -7.09793e-05 2.30016e-15)
(1.69603e-05 -6.34876e-05 2.41258e-15)
(1.43601e-05 -5.66836e-05 -2.59776e-15)
(1.21284e-05 -5.06566e-05 -1.28321e-15)
(1.0292e-05 -4.51792e-05 1.2966e-15)
(8.7117e-06 -4.03437e-05 -1.35354e-15)
(7.43068e-06 -3.59279e-05 1.47415e-16)
(6.27349e-06 -3.21504e-05 1.87508e-15)
(5.34491e-06 -2.86523e-05 -4.04004e-16)
(4.53583e-06 -2.55487e-05 4.42791e-16)
(3.87918e-06 -2.27079e-05 6.25509e-16)
(3.28191e-06 -2.02202e-05 -1.92679e-15)
(2.79959e-06 -1.79648e-05 9.36326e-16)
(2.342e-06 -1.60008e-05 4.48717e-16)
(1.98326e-06 -1.42364e-05 -1.11693e-15)
(1.62944e-06 -1.27054e-05 -7.93026e-16)
(1.36317e-06 -1.13459e-05 8.67861e-17)
(1.08423e-06 -1.01591e-05 -2.06567e-16)
(8.87117e-07 -9.10433e-06 -3.60993e-16)
(6.65823e-07 -8.16447e-06 6.51131e-16)
(5.17324e-07 -7.32308e-06 -6.80005e-16)
(3.25787e-07 -6.60914e-06 1.20885e-15)
(2.20678e-07 -6.00614e-06 2.6016e-16)
(2.18612e-08 -5.52717e-06 -1.44137e-16)
(-7.46754e-08 -5.10398e-06 4.27736e-16)
(-2.26468e-07 -4.7437e-06 9.34414e-16)
(-2.61314e-07 -4.34372e-06 2.08969e-16)
(-2.90481e-07 -3.92001e-06 1.31795e-16)
(-2.54337e-07 -3.50427e-06 1.87777e-15)
(-1.9184e-07 -3.10606e-06 -1.41436e-15)
(-1.76244e-07 -2.79857e-06 -7.77792e-16)
(-1.64699e-07 -2.53042e-06 -1.48481e-15)
(-1.53062e-07 -2.28739e-06 -9.69543e-16)
(-1.65949e-07 -2.05519e-06 -2.74751e-15)
(-1.69315e-07 -1.81418e-06 -8.19263e-16)
(-1.64087e-07 -1.58749e-06 -2.07353e-16)
(-1.48369e-07 -1.38305e-06 6.69777e-16)
(-8.63883e-08 -1.20304e-06 5.13559e-16)
(-4.13263e-08 -1.06227e-06 -9.12828e-16)
(-1.44514e-08 -9.54799e-07 -2.93806e-16)
(7.6232e-09 -8.50209e-07 8.62357e-16)
(4.15359e-08 -7.25296e-07 -3.37761e-16)
(6.76783e-08 -5.93322e-07 -5.07701e-16)
(9.4845e-08 -4.77237e-07 7.98401e-16)
(1.20975e-07 -3.7766e-07 5.88631e-17)
(1.06117e-07 -3.21218e-07 -5.37251e-16)
(1.19666e-07 -3.09056e-07 1.16848e-15)
(1.06682e-07 -3.56684e-07 -2.37684e-16)
(1.1884e-07 -2.90734e-07 -1.53249e-16)
(-9.82374e-08 -4.70911e-07 4.13602e-16)
(0.00232636 0.00116082 -1.25385e-16)
(0.000757955 0.000973425 -7.02805e-17)
(0.000658671 0.000842256 -8.53866e-17)
(0.000704551 0.00074932 1.0959e-16)
(0.000721958 0.000686325 -2.41283e-16)
(0.000635005 0.000580081 -1.69477e-16)
(0.000609395 0.000441598 1.61919e-17)
(0.000583943 0.000386591 -2.08778e-16)
(0.000547098 0.000326509 -2.36633e-16)
(0.000507373 0.000263929 1.07809e-16)
(0.000468852 0.000206342 -2.45462e-16)
(0.000431198 0.000155835 -2.0515e-16)
(0.000394869 0.000111541 1.78237e-16)
(0.000359988 7.34071e-05 3.57707e-16)
(0.000326824 4.09136e-05 -1.90596e-16)
(0.000295431 1.38275e-05 1.89411e-16)
(0.00026599 -8.5247e-06 9.73169e-17)
(0.000238482 -2.6339e-05 -1.27939e-17)
(0.000213022 -4.02408e-05 -3.79896e-17)
(0.000189536 -5.07915e-05 1.52365e-16)
(0.000168054 -5.84896e-05 7.16321e-16)
(0.000148459 -6.38341e-05 -3.43123e-17)
(0.000130744 -6.7028e-05 2.03534e-16)
(0.000114769 -6.86978e-05 8.66842e-17)
(0.000100474 -6.89968e-05 -1.12858e-16)
(8.77027e-05 -6.82985e-05 -1.89402e-16)
(7.63921e-05 -6.6668e-05 -4.93112e-16)
(6.63821e-05 -6.4417e-05 -8.84248e-18)
(5.75993e-05 -6.1607e-05 1.30343e-18)
(4.98946e-05 -5.84652e-05 1.85323e-16)
(4.31927e-05 -5.50401e-05 2.3741e-16)
(3.73617e-05 -5.1523e-05 -1.10035e-15)
(3.23199e-05 -4.79335e-05 -1.24147e-15)
(2.7964e-05 -4.44091e-05 -6.14866e-16)
(2.42099e-05 -4.09376e-05 2.3719e-16)
(2.09829e-05 -3.76393e-05 6.7402e-16)
(1.82084e-05 -3.44282e-05 1.85267e-18)
(1.58315e-05 -3.14601e-05 1.51619e-16)
(1.37561e-05 -2.86298e-05 4.91863e-16)
(1.19808e-05 -2.60275e-05 5.03368e-16)
(1.04219e-05 -2.35615e-05 4.43878e-17)
(9.09225e-06 -2.13406e-05 -2.36024e-16)
(7.90997e-06 -1.92667e-05 -1.62156e-16)
(6.90345e-06 -1.7424e-05 -7.96104e-16)
(6.00125e-06 -1.57319e-05 -1.40162e-15)
(5.23562e-06 -1.42405e-05 -6.92531e-16)
(4.54638e-06 -1.28898e-05 -2.66286e-16)
(3.96005e-06 -1.16958e-05 9.38521e-16)
(3.43757e-06 -1.06164e-05 1.38098e-15)
(2.98918e-06 -9.64594e-06 -3.26977e-17)
(2.59765e-06 -8.75844e-06 4.27559e-16)
(2.25562e-06 -7.97067e-06 -1.54511e-15)
(1.94088e-06 -7.29604e-06 -1.20151e-15)
(1.64083e-06 -6.73078e-06 1.63409e-16)
(1.32459e-06 -6.28008e-06 -8.58507e-16)
(1.05921e-06 -5.86612e-06 -2.68471e-16)
(7.98038e-07 -5.47745e-06 -3.01888e-16)
(6.38995e-07 -5.04361e-06 6.05243e-16)
(5.36486e-07 -4.59018e-06 2.97668e-15)
(4.86973e-07 -4.14419e-06 5.48485e-16)
(4.54916e-07 -3.73853e-06 3.30914e-15)
(4.13282e-07 -3.41364e-06 1.40984e-16)
(3.54017e-07 -3.12587e-06 3.43945e-16)
(2.99758e-07 -2.83671e-06 -1.47832e-15)
(2.48792e-07 -2.55235e-06 -2.43393e-16)
(2.14369e-07 -2.27989e-06 8.266e-16)
(1.98022e-07 -2.02959e-06 -3.29693e-16)
(2.03022e-07 -1.82729e-06 6.27211e-16)
(2.20232e-07 -1.66754e-06 -2.15459e-16)
(2.28885e-07 -1.52778e-06 -6.75779e-16)
(2.23199e-07 -1.39465e-06 -9.31596e-16)
(2.059e-07 -1.23405e-06 4.86591e-16)
(1.91555e-07 -1.04902e-06 1.62723e-15)
(1.97005e-07 -8.816e-07 -1.57743e-15)
(2.11527e-07 -7.39476e-07 5.8978e-17)
(1.59348e-07 -6.70403e-07 -1.0205e-16)
(1.88355e-07 -6.41838e-07 -2.62292e-15)
(1.9477e-07 -6.79637e-07 2.06787e-15)
(1.73508e-07 -6.14916e-07 -2.08177e-17)
(-1.32403e-08 -8.15598e-07 -3.54632e-15)
(0.000734981 0.000440881 2.70373e-17)
(0.000280898 0.000334297 -3.34584e-17)
(0.000185132 0.000286918 2.89907e-18)
(0.000138436 0.000283647 -6.76524e-17)
(0.000141793 0.000272586 2.68822e-17)
(0.000147593 0.000266627 1.93569e-17)
(0.000154462 0.000254648 -1.76128e-17)
(0.000162891 0.000229661 -1.54367e-17)
(0.000170986 0.000222026 -1.57878e-16)
(0.000176121 0.000209718 -7.84588e-18)
(0.000179625 0.000194612 1.37245e-16)
(0.000181285 0.000178678 -1.08865e-17)
(0.00018121 0.00016174 5.4568e-17)
(0.00017943 0.000144663 -1.59511e-17)
(0.00017611 0.000127285 -3.6548e-19)
(0.000171354 0.000110304 -1.82593e-16)
(0.000165391 9.35761e-05 -3.46963e-16)
(0.000158365 7.77016e-05 -3.55188e-16)
(0.000150514 6.2718e-05 1.66722e-16)
(0.00014201 4.87921e-05 -2.76113e-17)
(0.000133062 3.60108e-05 5.20201e-16)
(0.000123822 2.42948e-05 -1.31791e-16)
(0.000114469 1.38851e-05 -3.6801e-16)
(0.000105174 4.64086e-06 2.92303e-16)
(9.6047e-05 -3.27087e-06 -5.09497e-17)
(8.72149e-05 -1.00304e-05 5.96366e-18)
(7.87512e-05 -1.55592e-05 -1.22703e-16)
(7.0774e-05 -2.00093e-05 -2.488e-17)
(6.32983e-05 -2.33241e-05 4.52303e-17)
(5.6395e-05 -2.57141e-05 9.61479e-17)
(5.00486e-05 -2.71944e-05 4.51127e-16)
(4.42917e-05 -2.79847e-05 5.01514e-17)
(3.908e-05 -2.8127e-05 3.21444e-16)
(3.44122e-05 -2.78215e-05 -2.00858e-16)
(3.02344e-05 -2.70827e-05 8.1347e-18)
(2.65276e-05 -2.60945e-05 7.78833e-17)
(2.32435e-05 -2.48283e-05 -5.12846e-16)
(2.03461e-05 -2.34771e-05 -1.94797e-16)
(1.77764e-05 -2.19875e-05 4.20311e-16)
(1.55236e-05 -2.05023e-05 -7.06496e-17)
(1.35355e-05 -1.89638e-05 -1.78453e-16)
(1.18041e-05 -1.7506e-05 4.9205e-16)
(1.02757e-05 -1.60668e-05 6.30281e-16)
(8.95348e-06 -1.4753e-05 7.65206e-16)
(7.78622e-06 -1.34973e-05 4.08719e-16)
(6.78281e-06 -1.23739e-05 1.8871e-16)
(5.8958e-06 -1.13255e-05 9.26078e-16)
(5.13645e-06 -1.03896e-05 -1.86329e-16)
(4.46909e-06 -9.51984e-06 -1.8381e-16)
(3.90033e-06 -8.7272e-06 -1.60858e-15)
(3.4039e-06 -7.99154e-06 2.98963e-16)
(2.98483e-06 -7.30267e-06 1.84164e-15)
(2.60725e-06 -6.71226e-06 -1.68106e-15)
(2.25532e-06 -6.18607e-06 -2.64757e-16)
(1.91091e-06 -5.76783e-06 2.50051e-16)
(1.55885e-06 -5.42596e-06 -7.89649e-16)
(1.24097e-06 -5.09498e-06 2.9153e-16)
(9.6017e-07 -4.77642e-06 -1.46659e-15)
(7.79787e-07 -4.40544e-06 -1.6982e-15)
(6.65221e-07 -4.01086e-06 -1.53515e-16)
(5.80106e-07 -3.6419e-06 -1.69802e-15)
(5.00047e-07 -3.31315e-06 4.94797e-17)
(4.27373e-07 -3.02722e-06 -3.89769e-16)
(3.50592e-07 -2.7579e-06 3.97918e-15)
(2.90531e-07 -2.48407e-06 6.34449e-16)
(2.58527e-07 -2.22438e-06 -8.29891e-17)
(2.33618e-07 -1.98865e-06 5.68438e-16)
(2.27571e-07 -1.79853e-06 -3.03851e-16)
(2.30001e-07 -1.64474e-06 7.13114e-16)
(2.29015e-07 -1.5046e-06 2.04472e-15)
(2.19306e-07 -1.36128e-06 1.64681e-15)
(1.97118e-07 -1.19863e-06 1.23135e-15)
(1.80839e-07 -1.02576e-06 4.16471e-16)
(1.90271e-07 -8.70853e-07 4.68258e-17)
(2.08798e-07 -7.19076e-07 -2.15139e-18)
(1.50632e-07 -6.54122e-07 5.31748e-16)
(1.84761e-07 -6.27604e-07 -4.11477e-15)
(2.04983e-07 -6.38067e-07 -3.4417e-15)
(1.66529e-07 -5.64004e-07 5.97679e-17)
(7.65578e-08 -7.53531e-07 5.79025e-16)
(9.28886e-05 0.000242306 9.00369e-17)
(-0.000308206 0.000118004 4.69706e-17)
(0.000237073 0.000168671 -6.61624e-18)
(-2.65551e-05 0.000235423 -3.38556e-17)
(2.28774e-05 0.000191094 -3.38875e-16)
(3.40786e-05 0.000163218 -9.01061e-17)
(3.79755e-05 0.000152198 1.41099e-16)
(4.53075e-05 0.000153481 -1.12349e-17)
(5.12626e-05 0.00014983 6.37561e-17)
(5.65643e-05 0.000144751 -8.90317e-17)
(6.16443e-05 0.000138659 -3.53495e-16)
(6.63117e-05 0.000132217 -1.29002e-16)
(7.05729e-05 0.000125101 1.72253e-16)
(7.42511e-05 0.000117635 4.09751e-17)
(7.74118e-05 0.00010976 -2.53279e-16)
(7.98635e-05 0.000101586 -7.67356e-17)
(8.17122e-05 9.30886e-05 6.15512e-17)
(8.27746e-05 8.44401e-05 2.29511e-16)
(8.32133e-05 7.57028e-05 -2.94234e-17)
(8.28705e-05 6.70282e-05 -1.04535e-16)
(8.19228e-05 5.84918e-05 -4.87325e-17)
(8.02489e-05 5.00738e-05 -1.51211e-16)
(7.80362e-05 4.18511e-05 -4.74426e-16)
(7.52172e-05 3.39065e-05 -4.85753e-18)
(7.19873e-05 2.63762e-05 -2.12166e-16)
(6.8334e-05 1.92968e-05 -1.53667e-16)
(6.44206e-05 1.27871e-05 1.45361e-16)
(6.02676e-05 6.83977e-06 -2.35233e-16)
(5.60267e-05 1.66018e-06 -2.31624e-16)
(5.17384e-05 -2.83335e-06 -3.51087e-16)
(4.75099e-05 -6.53004e-06 -4.67698e-16)
(4.33804e-05 -9.5579e-06 3.80721e-16)
(3.94121e-05 -1.18539e-05 2.74134e-16)
(3.56329e-05 -1.35697e-05 -3.37051e-17)
(3.20775e-05 -1.4703e-05 7.79094e-16)
(2.87588e-05 -1.54153e-05 -2.76756e-16)
(2.56954e-05 -1.5666e-05 -1.06437e-15)
(2.28831e-05 -1.56631e-05 2.85747e-16)
(2.03086e-05 -1.53572e-05 -9.34487e-16)
(1.79784e-05 -1.49053e-05 1.22784e-16)
(1.58728e-05 -1.4262e-05 -3.14575e-16)
(1.39939e-05 -1.35782e-05 -4.91532e-16)
(1.23093e-05 -1.27975e-05 -2.25133e-16)
(1.0825e-05 -1.20458e-05 2.97971e-18)
(9.50041e-06 -1.12621e-05 7.94147e-16)
(8.34499e-06 -1.05377e-05 4.96053e-17)
(7.31587e-06 -9.81898e-06 -3.30274e-16)
(6.42576e-06 -9.1601e-06 -4.54761e-16)
(5.6357e-06 -8.51908e-06 -4.7958e-16)
(4.95587e-06 -7.91992e-06 -1.99435e-16)
(4.35795e-06 -7.33972e-06 -2.75696e-16)
(3.84274e-06 -6.79349e-06 -1.70363e-15)
(3.39939e-06 -6.27133e-06 1.84632e-16)
(2.98139e-06 -5.80988e-06 9.722e-17)
(2.59798e-06 -5.41304e-06 4.0524e-16)
(2.19819e-06 -5.085e-06 1.6892e-15)
(1.80526e-06 -4.82082e-06 1.61194e-15)
(1.45585e-06 -4.56639e-06 1.90656e-16)
(1.18207e-06 -4.30123e-06 -2.13544e-15)
(9.66775e-07 -3.96947e-06 -1.59249e-16)
(8.13459e-07 -3.61574e-06 -2.03073e-15)
(6.97134e-07 -3.31573e-06 2.82575e-16)
(5.88673e-07 -3.0403e-06 1.32738e-15)
(4.92769e-07 -2.76629e-06 -2.61621e-15)
(4.22836e-07 -2.511e-06 -1.05248e-15)
(3.8386e-07 -2.25716e-06 4.18055e-17)
(3.45495e-07 -2.02194e-06 5.73109e-17)
(3.16816e-07 -1.84164e-06 8.20813e-16)
(2.91332e-07 -1.6915e-06 -1.97616e-16)
(2.81026e-07 -1.54423e-06 -5.18762e-16)
(2.6486e-07 -1.39744e-06 -4.00872e-16)
(2.35044e-07 -1.23157e-06 -1.62395e-15)
(2.11754e-07 -1.06079e-06 7.74914e-17)
(2.14235e-07 -9.09123e-07 8.55845e-16)
(2.0478e-07 -7.48046e-07 -2.30717e-18)
(1.84519e-07 -6.71084e-07 7.87095e-17)
(1.99845e-07 -6.49023e-07 1.53814e-16)
(2.17398e-07 -6.47569e-07 1.0621e-15)
(1.64233e-07 -5.74847e-07 -2.34896e-16)
(1.13442e-07 -7.60909e-07 2.95405e-16)
(0.00144691 0.000317071 4.72875e-17)
(-0.00153669 -0.000447156 -2.0393e-17)
(0.00082037 -9.03819e-05 1.00618e-17)
(-0.000602514 0.00049583 -1.83435e-17)
(-4.91984e-05 0.00010111 1.21719e-16)
(-1.38329e-05 6.50676e-05 -1.76514e-16)
(-7.90969e-06 5.86122e-05 -1.16955e-16)
(-3.34206e-06 5.87194e-05 1.29166e-16)
(1.0201e-06 6.00415e-05 9.6507e-17)
(5.28093e-06 6.04168e-05 2.98706e-17)
(9.5984e-06 6.03748e-05 -7.58143e-17)
(1.38436e-05 6.05353e-05 -1.95232e-16)
(1.80686e-05 6.04311e-05 8.90722e-17)
(2.20978e-05 6.01726e-05 9.0994e-17)
(2.60159e-05 5.9349e-05 8.40364e-17)
(2.96469e-05 5.83547e-05 8.54237e-17)
(3.30749e-05 5.68048e-05 8.5141e-17)
(3.61089e-05 5.49585e-05 1.15801e-16)
(3.88626e-05 5.24895e-05 3.66672e-16)
(4.11525e-05 4.97819e-05 -2.21419e-16)
(4.31083e-05 4.66301e-05 -3.32393e-16)
(4.45524e-05 4.31955e-05 3.46441e-16)
(4.56181e-05 3.9309e-05 1.25676e-16)
(4.61468e-05 3.5214e-05 -2.7685e-16)
(4.6284e-05 3.08089e-05 -1.29257e-16)
(4.59121e-05 2.63299e-05 6.35125e-17)
(4.51796e-05 2.18269e-05 -4.3506e-16)
(4.40005e-05 1.74026e-05 -1.42342e-16)
(4.25267e-05 1.31159e-05 -1.30189e-16)
(4.07195e-05 9.11813e-06 1.20462e-16)
(3.87181e-05 5.49576e-06 -2.22398e-16)
(3.65051e-05 2.27295e-06 5.64681e-18)
(3.42049e-05 -4.97601e-07 3.57694e-16)
(3.18099e-05 -2.87361e-06 5.03681e-17)
(2.94212e-05 -4.79468e-06 -9.01552e-17)
(2.70331e-05 -6.36402e-06 -3.67742e-17)
(2.47245e-05 -7.52183e-06 1.4401e-16)
(2.24866e-05 -8.39707e-06 1.35737e-16)
(2.03607e-05 -8.94353e-06 1.05486e-16)
(1.83514e-05 -9.29807e-06 -2.3593e-17)
(1.64812e-05 -9.40024e-06 3.39111e-16)
(1.47544e-05 -9.38626e-06 4.74973e-16)
(1.31703e-05 -9.21271e-06 -5.60477e-16)
(1.17344e-05 -8.99074e-06 -2.42366e-16)
(1.04295e-05 -8.67249e-06 5.34231e-16)
(9.26511e-06 -8.35041e-06 1.23325e-16)
(8.2131e-06 -7.97673e-06 2.84726e-16)
(7.28477e-06 -7.61503e-06 -2.06412e-16)
(6.45008e-06 -7.22246e-06 5.54328e-17)
(5.71893e-06 -6.84119e-06 4.32956e-16)
(5.06496e-06 -6.44221e-06 -3.36857e-16)
(4.49603e-06 -6.04535e-06 -1.4571e-15)
(3.98731e-06 -5.65316e-06 7.34947e-16)
(3.54046e-06 -5.25826e-06 2.70261e-16)
(3.11066e-06 -4.91612e-06 -7.69534e-16)
(2.69569e-06 -4.61055e-06 -5.55068e-16)
(2.27207e-06 -4.37885e-06 2.71737e-16)
(1.88569e-06 -4.21765e-06 5.04459e-17)
(1.53076e-06 -4.01359e-06 3.93591e-16)
(1.23833e-06 -3.76143e-06 -4.5851e-17)
(1.02229e-06 -3.49952e-06 1.69265e-16)
(8.51106e-07 -3.2214e-06 -7.86967e-17)
(7.22553e-07 -2.95881e-06 1.02117e-15)
(6.1411e-07 -2.71872e-06 -8.42072e-16)
(5.29255e-07 -2.48021e-06 -6.18667e-16)
(4.69181e-07 -2.23673e-06 1.35902e-17)
(4.29795e-07 -1.9989e-06 -3.16226e-16)
(3.84727e-07 -1.81499e-06 1.27772e-16)
(3.46394e-07 -1.67838e-06 -1.25126e-17)
(3.20851e-07 -1.54725e-06 -4.16793e-16)
(2.9731e-07 -1.39115e-06 7.73939e-17)
(2.64737e-07 -1.22132e-06 -1.69669e-15)
(2.35234e-07 -1.06033e-06 -4.74036e-17)
(2.19549e-07 -9.10217e-07 3.18134e-16)
(2.04492e-07 -7.48498e-07 -4.57409e-17)
(2.06175e-07 -6.7007e-07 6.1379e-17)
(2.06632e-07 -6.4354e-07 1.13564e-15)
(2.11388e-07 -6.3154e-07 -1.05573e-15)
(5.2347e-05 0.000107236 -5.13066e-18)
(-2.87382e-05 0.000106232 -1.16643e-17)
(-1.93399e-05 -1.56643e-05 8.43999e-18)
(7.5542e-05 -9.9404e-06 1.2516e-17)
(-1.27099e-05 4.38885e-05 3.40769e-18)
(-1.1558e-05 3.26699e-05 1.42937e-16)
(-9.96455e-06 2.97193e-05 -1.54349e-16)
(-8.19943e-06 3.05305e-05 4.56306e-18)
(-6.43732e-06 3.13671e-05 9.19755e-17)
(-4.56079e-06 3.17533e-05 -1.7534e-18)
(-2.59503e-06 3.17657e-05 8.48375e-17)
(-5.16463e-07 3.19787e-05 4.82513e-17)
(1.65002e-06 3.21646e-05 -1.82857e-17)
(3.90515e-06 3.24175e-05 1.96275e-17)
(6.21621e-06 3.23747e-05 1.355e-18)
(8.56302e-06 3.23538e-05 7.43781e-17)
(1.09332e-05 3.21752e-05 1.99478e-17)
(1.3277e-05 3.1951e-05 1.27938e-16)
(1.55935e-05 3.13954e-05 -6.3942e-17)
(1.7799e-05 3.07518e-05 3.82062e-18)
(1.99244e-05 2.98463e-05 -4.46977e-16)
(2.18707e-05 2.8851e-05 -9.43114e-17)
(2.36669e-05 2.7511e-05 2.78535e-16)
(2.51969e-05 2.59921e-05 -2.34768e-16)
(2.65157e-05 2.41464e-05 5.66967e-17)
(2.75065e-05 2.20991e-05 1.85211e-16)
(2.82478e-05 1.97779e-05 4.959e-17)
(2.86463e-05 1.73417e-05 4.85605e-17)
(2.87853e-05 1.47493e-05 2.1831e-16)
(2.85849e-05 1.21369e-05 1.44531e-16)
(2.8154e-05 9.57696e-06 6.18907e-16)
(2.7447e-05 7.11919e-06 -2.20627e-16)
(2.65601e-05 4.82739e-06 -1.67303e-16)
(2.54669e-05 2.74336e-06 1.34885e-16)
(2.42537e-05 9.00324e-07 -8.33428e-17)
(2.29076e-05 -7.17847e-07 1.79486e-16)
(2.15081e-05 -2.05821e-06 3.03969e-17)
(2.00464e-05 -3.20419e-06 -4.35263e-16)
(1.85811e-05 -4.10176e-06 7.56281e-17)
(1.71163e-05 -4.83299e-06 1.43361e-16)
(1.56966e-05 -5.35128e-06 8.25897e-17)
(1.43262e-05 -5.75707e-06 -8.44013e-16)
(1.30274e-05 -5.99419e-06 2.28176e-17)
(1.18063e-05 -6.15965e-06 -3.48036e-16)
(1.06668e-05 -6.20509e-06 -1.45766e-16)
(9.6174e-06 -6.21225e-06 5.21519e-17)
(8.6466e-06 -6.13294e-06 4.22597e-16)
(7.76651e-06 -6.03074e-06 3.63246e-16)
(6.9568e-06 -5.86774e-06 5.11161e-16)
(6.23101e-06 -5.6844e-06 1.79342e-15)
(5.56786e-06 -5.45824e-06 -3.85465e-16)
(4.97815e-06 -5.21588e-06 8.83445e-16)
(4.44311e-06 -4.94263e-06 1.38351e-15)
(3.96066e-06 -4.65606e-06 5.08625e-17)
(3.52217e-06 -4.36061e-06 9.34119e-16)
(3.08959e-06 -4.09521e-06 2.8405e-16)
(2.67913e-06 -3.90976e-06 -1.07456e-15)
(2.27601e-06 -3.77204e-06 2.42021e-17)
(1.87654e-06 -3.65084e-06 -1.77655e-16)
(1.53698e-06 -3.48987e-06 2.95939e-16)
(1.23469e-06 -3.28096e-06 9.04734e-16)
(1.02765e-06 -3.07932e-06 -9.89432e-17)
(8.54871e-07 -2.87089e-06 -2.14266e-15)
(7.30468e-07 -2.63544e-06 2.88223e-15)
(6.19371e-07 -2.4206e-06 1.3927e-15)
(5.45452e-07 -2.20076e-06 4.05107e-17)
(5.03497e-07 -1.96887e-06 -3.63736e-16)
(4.51452e-07 -1.78766e-06 -1.49627e-15)
(4.14118e-07 -1.65276e-06 2.96471e-16)
(3.71609e-07 -1.5222e-06 2.23499e-16)
(3.36811e-07 -1.37513e-06 1.3314e-16)
(3.05735e-07 -1.20576e-06 2.86567e-15)
(2.64029e-07 -1.04575e-06 -1.85718e-15)
(2.33452e-07 -9.03819e-07 -6.39274e-16)
(2.14644e-07 -7.45376e-07 -4.39794e-17)
(2.17622e-07 -6.57493e-07 -6.02474e-16)
(4.13857e-05 1.24329e-05 -1.16893e-16)
(-1.74694e-05 -1.49394e-05 -7.68891e-17)
(1.45707e-05 -1.00661e-05 -1.36575e-18)
(-1.59319e-05 9.88254e-06 7.75371e-18)
(-6.05185e-06 1.14239e-06 -2.33468e-17)
(-4.57449e-06 -2.4247e-06 3.14209e-17)
(-4.76455e-06 -2.801e-06 9.67178e-17)
(-4.83562e-06 -1.43586e-06 -8.23392e-17)
(-4.7022e-06 -9.39008e-08 -7.33548e-17)
(-4.32653e-06 1.01807e-06 -2.11874e-17)
(-3.75771e-06 2.08368e-06 -4.17606e-17)
(-3.0033e-06 3.28921e-06 3.11459e-17)
(-2.09034e-06 4.45904e-06 -9.38502e-17)
(-1.0223e-06 5.72007e-06 -1.26502e-16)
(1.67896e-07 6.90503e-06 1.63105e-17)
(1.46124e-06 8.10277e-06 4.79013e-18)
(2.84345e-06 9.14409e-06 -3.30512e-17)
(4.29776e-06 1.02219e-05 -1.76572e-16)
(5.80909e-06 1.11314e-05 -1.1379e-16)
(7.33755e-06 1.20063e-05 1.21052e-16)
(8.88528e-06 1.26295e-05 2.97616e-16)
(1.04083e-05 1.32185e-05 -1.61041e-16)
(1.19139e-05 1.36043e-05 7.0855e-17)
(1.33325e-05 1.38315e-05 4.94379e-17)
(1.46831e-05 1.37396e-05 -7.02543e-17)
(1.58877e-05 1.34719e-05 -4.56987e-17)
(1.69712e-05 1.28522e-05 1.4046e-16)
(1.78561e-05 1.20664e-05 -3.945e-17)
(1.85856e-05 1.10407e-05 -1.04378e-16)
(1.90833e-05 9.89912e-06 -2.37108e-16)
(1.94042e-05 8.56454e-06 -3.31658e-16)
(1.94989e-05 7.22393e-06 2.24727e-17)
(1.94273e-05 5.84925e-06 -2.3888e-16)
(1.91492e-05 4.50708e-06 -3.51592e-16)
(1.87353e-05 3.23531e-06 -7.31963e-18)
(1.81581e-05 2.02488e-06 -3.71868e-17)
(1.74869e-05 9.23185e-07 9.91607e-18)
(1.67009e-05 -9.23416e-08 1.43608e-16)
(1.58569e-05 -9.75481e-07 2.12955e-16)
(1.49472e-05 -1.77828e-06 -2.01981e-16)
(1.40196e-05 -2.43468e-06 -2.87282e-16)
(1.3072e-05 -3.00939e-06 2.43511e-16)
(1.21348e-05 -3.45288e-06 3.10241e-16)
(1.12112e-05 -3.83089e-06 1.0701e-16)
(1.03173e-05 -4.09778e-06 -1.48892e-17)
(9.46023e-06 -4.31587e-06 -1.79176e-17)
(8.64161e-06 -4.4424e-06 -3.64863e-16)
(7.87276e-06 -4.5316e-06 -8.63872e-17)
(7.14584e-06 -4.54412e-06 -2.46926e-16)
(6.4742e-06 -4.528e-06 -1.1026e-15)
(5.84567e-06 -4.44975e-06 -4.33564e-16)
(5.2734e-06 -4.33951e-06 6.02704e-16)
(4.74303e-06 -4.18419e-06 -1.19107e-15)
(4.26265e-06 -3.99371e-06 -5.98581e-17)
(3.82152e-06 -3.77985e-06 1.44547e-16)
(3.4132e-06 -3.56127e-06 -9.03601e-16)
(3.02989e-06 -3.40522e-06 -2.5245e-16)
(2.6337e-06 -3.30454e-06 1.92993e-16)
(2.24296e-06 -3.2084e-06 1.06348e-15)
(1.83955e-06 -3.10101e-06 -2.57017e-16)
(1.50813e-06 -3.00468e-06 1.8076e-15)
(1.2265e-06 -2.87519e-06 -9.70919e-17)
(1.02877e-06 -2.70164e-06 1.2747e-16)
(8.54455e-07 -2.53018e-06 -5.61065e-16)
(7.32337e-07 -2.3383e-06 -2.43517e-16)
(6.44425e-07 -2.1468e-06 -3.74706e-17)
(5.82426e-07 -1.92075e-06 5.96975e-17)
(5.27341e-07 -1.73624e-06 1.62673e-16)
(4.70221e-07 -1.61183e-06 -9.56969e-16)
(4.2641e-07 -1.4887e-06 1.50591e-16)
(3.8329e-07 -1.34373e-06 -1.64528e-16)
(3.41934e-07 -1.17215e-06 2.40489e-16)
(2.90574e-07 -1.01762e-06 1.42935e-16)
(2.44698e-07 -8.78547e-07 1.14935e-15)
(4.31613e-05 -9.23349e-06 6.8353e-17)
(2.42379e-05 -1.54723e-05 -1.00651e-17)
(2.76517e-05 -1.94631e-05 -1.52959e-17)
(2.52259e-05 -1.47042e-05 1.92785e-17)
(2.00758e-05 -1.3866e-05 -8.61436e-17)
(1.76012e-05 -1.54241e-05 -3.47219e-17)
(1.54045e-05 -1.53212e-05 1.03681e-16)
(1.34614e-05 -1.42718e-05 -9.17037e-18)
(1.17695e-05 -1.32716e-05 -5.04119e-17)
(1.03539e-05 -1.22948e-05 1.407e-18)
(9.15815e-06 -1.12737e-05 -2.66267e-17)
(8.20889e-06 -1.00923e-05 -1.45499e-17)
(7.45396e-06 -8.92953e-06 8.77861e-17)
(6.9174e-06 -7.68799e-06 -1.14144e-18)
(6.54965e-06 -6.43822e-06 -9.5445e-18)
(6.37357e-06 -5.12299e-06 -5.42875e-19)
(6.33635e-06 -3.89903e-06 1.30954e-17)
(6.45736e-06 -2.64135e-06 -7.56052e-17)
(6.69672e-06 -1.4231e-06 -9.694e-17)
(7.06579e-06 -1.7612e-07 -3.55244e-17)
(7.52581e-06 9.42395e-07 3.13322e-16)
(8.07455e-06 2.04189e-06 2.15541e-17)
(8.69138e-06 3.03732e-06 -2.24583e-16)
(9.36575e-06 4.0113e-06 1.52451e-17)
(1.00702e-05 4.77972e-06 7.01418e-18)
(1.07736e-05 5.45456e-06 -1.10741e-16)
(1.14683e-05 5.90695e-06 1.46881e-16)
(1.2107e-05 6.20533e-06 1.25027e-17)
(1.27007e-05 6.24107e-06 -1.35614e-16)
(1.32001e-05 6.13711e-06 1.38703e-16)
(1.3624e-05 5.81697e-06 1.269e-16)
(1.39158e-05 5.35651e-06 5.92372e-17)
(1.41216e-05 4.77214e-06 -3.87965e-16)
(1.41941e-05 4.12839e-06 2.48076e-16)
(1.41795e-05 3.40711e-06 -1.58976e-17)
(1.40393e-05 2.6734e-06 9.86639e-18)
(1.38205e-05 1.9472e-06 -1.50374e-17)
(1.34906e-05 1.22538e-06 -1.03246e-16)
(1.30944e-05 5.46503e-07 1.06979e-16)
(1.2612e-05 -9.83156e-08 6.81762e-17)
(1.20858e-05 -6.79562e-07 -9.0782e-17)
(1.15018e-05 -1.22592e-06 -7.13893e-17)
(1.08947e-05 -1.6897e-06 9.82799e-17)
(1.02581e-05 -2.11981e-06 2.10413e-16)
(9.61503e-06 -2.46751e-06 4.78287e-17)
(8.96654e-06 -2.78244e-06 5.06793e-17)
(8.32416e-06 -3.01717e-06 -4.23191e-16)
(7.69527e-06 -3.21953e-06 -6.31909e-17)
(7.08041e-06 -3.3506e-06 -6.21909e-17)
(6.49315e-06 -3.44593e-06 -7.84989e-16)
(5.92784e-06 -3.47975e-06 -2.69077e-16)
(5.4011e-06 -3.48092e-06 6.21948e-16)
(4.90419e-06 -3.42408e-06 -3.75913e-16)
(4.44951e-06 -3.33355e-06 -2.33369e-16)
(4.03356e-06 -3.19433e-06 -1.71579e-16)
(3.65467e-06 -3.04964e-06 7.26369e-17)
(3.30735e-06 -2.92058e-06 -1.99832e-16)
(2.94603e-06 -2.81433e-06 -1.56187e-16)
(2.55894e-06 -2.72966e-06 6.16706e-16)
(2.158e-06 -2.67891e-06 1.19778e-17)
(1.79911e-06 -2.62702e-06 -1.26851e-15)
(1.49e-06 -2.5885e-06 2.90339e-16)
(1.23428e-06 -2.50803e-06 7.28657e-16)
(1.0226e-06 -2.35927e-06 -8.72025e-17)
(8.62457e-07 -2.22681e-06 -8.76682e-17)
(7.45767e-07 -2.05741e-06 1.18139e-16)
(6.59346e-07 -1.84773e-06 2.21343e-16)
(5.87316e-07 -1.66345e-06 3.26053e-16)
(5.23917e-07 -1.54678e-06 -1.38139e-15)
(4.64947e-07 -1.43893e-06 -7.41364e-16)
(4.11529e-07 -1.29348e-06 2.30473e-16)
(5.11628e-05 -1.69511e-05 3.23442e-17)
(4.35696e-05 -1.76393e-05 3.60283e-17)
(4.37935e-05 -1.7355e-05 -3.07772e-18)
(3.99367e-05 -1.49966e-05 -9.80747e-18)
(3.70605e-05 -1.48267e-05 7.65657e-17)
(3.43049e-05 -1.4777e-05 -3.05711e-17)
(3.15889e-05 -1.41547e-05 -4.15024e-17)
(2.90055e-05 -1.32696e-05 5.70928e-17)
(2.65832e-05 -1.24833e-05 5.49446e-17)
(2.43462e-05 -1.17649e-05 1.61654e-17)
(2.22768e-05 -1.10407e-05 3.30931e-17)
(2.04006e-05 -1.02738e-05 -8.93056e-19)
(1.86976e-05 -9.50614e-06 3.20843e-18)
(1.7181e-05 -8.73044e-06 6.85789e-17)
(1.58281e-05 -7.9685e-06 -1.66388e-17)
(1.46525e-05 -7.16095e-06 2.9531e-17)
(1.36275e-05 -6.34568e-06 3.84474e-17)
(1.27597e-05 -5.50586e-06 1.35253e-16)
(1.20265e-05 -4.68425e-06 1.06876e-16)
(1.14382e-05 -3.81072e-06 -1.28141e-16)
(1.09709e-05 -2.93231e-06 -2.34616e-16)
(1.06253e-05 -2.03536e-06 1.95252e-16)
(1.03838e-05 -1.19721e-06 -1.40092e-17)
(1.02474e-05 -3.35513e-07 -4.885e-17)
(1.02024e-05 4.92479e-07 5.17082e-17)
(1.02308e-05 1.27534e-06 3.12651e-17)
(1.03254e-05 1.91711e-06 -1.39284e-16)
(1.04622e-05 2.48328e-06 4.63993e-17)
(1.06354e-05 2.86361e-06 1.39564e-16)
(1.08074e-05 3.14917e-06 -2.71451e-17)
(1.09888e-05 3.27288e-06 3.39432e-16)
(1.11358e-05 3.3186e-06 -3.23656e-17)
(1.12661e-05 3.18591e-06 2.40278e-16)
(1.13391e-05 2.98294e-06 7.15525e-17)
(1.13817e-05 2.69811e-06 -2.62134e-17)
(1.13511e-05 2.36158e-06 2.12299e-17)
(1.12839e-05 1.98057e-06 2.84767e-16)
(1.11411e-05 1.56947e-06 -4.71005e-17)
(1.09576e-05 1.14211e-06 -3.98598e-16)
(1.07029e-05 6.9006e-07 6.39184e-17)
(1.04119e-05 2.5791e-07 3.17532e-16)
(1.00611e-05 -1.73393e-07 3.69932e-17)
(9.68115e-06 -5.70896e-07 -4.72071e-16)
(9.25715e-06 -9.56892e-07 -4.75498e-16)
(8.81145e-06 -1.29621e-06 -2.32773e-16)
(8.33869e-06 -1.61675e-06 1.19256e-16)
(7.85282e-06 -1.88399e-06 2.44836e-16)
(7.35612e-06 -2.12764e-06 -9.87379e-17)
(6.85588e-06 -2.31399e-06 1.7381e-16)
(6.36101e-06 -2.47955e-06 7.90724e-16)
(5.87384e-06 -2.58894e-06 1.36657e-15)
(5.40736e-06 -2.67073e-06 -1.57592e-15)
(4.95671e-06 -2.69969e-06 1.27198e-15)
(4.53674e-06 -2.69081e-06 2.73028e-17)
(4.14344e-06 -2.63787e-06 -2.75563e-16)
(3.79815e-06 -2.55454e-06 7.31246e-16)
(3.46429e-06 -2.46392e-06 5.75338e-16)
(3.13764e-06 -2.35311e-06 1.91267e-17)
(2.76623e-06 -2.25821e-06 -1.68516e-15)
(2.42196e-06 -2.21065e-06 3.52429e-16)
(2.0387e-06 -2.2474e-06 -3.93554e-16)
(1.71599e-06 -2.24753e-06 1.49942e-17)
(1.4076e-06 -2.2045e-06 5.88717e-16)
(1.17533e-06 -2.1485e-06 1.4307e-16)
(9.83181e-07 -2.06174e-06 -3.50258e-16)
(8.41116e-07 -1.92972e-06 7.89133e-16)
(4.32163e-05 -9.80199e-06 1.01107e-18)
(4.50427e-05 -9.78427e-06 -6.15555e-18)
(4.51081e-05 -1.01291e-05 -8.01682e-19)
(4.34345e-05 -9.62951e-06 1.93542e-17)
(4.15815e-05 -9.66887e-06 -6.33205e-17)
(3.97445e-05 -9.6902e-06 2.14182e-17)
(3.77931e-05 -9.4626e-06 1.05189e-17)
(3.5777e-05 -9.10127e-06 -4.70554e-17)
(3.37506e-05 -8.76143e-06 -8.41201e-18)
(3.17436e-05 -8.3751e-06 1.07835e-17)
(2.97731e-05 -7.9611e-06 2.17157e-17)
(2.7869e-05 -7.4809e-06 2.43673e-17)
(2.60417e-05 -7.00006e-06 -4.79486e-17)
(2.43095e-05 -6.47602e-06 -4.30909e-17)
(2.2672e-05 -5.97057e-06 9.29358e-18)
(2.11423e-05 -5.43023e-06 3.36557e-17)
(1.9717e-05 -4.88608e-06 -2.52168e-17)
(1.84072e-05 -4.31204e-06 -4.49056e-18)
(1.72012e-05 -3.76817e-06 5.18503e-17)
(1.61088e-05 -3.19957e-06 9.42654e-17)
(1.51207e-05 -2.63619e-06 2.3791e-17)
(1.42464e-05 -2.04115e-06 -1.23771e-16)
(1.3472e-05 -1.48751e-06 1.00346e-16)
(1.28011e-05 -9.19409e-07 1.00096e-16)
(1.22274e-05 -3.76365e-07 -1.80654e-17)
(1.17554e-05 1.95644e-07 6.38603e-17)
(1.13681e-05 6.98578e-07 -1.0634e-16)
(1.10579e-05 1.18592e-06 1.67304e-17)
(1.08189e-05 1.59683e-06 -6.56338e-18)
(1.06295e-05 1.95048e-06 -5.10158e-17)
(1.04908e-05 2.18285e-06 -2.80558e-16)
(1.03782e-05 2.33614e-06 1.67437e-17)
(1.02964e-05 2.38658e-06 1.60438e-16)
(1.02074e-05 2.37383e-06 -1.0037e-16)
(1.01309e-05 2.26711e-06 6.57946e-17)
(1.00339e-05 2.11655e-06 -1.09788e-16)
(9.93542e-06 1.90383e-06 4.51059e-17)
(9.8016e-06 1.65569e-06 2.8587e-17)
(9.65506e-06 1.3784e-06 4.06549e-17)
(9.4675e-06 1.08648e-06 -9.14818e-17)
(9.25953e-06 7.82622e-07 -8.71634e-17)
(9.00405e-06 4.67285e-07 2.70901e-17)
(8.73549e-06 1.61942e-07 3.4851e-16)
(8.43063e-06 -1.47395e-07 -1.44556e-16)
(8.11014e-06 -4.37459e-07 -3.47266e-16)
(7.75812e-06 -7.2575e-07 -1.52139e-17)
(7.39021e-06 -9.79e-07 2.77852e-17)
(6.9994e-06 -1.22503e-06 -2.97194e-18)
(6.59751e-06 -1.43447e-06 -2.79377e-16)
(6.18616e-06 -1.62882e-06 -4.49774e-17)
(5.77118e-06 -1.78501e-06 -5.77585e-16)
(5.3606e-06 -1.92066e-06 5.93799e-16)
(4.94869e-06 -2.00454e-06 -7.57279e-16)
(4.54147e-06 -2.04922e-06 2.14635e-16)
(4.16297e-06 -2.06246e-06 2.62069e-16)
(3.81915e-06 -2.04976e-06 -2.05398e-16)
(3.50561e-06 -1.99113e-06 -3.73852e-16)
(3.17599e-06 -1.88496e-06 2.42055e-16)
(2.8773e-06 -1.8141e-06 7.95891e-16)
(2.53618e-06 -1.79811e-06 -1.64758e-16)
(2.22424e-06 -1.76795e-06 9.23879e-16)
(2.91887e-05 1.11815e-06 1.58786e-18)
(3.18275e-05 1.36339e-06 -2.42823e-18)
(3.32925e-05 5.34705e-07 4.26173e-18)
(3.37119e-05 3.08378e-07 -1.26512e-17)
(3.38419e-05 7.86622e-08 6.00695e-17)
(3.36849e-05 -6.86875e-08 -1.7452e-17)
(3.3228e-05 -1.41752e-07 -1.62155e-17)
(3.25265e-05 -1.66199e-07 3.92126e-17)
(3.16393e-05 -1.85994e-07 4.48013e-18)
(3.06005e-05 -1.4752e-07 -1.20534e-17)
(2.94507e-05 -7.4304e-08 -5.21936e-18)
(2.82232e-05 3.45309e-08 -1.55024e-17)
(2.6951e-05 1.39653e-07 4.76485e-17)
(2.56564e-05 2.63928e-07 1.31443e-17)
(2.43647e-05 3.85834e-07 2.72329e-17)
(2.30886e-05 5.11487e-07 -1.16127e-17)
(2.18473e-05 6.2194e-07 5.01503e-17)
(2.06487e-05 7.43059e-07 -4.4812e-17)
(1.95042e-05 8.57126e-07 -5.33562e-17)
(1.84162e-05 9.75328e-07 -9.42276e-17)
(1.73943e-05 1.07149e-06 1.96984e-17)
(1.64387e-05 1.1888e-06 7.52984e-17)
(1.55563e-05 1.31221e-06 -1.54844e-16)
(1.47405e-05 1.44695e-06 2.32299e-19)
(1.40012e-05 1.5556e-06 -2.76327e-17)
(1.33305e-05 1.6915e-06 4.77094e-19)
(1.27401e-05 1.84947e-06 8.26322e-17)
(1.22114e-05 2.0081e-06 3.00425e-17)
(1.17582e-05 2.12966e-06 6.13716e-17)
(1.1359e-05 2.25456e-06 -2.23316e-16)
(1.10217e-05 2.31664e-06 -3.65501e-17)
(1.07172e-05 2.39012e-06 6.33626e-17)
(1.04588e-05 2.40273e-06 -5.27475e-17)
(1.02126e-05 2.39666e-06 -2.08454e-16)
(9.99822e-06 2.32337e-06 -6.71917e-17)
(9.77854e-06 2.22503e-06 1.16743e-16)
(9.58078e-06 2.09096e-06 -1.14911e-16)
(9.3657e-06 1.93292e-06 -3.36194e-17)
(9.1597e-06 1.73903e-06 1.26572e-18)
(8.93046e-06 1.51419e-06 -1.78112e-17)
(8.68197e-06 1.26672e-06 -1.92067e-17)
(8.34764e-06 1.0112e-06 4.45481e-17)
(8.0914e-06 7.64059e-07 -9.61286e-17)
(7.84875e-06 5.07629e-07 1.44921e-16)
(7.5993e-06 2.54963e-07 1.5941e-16)
(7.31924e-06 8.94852e-09 2.2562e-16)
(7.02234e-06 -2.18335e-07 -3.93563e-16)
(6.69972e-06 -4.41274e-07 -2.75413e-16)
(6.35929e-06 -6.43884e-07 -9.69659e-17)
(6.00455e-06 -8.45825e-07 -3.8002e-16)
(5.63493e-06 -1.01949e-06 -8.88693e-16)
(5.26723e-06 -1.18531e-06 7.77658e-16)
(4.89257e-06 -1.32842e-06 -7.74767e-16)
(4.46099e-06 -1.40291e-06 6.17824e-17)
(1.26967e-05 9.96961e-06 -2.17349e-17)
(1.57728e-05 9.34394e-06 -2.94011e-17)
(1.82661e-05 7.80179e-06 -1.16941e-17)
(2.02435e-05 6.69386e-06 1.04529e-17)
(2.19102e-05 5.82146e-06 -1.11666e-17)
(2.32097e-05 5.13829e-06 4.7117e-17)
(2.41557e-05 4.54181e-06 6.12829e-18)
(2.47772e-05 4.06564e-06 -3.39603e-17)
(2.51169e-05 3.66166e-06 -1.95484e-18)
(2.52005e-05 3.37335e-06 3.66858e-17)
(2.50662e-05 3.14366e-06 -1.17781e-18)
(2.47476e-05 2.99908e-06 -3.82648e-18)
(2.42782e-05 2.8799e-06 -4.7483e-17)
(2.36881e-05 2.82327e-06 -6.82361e-19)
(2.30048e-05 2.78261e-06 -7.11767e-17)
(2.2254e-05 2.78965e-06 -3.58695e-17)
(2.14548e-05 2.79788e-06 -1.69953e-17)
(2.06294e-05 2.83657e-06 1.59776e-17)
(1.97888e-05 2.86953e-06 -3.66973e-17)
(1.89515e-05 2.92049e-06 6.33778e-17)
(1.81208e-05 2.94323e-06 -9.27499e-17)
(1.73121e-05 2.97649e-06 -6.27493e-17)
(1.65271e-05 2.99447e-06 5.21844e-17)
(1.5777e-05 3.02271e-06 -4.33486e-17)
(1.50576e-05 3.01557e-06 1.7305e-17)
(1.43793e-05 3.01732e-06 -6.12258e-17)
(1.37402e-05 3.0028e-06 3.96054e-17)
(1.31498e-05 3.02159e-06 5.00678e-18)
(1.25981e-05 3.00873e-06 3.62595e-17)
(1.20922e-05 3.02464e-06 1.15367e-16)
(1.16279e-05 3.02849e-06 -9.16985e-17)
(1.11978e-05 3.02934e-06 2.7088e-20)
(1.08096e-05 3.01105e-06 -1.38988e-16)
(1.04499e-05 2.98854e-06 1.09878e-17)
(1.01249e-05 2.91936e-06 2.36076e-17)
(9.81483e-06 2.83391e-06 -9.57383e-17)
(9.53313e-06 2.69597e-06 1.4949e-16)
(9.2579e-06 2.55186e-06 3.15558e-17)
(8.98792e-06 2.37485e-06 4.55265e-17)
(8.73794e-06 2.20008e-06 -9.94077e-18)
(8.54284e-06 1.90958e-06 -9.15805e-17)
(8.0177e-06 1.54469e-06 2.4276e-17)
)
;

boundaryField
{
    inlet
    {
        type            calculated;
        value           nonuniform List<vector> 
13
(
(-3.78109e-08 0.62902 -6.32216e-16)
(1.67164e-08 0.633724 -1.25381e-15)
(1.82273e-08 0.635561 -6.62605e-16)
(2.04852e-08 0.635392 2.37662e-15)
(1.877e-08 0.635101 -1.31034e-16)
(1.03319e-08 0.640959 -6.26944e-16)
(-1.81962e-08 0.661824 -8.63898e-16)
(-8.82818e-08 0.730914 -3.35963e-15)
(-1.71003e-07 0.793602 9.78966e-15)
(-9.59551e-08 0.786328 4.13602e-16)
(-1.20899e-08 0.751513 -3.54632e-15)
(7.86078e-08 0.727145 5.79025e-16)
(1.13805e-07 0.712692 2.95405e-16)
)
;
    }
    outlet
    {
        type            calculated;
        value           nonuniform List<vector> 0();
    }
    walls
    {
        type            calculated;
        value           nonuniform List<vector> 4((-0.313657 2.4658 1.20044e-15) (-0.298483 2.09424 -2.25183e-15) (-0.296566 1.86414 -1.14585e-14) (0.108332 -0.611876 -2.11581e-14));
    }
    frontAndBack
    {
        type            empty;
    }
    procBoundary2to1
    {
        type            processor;
        value           nonuniform List<vector> 
84
(
(-6.08588e-05 -5.83445e-07 -2.91008e-15)
(-7.57498e-05 3.15516e-06 7.67033e-16)
(-0.000100005 -2.19738e-06 1.86586e-15)
(0.000550325 0.00200571 -3.23048e-15)
(-0.000232213 -0.00293582 -9.30774e-16)
(-0.000379151 0.000916397 1.39596e-15)
(-6.00366e-05 -3.80671e-05 -3.16237e-15)
(-6.62641e-05 8.16271e-06 2.4974e-15)
(-6.26326e-05 -5.04946e-06 4.62907e-15)
(-6.26197e-05 -4.46213e-06 -6.4734e-15)
(-6.2714e-05 -4.84146e-06 2.72859e-15)
(-6.27279e-05 -5.32338e-06 2.59487e-15)
(-6.25874e-05 -6.06499e-06 -8.87214e-15)
(-6.23463e-05 -6.79835e-06 2.13979e-15)
(-6.19411e-05 -7.56216e-06 8.07178e-15)
(-6.13957e-05 -8.28177e-06 -1.42079e-14)
(-6.06493e-05 -9.08299e-06 7.20976e-15)
(-5.97387e-05 -9.80507e-06 7.72269e-15)
(-5.86891e-05 -1.07689e-05 -8.08246e-15)
(-5.74443e-05 -1.17081e-05 4.35032e-16)
(-5.60407e-05 -1.27094e-05 3.89905e-15)
(-5.43733e-05 -1.38029e-05 -2.9563e-15)
(-5.25471e-05 -1.51575e-05 4.56432e-15)
(-5.04658e-05 -1.65845e-05 -1.93464e-15)
(-4.82922e-05 -1.80228e-05 4.68859e-15)
(-4.58821e-05 -1.94897e-05 -7.04148e-15)
(-4.33974e-05 -2.08936e-05 5.98559e-15)
(-4.07172e-05 -2.22656e-05 4.85524e-17)
(-3.80206e-05 -2.34308e-05 -4.30248e-16)
(-3.52201e-05 -2.44715e-05 -4.34651e-15)
(-3.24445e-05 -2.52073e-05 6.53281e-15)
(-2.95864e-05 -2.57691e-05 -2.61468e-15)
(-2.68268e-05 -2.59879e-05 -1.4437e-15)
(-2.41822e-05 -2.60582e-05 -8.17997e-15)
(-2.17084e-05 -2.58325e-05 9.64161e-15)
(-1.93549e-05 -2.54874e-05 -3.80352e-15)
(-1.71955e-05 -2.49793e-05 -1.26848e-15)
(-1.50781e-05 -2.41318e-05 1.16492e-15)
(-1.50781e-05 -2.41318e-05 1.16492e-15)
(-1.4418e-05 -1.9666e-05 -1.1999e-15)
(-1.30837e-05 -1.88905e-05 6.98071e-15)
(-1.18773e-05 -1.80791e-05 -5.59698e-15)
(-1.07401e-05 -1.72571e-05 -2.43739e-15)
(-9.67988e-06 -1.63485e-05 4.61841e-15)
(-8.69086e-06 -1.54236e-05 1.12306e-15)
(-7.77385e-06 -1.44666e-05 -1.1712e-15)
(-6.93948e-06 -1.35086e-05 -1.07452e-16)
(-6.18026e-06 -1.25485e-05 5.77661e-16)
(-5.50678e-06 -1.16369e-05 1.41311e-15)
(-4.89507e-06 -1.07954e-05 -1.76895e-15)
(-4.37822e-06 -1.006e-05 3.05618e-15)
(-3.90493e-06 -9.38594e-06 -6.41724e-16)
(-3.55277e-06 -8.69906e-06 -9.33799e-16)
(-3.55277e-06 -8.69906e-06 -9.33799e-16)
(-4.09647e-06 -7.8593e-06 1.76218e-16)
(-3.88528e-06 -7.13682e-06 -6.396e-16)
(-3.68697e-06 -6.40723e-06 -1.13467e-16)
(-3.28809e-06 -5.75395e-06 1.01893e-15)
(-2.99035e-06 -5.13684e-06 1.97764e-15)
(-2.58156e-06 -4.59779e-06 -1.1409e-15)
(-2.24814e-06 -4.11009e-06 2.21562e-16)
(-1.81336e-06 -3.68836e-06 7.64489e-16)
(-1.46629e-06 -3.31957e-06 1.24064e-15)
(-1.46629e-06 -3.31957e-06 1.24064e-15)
(-1.52318e-06 -2.86225e-06 -3.885e-16)
(-1.22838e-06 -2.64598e-06 2.36905e-16)
(-1.00903e-06 -2.42714e-06 -1.07756e-15)
(-8.02719e-07 -2.23695e-06 8.68604e-16)
(-6.7985e-07 -2.07524e-06 -2.23711e-16)
(-5.70175e-07 -1.93525e-06 8.64814e-16)
(-5.38329e-07 -1.82285e-06 -5.07728e-16)
(-4.75045e-07 -1.7144e-06 1.32402e-16)
(-4.33504e-07 -1.58628e-06 -2.30066e-17)
(-3.51476e-07 -1.4362e-06 1.18777e-15)
(-3.51476e-07 -1.4362e-06 1.18777e-15)
(-3.75434e-07 -1.22761e-06 -6.40923e-16)
(-2.79752e-07 -1.02616e-06 -8.12717e-17)
(-2.26556e-07 -8.7103e-07 1.02561e-16)
(-2.03263e-07 -7.76086e-07 2.17553e-16)
(-2.01801e-07 -7.1106e-07 -8.21353e-17)
(-1.87366e-07 -6.94663e-07 9.00811e-17)
(-1.61646e-07 -7.24061e-07 -3.04398e-16)
(-1.07494e-07 -7.3852e-07 -5.35889e-17)
(-6.10618e-08 -8.90698e-07 -5.3771e-16)
)
;
    }
    procBoundary2to3
    {
        type            processor;
        value           nonuniform List<vector> 
88
(
(1.68946e-07 -5.5025e-07 6.04177e-16)
(1.47199e-07 -7.46908e-07 -1.95205e-15)
(1.98655e-07 -6.21481e-07 5.9428e-15)
(1.68946e-07 -5.5025e-07 6.04177e-16)
(1.97958e-07 -6.21835e-07 7.89902e-16)
(2.13083e-07 -7.19755e-07 9.75797e-17)
(1.98655e-07 -6.21481e-07 5.9428e-15)
(2.10466e-07 -6.43162e-07 6.32711e-16)
(3.36958e-07 -1.11277e-06 -1.32701e-15)
(2.88263e-07 -9.63889e-07 2.76907e-15)
(2.13083e-07 -7.19755e-07 9.75797e-17)
(2.33348e-07 -8.49536e-07 8.46653e-18)
(6.90691e-07 -1.71627e-06 2.16818e-16)
(6.12291e-07 -1.53485e-06 -2.65772e-16)
(5.43587e-07 -1.43235e-06 1.83281e-16)
(4.78142e-07 -1.3477e-06 1.12156e-15)
(3.36958e-07 -1.11277e-06 -1.32701e-15)
(4.03565e-07 -1.22911e-06 -4.1213e-16)
(1.78471e-06 -1.80298e-06 -9.60058e-16)
(1.53825e-06 -1.8467e-06 2.21602e-16)
(1.27972e-06 -1.84072e-06 3.47353e-16)
(1.09213e-06 -1.83541e-06 1.11301e-15)
(6.90691e-07 -1.71627e-06 2.16818e-16)
(9.04499e-07 -1.75869e-06 1.02628e-15)
(4.00353e-06 -1.39821e-06 4.63403e-16)
(3.66886e-06 -1.45759e-06 8.07159e-16)
(3.35991e-06 -1.44303e-06 9.94069e-16)
(3.07143e-06 -1.39998e-06 -2.56757e-16)
(2.78731e-06 -1.32721e-06 7.71618e-16)
(2.54271e-06 -1.33997e-06 -7.49313e-16)
(1.78471e-06 -1.80298e-06 -9.60058e-16)
(2.2477e-06 -1.39445e-06 -2.28971e-15)
(7.49771e-06 1.2427e-06 -2.3941e-16)
(7.2424e-06 9.9069e-07 2.68111e-16)
(6.99981e-06 8.14145e-07 -1.10561e-16)
(6.72788e-06 6.38408e-07 -2.15841e-16)
(6.45609e-06 4.66801e-07 7.03259e-16)
(6.15848e-06 2.88447e-07 -5.63918e-16)
(5.86073e-06 1.08426e-07 9.91816e-17)
(5.5426e-06 -7.67761e-08 6.16018e-16)
(5.22509e-06 -2.54252e-07 -6.14679e-16)
(4.88348e-06 -4.30467e-07 -1.85811e-15)
(4.6133e-06 -6.1586e-07 3.37767e-17)
(4.00353e-06 -1.39821e-06 4.63403e-16)
(4.35704e-06 -8.49446e-07 -3.54425e-16)
(-3.17226e-06 1.99349e-05 -2.39068e-17)
(-1.9e-09 1.89971e-05 -2.76964e-18)
(2.89497e-06 1.8123e-05 -2.61455e-17)
(5.63209e-06 1.72347e-05 -1.17638e-17)
(8.16184e-06 1.63757e-05 -8.89277e-18)
(1.04465e-05 1.55183e-05 2.48382e-17)
(1.24329e-05 1.4641e-05 6.72001e-17)
(1.41512e-05 1.37773e-05 -2.89406e-17)
(1.55628e-05 1.29444e-05 -5.41057e-17)
(1.67117e-05 1.21638e-05 2.53284e-17)
(1.75716e-05 1.14193e-05 -5.02817e-17)
(1.82028e-05 1.07175e-05 -6.09804e-17)
(1.85852e-05 1.00505e-05 -5.36782e-17)
(1.87875e-05 9.42886e-06 -1.081e-16)
(1.87891e-05 8.85772e-06 -1.02428e-17)
(1.86628e-05 8.32966e-06 -8.98227e-17)
(1.83843e-05 7.8474e-06 -5.33862e-17)
(1.8029e-05 7.39941e-06 -1.20516e-16)
(1.75639e-05 7.00042e-06 -1.00084e-17)
(1.70663e-05 6.63843e-06 1.40505e-16)
(1.64929e-05 6.30607e-06 1.41573e-16)
(1.59198e-05 5.9863e-06 -8.45729e-17)
(1.52969e-05 5.70224e-06 5.85497e-17)
(1.47003e-05 5.4442e-06 1.26186e-16)
(1.40702e-05 5.19946e-06 1.14902e-17)
(1.34818e-05 4.95284e-06 -1.07145e-16)
(1.28728e-05 4.72548e-06 -7.39745e-18)
(1.23174e-05 4.52459e-06 2.56448e-17)
(1.17512e-05 4.33815e-06 -1.19007e-17)
(1.12431e-05 4.1466e-06 -9.52145e-17)
(1.07357e-05 3.9742e-06 8.12987e-17)
(1.02898e-05 3.82195e-06 -2.40957e-16)
(9.84511e-06 3.64272e-06 -9.3384e-17)
(9.46327e-06 3.48987e-06 1.70035e-16)
(9.091e-06 3.32919e-06 3.12994e-17)
(8.77026e-06 3.17639e-06 2.10377e-17)
(8.46058e-06 3.01053e-06 -3.25513e-17)
(8.18141e-06 2.85905e-06 4.52524e-17)
(7.92328e-06 2.72701e-06 2.55538e-16)
(7.62084e-06 2.55351e-06 -9.47034e-17)
(7.56302e-06 2.53229e-06 2.14517e-18)
(7.49771e-06 1.2427e-06 -2.3941e-16)
(7.83834e-06 2.23319e-06 1.81471e-17)
)
;
    }
    procBoundary2to6
    {
        type            processor;
        value           nonuniform List<vector> 
13
(
(0.0277473 0.024677 -6.48102e-14)
(-0.0805375 0.00853553 2.02072e-14)
(0.00218721 0.000432899 2.67438e-16)
(-0.00183414 0.000693636 -4.87771e-17)
(0.000177932 0.000319047 8.84824e-17)
(0.000593543 0.000202873 2.2524e-17)
(0.000118606 3.43194e-05 6.8916e-18)
(5.80725e-05 -6.65059e-06 5.09613e-18)
(5.19558e-05 -1.57935e-05 2.90332e-17)
(5.44538e-05 -2.03847e-05 4.13815e-18)
(3.93228e-06 -8.58741e-06 8.97347e-18)
(2.44061e-05 -2.72961e-07 -1.19867e-18)
(7.28878e-06 9.35013e-06 -1.68647e-17)
)
;
    }
}


// ************************************************************************* //
