/*--------------------------------*- C++ -*----------------------------------*\
| =========                 |                                                 |
| \\      /  F ield         | OpenFOAM: The Open Source CFD Toolbox           |
|  \\    /   O peration     | Version:  2306                                  |
|   \\  /    A nd           | Website:  www.openfoam.com                      |
|    \\/     M anipulation  |                                                 |
\*---------------------------------------------------------------------------*/
FoamFile
{
    version     2.0;
    format      ascii;
    arch        "LSB;label=32;scalar=64";
    class       volVectorField;
    location    "225";
    object      U;
}
// * * * * * * * * * * * * * * * * * * * * * * * * * * * * * * * * * * * * * //

dimensions      [0 1 -1 0 0 0 0];

internalField   nonuniform List<vector> 
1340
(
(26.0613 2.6516 1.04464e-16)
(25.8628 3.22864 1.53267e-17)
(26.0514 2.64883 -5.67276e-17)
(25.9545 2.86819 -4.39865e-16)
(25.8668 3.22674 2.563e-19)
(26.0433 2.64519 -4.78045e-19)
(25.9262 3.06443 1.53658e-16)
(25.9489 2.86111 -4.41866e-18)
(25.8694 3.22488 -2.19259e-17)
(26.0366 2.64096 2.64134e-16)
(25.9665 2.98912 5.23204e-16)
(25.9588 2.93001 3.01492e-16)
(25.9242 3.06065 -7.0848e-17)
(25.9431 2.85428 1.56381e-16)
(25.8715 3.22282 9.77296e-17)
(26.0297 2.63653 -2.64749e-16)
(26.0008 2.94289 -9.04511e-17)
(25.9845 2.93373 2.41748e-17)
(25.9612 2.98357 -8.02353e-18)
(25.953 2.92286 -3.64613e-18)
(25.922 3.05669 -5.08236e-17)
(25.937 2.84775 1.03667e-17)
(25.8731 3.22051 3.87964e-19)
(26.0225 2.63194 -5.16811e-19)
(26.0471 2.88763 2.47169e-16)
(26.0292 2.90451 3.02874e-16)
(26.0121 2.91195 3.61405e-16)
(25.9928 2.93634 1.38911e-16)
(25.9772 2.9266 -1.49435e-17)
(25.9556 2.97804 -2.24008e-16)
(25.9469 2.91598 -5.10553e-17)
(25.9193 3.05258 1.14209e-16)
(25.9307 2.84152 -1.49169e-16)
(25.8742 3.21798 -4.03138e-19)
(26.0152 2.62715 -5.22167e-19)
(26.0824 2.83642 6.64708e-17)
(26.0657 2.85329 -3.03148e-16)
(26.0506 2.86813 -3.43294e-17)
(26.0351 2.88074 -1.92393e-16)
(26.0185 2.8978 -4.43177e-18)
(26.0024 2.90501 -7.78902e-18)
(25.9844 2.93005 -1.13925e-16)
(25.9695 2.91977 1.40366e-17)
(25.9496 2.97258 -9.01721e-19)
(25.9405 2.9094 -2.38562e-18)
(25.9162 3.04835 -2.80012e-18)
(25.9242 2.83558 6.18195e-18)
(25.8746 3.21526 -9.71487e-17)
(26.008 2.62218 -1.42185e-16)
(26.1287 2.74184 1.85248e-16)
(26.1144 2.76579 -1.4348e-16)
(26.0991 2.78864 -6.86656e-17)
(26.0829 2.81031 2.3155e-17)
(26.0662 2.83086 -5.84199e-20)
(26.051 2.84736 8.50723e-18)
(26.0371 2.86204 9.23339e-19)
(26.0227 2.87441 2.06451e-16)
(26.0073 2.89156 8.91358e-17)
(25.9923 2.8985 -1.21651e-16)
(25.9756 2.92403 1.11638e-16)
(25.9614 2.91327 -4.60483e-19)
(25.9433 2.96723 1.97648e-16)
(25.9338 2.90314 4.12616e-17)
(25.9127 3.04402 -6.38152e-17)
(25.9176 2.82993 1.47307e-16)
(25.8744 3.21237 8.32588e-17)
(26.0008 2.61711 1.86697e-16)
(26.1448 2.61701 1.661e-16)
(26.1403 2.6427 2.72606e-17)
(26.1341 2.66807 2.64624e-17)
(26.1261 2.69296 3.31355e-17)
(26.1166 2.71726 8.15985e-18)
(26.1055 2.74083 -1.22439e-16)
(26.0931 2.76358 -1.27674e-16)
(26.0795 2.78543 2.39449e-18)
(26.065 2.80626 -5.61393e-17)
(26.0499 2.82617 -3.37187e-17)
(26.0361 2.84221 8.52273e-18)
(26.0234 2.85664 9.29163e-19)
(26.0101 2.86869 -6.78164e-18)
(25.9959 2.88583 -9.79457e-17)
(25.9819 2.89245 1.05157e-16)
(25.9665 2.91835 -1.03076e-16)
(25.953 2.90715 -4.75192e-19)
(25.9366 2.962 -1.99088e-16)
(25.9268 2.89723 -4.62499e-17)
(25.9088 3.03964 5.74231e-17)
(25.9108 2.82461 1.73272e-18)
(25.8736 3.20931 -1.45393e-16)
(25.9936 2.61199 -1.82845e-18)
(26.0924 2.47085 2.00857e-17)
(26.0999 2.49146 5.846e-17)
(26.1061 2.51281 -2.89295e-17)
(26.1109 2.53481 5.77591e-17)
(26.1142 2.55734 2.04652e-17)
(26.1159 2.58029 -7.77397e-17)
(26.1161 2.60351 -8.49621e-18)
(26.1146 2.62688 -7.99334e-18)
(26.1115 2.65026 2.54531e-17)
(26.1067 2.67351 1.74548e-17)
(26.1003 2.69649 -9.34061e-18)
(26.0924 2.71908 -3.48297e-19)
(26.0829 2.74115 -2.42167e-18)
(26.0721 2.76259 2.89078e-17)
(26.0601 2.78333 2.34346e-18)
(26.0472 2.80321 5.03982e-17)
(26.0336 2.82238 3.3489e-17)
(26.0211 2.83786 8.48434e-18)
(26.0095 2.85196 9.29382e-19)
(25.9973 2.86362 -1.84461e-16)
(25.9842 2.88064 -5.02903e-17)
(25.9713 2.88692 -1.81753e-16)
(25.9571 2.91303 1.00689e-16)
(25.9443 2.90145 -4.88164e-19)
(25.9295 2.95694 1.28015e-16)
(25.9195 2.89171 -1.19249e-16)
(25.9044 3.03521 -1.45909e-16)
(25.9039 2.81964 1.79746e-18)
(25.8722 3.20611 2.92314e-18)
(25.9863 2.60691 -4.4906e-17)
(25.9275 2.35817 1.88502e-18)
(25.9398 2.36524 -2.62399e-19)
(25.9522 2.37308 -3.32962e-19)
(25.9646 2.38175 -7.63162e-18)
(25.9769 2.39128 -5.51831e-18)
(25.989 2.4017 -1.33589e-17)
(26.0009 2.41304 -4.92833e-18)
(26.0125 2.42532 -1.10402e-17)
(26.0236 2.43856 7.91372e-18)
(26.0342 2.45274 5.25168e-17)
(26.0441 2.46786 -1.60184e-17)
(26.0533 2.4839 1.76049e-17)
(26.0616 2.50081 -4.84766e-18)
(26.0689 2.51855 -4.03954e-18)
(26.075 2.53706 1.91161e-18)
(26.08 2.55625 -3.65668e-18)
(26.0837 2.57605 -1.24143e-18)
(26.0861 2.59634 4.51914e-18)
(26.087 2.61703 3.68933e-17)
(26.0864 2.638 -8.39751e-17)
(26.0843 2.65912 4.61085e-18)
(26.0807 2.68028 -1.97666e-17)
(26.0756 2.70134 -8.81748e-18)
(26.069 2.72219 6.5576e-19)
(26.061 2.74271 8.87144e-17)
(26.0516 2.76276 9.72573e-17)
(26.041 2.7823 -6.21355e-17)
(26.0295 2.80115 4.81271e-17)
(26.0173 2.81948 -2.8888e-17)
(26.006 2.83431 8.39537e-18)
(25.9955 2.84801 9.24258e-19)
(25.9843 2.85922 6.68136e-17)
(25.9723 2.87602 1.18314e-16)
(25.9603 2.88193 1.64503e-16)
(25.9474 2.9081 -4.23192e-17)
(25.9353 2.8962 -2.3173e-17)
(25.9222 2.95209 -1.05456e-16)
(25.9119 2.8866 -7.03594e-17)
(25.8997 3.03077 2.70748e-18)
(25.8968 2.81503 1.86196e-18)
(25.8704 3.20278 3.39814e-18)
(25.979 2.60193 4.10527e-17)
(25.742 2.39575 -1.13013e-18)
(25.7416 2.39552 2.84279e-19)
(25.7405 2.39491 8.30578e-19)
(25.7423 2.39432 -7.51698e-19)
(25.7538 2.39423 -8.55938e-19)
(25.7743 2.39446 2.22556e-18)
(25.78 2.39344 1.30287e-18)
(25.7201 2.38785 -1.2084e-18)
(25.543 2.37395 2.89308e-19)
(25.2293 2.34945 1.87958e-18)
(24.7963 2.31431 2.95726e-19)
(24.2872 2.27057 8.66949e-19)
(23.7623 2.22228 -1.09951e-18)
(23.2946 2.1753 -3.83632e-18)
(22.9637 2.13697 1.24072e-18)
(22.8421 2.11503 8.16807e-18)
(22.9731 2.11569 1.14261e-18)
(23.3502 2.14114 -1.5513e-18)
(23.9119 2.18807 3.68949e-19)
(24.5518 2.24757 3.49027e-18)
(25.1388 2.3064 -1.94838e-18)
(25.5566 2.35098 7.02737e-18)
(25.7608 2.37407 -1.07122e-17)
(25.8066 2.3795 1.15126e-17)
(25.7928 2.37751 7.19288e-18)
(25.7838 2.37585 1.28436e-18)
(25.7919 2.37656 1.82523e-18)
(25.8069 2.37858 1.43888e-17)
(25.8207 2.38076 -9.93125e-19)
(25.8321 2.38285 4.05166e-18)
(25.8426 2.38506 -8.37116e-18)
(25.8529 2.38755 -1.11396e-17)
(25.8632 2.39039 9.47497e-19)
(25.8735 2.39361 -3.89841e-18)
(25.8838 2.39724 7.12531e-18)
(25.8942 2.40133 -1.83311e-18)
(25.9047 2.40594 -4.00444e-18)
(25.9153 2.41111 -2.578e-18)
(25.926 2.41688 1.41964e-18)
(25.9367 2.4233 -1.79855e-19)
(25.9475 2.43041 1.6064e-18)
(25.9583 2.43824 9.06106e-19)
(25.969 2.44684 6.82434e-19)
(25.9795 2.45623 5.67509e-19)
(25.9898 2.46644 1.38937e-18)
(25.9997 2.47749 8.42334e-18)
(26.0093 2.48939 -4.63155e-18)
(26.0183 2.50214 -3.76762e-17)
(26.0267 2.51573 -1.38128e-18)
(26.0344 2.53014 -1.54187e-17)
(26.0413 2.54535 -3.25464e-19)
(26.0473 2.56131 -2.15788e-17)
(26.0522 2.57797 -3.23727e-18)
(26.0561 2.59526 -1.10842e-18)
(26.0587 2.61311 4.06908e-18)
(26.0601 2.63142 -3.57586e-17)
(26.0602 2.65011 7.59567e-17)
(26.0589 2.66907 -2.20764e-17)
(26.0562 2.68819 -1.08193e-18)
(26.0521 2.70736 -8.2677e-18)
(26.0467 2.72646 4.65598e-17)
(26.0398 2.74539 -1.07503e-17)
(26.0317 2.76402 -1.57419e-17)
(26.0224 2.78231 7.70254e-18)
(26.0121 2.80004 -6.76298e-18)
(26.0012 2.81745 2.86659e-17)
(25.991 2.83158 6.68609e-17)
(25.9815 2.8448 3.88743e-17)
(25.9713 2.8555 -1.82791e-17)
(25.9603 2.87199 -9.64457e-17)
(25.9492 2.8775 -8.48405e-17)
(25.9375 2.90359 1.40568e-18)
(25.9261 2.89142 9.76029e-17)
(25.9145 2.94745 -2.39491e-18)
(25.9041 2.88192 7.56344e-17)
(25.8945 3.02635 -3.50236e-17)
(25.8895 2.81082 1.92995e-18)
(25.868 3.19934 6.08226e-17)
(25.9715 2.59713 -4.21413e-17)
(25.768 2.44747 5.08604e-20)
(25.7687 2.44734 1.61966e-18)
(25.7685 2.44688 7.18166e-19)
(25.7672 2.44626 -4.70989e-19)
(25.7676 2.44578 -4.93227e-19)
(25.7756 2.4457 -6.39007e-20)
(25.7947 2.44608 -5.99557e-20)
(25.8118 2.446 1.37057e-18)
(25.7868 2.44283 -9.38816e-19)
(25.6658 2.43275 2.04491e-18)
(25.4142 2.41268 -6.12085e-19)
(25.0346 2.38166 -4.04975e-20)
(24.5613 2.34104 2.0177e-18)
(24.0498 2.29438 1.89977e-19)
(23.5704 2.24717 -1.78477e-18)
(23.2023 2.20654 -4.65657e-19)
(23.0217 2.18039 -2.0486e-18)
(23.0816 2.17554 2.57753e-18)
(23.3895 2.1953 1.6528e-18)
(23.8972 2.23761 1.06425e-18)
(24.5077 2.29461 4.07327e-18)
(25.0933 2.35365 -8.17246e-18)
(25.5313 2.40074 8.19855e-18)
(25.7621 2.42713 -9.45537e-18)
(25.8244 2.43478 -1.53235e-19)
(25.8129 2.43334 -6.68398e-20)
(25.7996 2.43134 -3.46347e-18)
(25.804 2.43168 -5.76138e-18)
(25.8174 2.43357 5.57887e-19)
(25.8306 2.43573 -1.30105e-18)
(25.8413 2.43777 6.95811e-19)
(25.8507 2.43987 5.96956e-18)
(25.8598 2.44223 -1.43056e-20)
(25.8689 2.44491 6.60887e-18)
(25.878 2.44791 -5.43132e-18)
(25.8871 2.45128 1.21566e-18)
(25.8962 2.45507 -1.48265e-19)
(25.9054 2.45931 3.83421e-18)
(25.9147 2.46404 -4.43969e-19)
(25.9241 2.46931 4.69977e-19)
(25.9335 2.47515 1.3193e-18)
(25.9428 2.4816 7.12808e-19)
(25.9522 2.4887 -1.82514e-18)
(25.9614 2.49648 4.59066e-19)
(25.9705 2.50496 6.87583e-19)
(25.9793 2.51417 -7.39708e-18)
(25.9878 2.52414 -3.86777e-18)
(25.9959 2.53486 4.12585e-18)
(26.0036 2.54635 -1.91304e-17)
(26.0106 2.55859 7.5386e-18)
(26.017 2.57158 -3.55429e-18)
(26.0226 2.58528 2.45183e-17)
(26.0273 2.59967 -2.84945e-18)
(26.0311 2.6147 -9.83774e-19)
(26.0339 2.6303 -2.16704e-17)
(26.0355 2.64641 -3.19636e-18)
(26.036 2.66297 -1.26406e-17)
(26.0353 2.67987 1.16456e-17)
(26.0333 2.69703 3.22279e-17)
(26.03 2.71436 -1.09929e-16)
(26.0254 2.73174 -4.79035e-17)
(26.0196 2.74909 -8.37696e-17)
(26.0125 2.76627 -8.55217e-17)
(26.0043 2.78327 7.48876e-17)
(25.9952 2.79984 -9.99579e-17)
(25.9854 2.81627 2.41437e-17)
(25.9762 2.82964 3.4542e-18)
(25.9676 2.84231 -2.1086e-17)
(25.9582 2.85247 1.76576e-17)
(25.9482 2.86856 -7.03062e-17)
(25.938 2.87365 -5.35309e-17)
(25.9274 2.89952 1.41654e-18)
(25.9166 2.88714 -6.61823e-17)
(25.9065 2.94307 -2.44587e-18)
(25.896 2.87771 2.0316e-16)
(25.889 3.02196 4.07213e-17)
(25.882 2.80707 1.40526e-16)
(25.8652 3.19581 -5.59293e-17)
(25.9638 2.5926 3.80375e-17)
(25.7903 2.49473 4.25714e-20)
(25.7912 2.49466 -7.86222e-20)
(25.7918 2.49433 -4.66508e-19)
(25.7918 2.49386 8.45872e-19)
(25.7907 2.49338 2.29002e-19)
(25.7901 2.49296 -7.26576e-19)
(25.7949 2.49281 3.91202e-19)
(25.8107 2.49319 -2.94768e-21)
(25.8326 2.49368 2.73584e-20)
(25.8325 2.49235 -1.81423e-19)
(25.7601 2.4857 4.69618e-20)
(25.5696 2.47003 9.62243e-19)
(25.247 2.44341 -4.0049e-20)
(24.8148 2.40633 1.67007e-19)
(24.3225 2.36171 1.3059e-18)
(23.8372 2.31467 -2.94109e-19)
(23.4375 2.27212 9.61836e-19)
(23.2027 2.24205 1.55447e-18)
(23.1945 2.23184 -8.04383e-20)
(23.4339 2.24585 -1.27465e-18)
(23.8862 2.28328 -1.55897e-18)
(24.4645 2.33733 6.61973e-18)
(25.0447 2.39596 -6.89554e-18)
(25.4999 2.44494 3.25196e-19)
(25.7566 2.47425 -2.02281e-18)
(25.837 2.48405 -6.00565e-20)
(25.8303 2.48325 -7.07175e-19)
(25.814 2.48102 -6.64659e-20)
(25.815 2.48112 -2.85598e-18)
(25.8268 2.48301 -3.62903e-21)
(25.8392 2.48524 1.72973e-19)
(25.8489 2.48723 -1.50577e-19)
(25.8571 2.48919 -1.06257e-18)
(25.8652 2.49136 -8.66971e-18)
(25.8734 2.49385 5.27888e-18)
(25.8814 2.49665 -1.22476e-18)
(25.8894 2.49978 -8.51115e-20)
(25.8974 2.50326 -8.05415e-19)
(25.9055 2.50715 -1.36569e-18)
(25.9137 2.51148 1.34869e-19)
(25.9218 2.51629 1.10235e-18)
(25.93 2.52161 6.11228e-19)
(25.9381 2.52747 2.5605e-18)
(25.9462 2.5339 8.56233e-19)
(25.9541 2.54095 7.59156e-19)
(25.9619 2.54862 -6.92908e-19)
(25.9694 2.55694 -3.21337e-18)
(25.9766 2.56594 3.46042e-18)
(25.9835 2.57562 1.67627e-17)
(25.9898 2.58598 -2.35214e-17)
(25.9956 2.59703 -5.2413e-18)
(26.0007 2.60874 1.27163e-18)
(26.0051 2.62111 -2.49458e-18)
(26.0087 2.63409 -8.68317e-19)
(26.0114 2.64766 2.83559e-17)
(26.0131 2.66176 3.90565e-18)
(26.0138 2.67633 -7.10159e-18)
(26.0135 2.6913 -3.12699e-17)
(26.0119 2.70661 -1.62431e-17)
(26.0093 2.72216 1.32533e-16)
(26.0054 2.73788 2.314e-17)
(26.0004 2.75366 -2.93192e-17)
(25.9941 2.76941 1.42988e-16)
(25.9869 2.7851 -4.71631e-17)
(25.9787 2.80049 2.65205e-17)
(25.9699 2.81589 -2.82733e-17)
(25.9616 2.82845 8.18705e-17)
(25.9538 2.84054 -2.92664e-17)
(25.9452 2.85012 -1.42342e-17)
(25.9361 2.86572 -1.14883e-17)
(25.9267 2.87039 5.45628e-17)
(25.9171 2.8959 1.42034e-18)
(25.907 2.88338 5.5587e-17)
(25.8983 2.93895 -2.48266e-18)
(25.8877 2.87401 -2.57832e-16)
(25.8831 3.01761 3.02191e-18)
(25.8743 2.80381 -1.36096e-16)
(25.8621 3.19216 7.1199e-17)
(25.9558 2.58842 -2.18765e-18)
(25.8094 2.53798 3.56084e-20)
(25.8104 2.53794 -6.58065e-20)
(25.8112 2.53769 1.27578e-18)
(25.8118 2.53735 -9.6166e-19)
(25.812 2.53701 5.49066e-20)
(25.8112 2.53663 5.96232e-19)
(25.8101 2.53623 -1.60361e-18)
(25.8122 2.53602 -4.52369e-21)
(25.8239 2.53631 2.3186e-20)
(25.8459 2.53704 -1.57555e-19)
(25.8612 2.53699 4.23322e-20)
(25.8278 2.53321 -1.08542e-18)
(25.6945 2.52177 5.9677e-20)
(25.431 2.49973 1.35805e-18)
(25.0449 2.46649 2.09847e-18)
(24.5773 2.42414 -2.53683e-19)
(24.0917 2.3773 8.49213e-19)
(23.6661 2.33272 -1.8281e-18)
(23.3827 2.29857 7.87052e-19)
(23.3112 2.28286 -1.12794e-19)
(23.485 2.29109 -1.98215e-18)
(23.8832 2.32379 2.6925e-19)
(24.4284 2.37526 3.28682e-19)
(25.0006 2.43394 6.8983e-18)
(25.4696 2.4853 3.47661e-18)
(25.7494 2.51786 1.2244e-18)
(25.8465 2.52987 7.84032e-19)
(25.8436 2.52932 -5.8062e-20)
(25.824 2.52611 2.04397e-18)
(25.8219 2.52528 1.01967e-18)
(25.8333 2.52691 1.65683e-19)
(25.8461 2.52932 -4.7445e-18)
(25.8555 2.53151 1.00371e-18)
(25.8627 2.53346 8.20422e-18)
(25.8696 2.53548 1.36796e-18)
(25.8767 2.53777 1.19937e-18)
(25.8839 2.54037 -3.58787e-20)
(25.891 2.54327 1.07846e-18)
(25.8981 2.54649 -1.07088e-18)
(25.9052 2.55006 9.66726e-20)
(25.9123 2.55403 8.21025e-19)
(25.9194 2.55841 3.70335e-19)
(25.9265 2.56325 3.77902e-19)
(25.9335 2.56857 -1.87024e-19)
(25.9404 2.57441 6.94369e-19)
(25.9472 2.58079 2.09275e-18)
(25.9538 2.58773 -2.6479e-18)
(25.9601 2.59526 4.126e-18)
(25.9661 2.60339 2.54362e-18)
(25.9717 2.61213 1.15966e-17)
(25.9769 2.62149 -5.18474e-18)
(25.9815 2.63146 6.90743e-18)
(25.9855 2.64204 -7.29276e-18)
(25.9887 2.65321 -7.61515e-19)
(25.9912 2.66495 4.4467e-17)
(25.9929 2.67721 -1.98956e-17)
(25.9937 2.68997 8.2094e-19)
(25.9935 2.70316 4.80778e-17)
(25.9923 2.71672 -2.45558e-17)
(25.99 2.7306 -2.52254e-17)
(25.9867 2.74471 -8.84467e-17)
(25.9822 2.75899 1.12213e-18)
(25.9767 2.77332 -8.97617e-18)
(25.9702 2.78771 1.52919e-17)
(25.9628 2.80191 1.11482e-17)
(25.9548 2.81625 2.3909e-17)
(25.9473 2.82799 -7.48028e-17)
(25.9402 2.83944 -5.04848e-18)
(25.9324 2.84843 -1.31353e-17)
(25.9241 2.86348 7.04699e-17)
(25.9154 2.86773 -1.10117e-17)
(25.9068 2.89273 1.41609e-18)
(25.8971 2.88017 -5.29128e-18)
(25.8899 2.9351 2.2389e-17)
(25.8791 2.87086 1.61354e-16)
(25.877 3.0133 7.22245e-17)
(25.8662 2.80115 2.24256e-18)
(25.8588 3.18835 3.76714e-17)
(25.9473 2.58474 -7.29863e-17)
(25.8262 2.57775 3.03844e-20)
(25.8272 2.57772 -5.62143e-20)
(25.828 2.57753 -3.47791e-20)
(25.8288 2.57726 1.1342e-18)
(25.8296 2.577 4.70717e-20)
(25.83 2.57673 -5.40755e-19)
(25.8295 2.57641 1.38116e-18)
(25.8283 2.57604 -3.89534e-21)
(25.8286 2.57577 2.00182e-20)
(25.836 2.57589 -1.36773e-19)
(25.8548 2.57654 3.73414e-20)
(25.8772 2.5771 8.41055e-19)
(25.8727 2.57547 -1.35066e-19)
(25.7922 2.56821 -8.51832e-19)
(25.5929 2.55193 -1.90262e-18)
(25.2637 2.52489 -2.31525e-19)
(24.8314 2.48777 -7.59579e-19)
(24.3527 2.44389 1.59978e-18)
(23.9039 2.39912 -8.84762e-19)
(23.5699 2.3612 -9.20772e-20)
(23.4289 2.33848 -9.13724e-19)
(23.5288 2.33763 -1.58754e-18)
(23.8654 2.36111 2.99355e-18)
(24.3739 2.40534 -4.98824e-18)
(24.9397 2.46056 -4.52074e-18)
(25.4289 2.51302 -1.04427e-18)
(25.7416 2.5504 -5.58834e-19)
(25.8647 2.56826 -5.39715e-20)
(25.8689 2.57165 -3.59793e-18)
(25.8417 2.56939 -1.29457e-18)
(25.8298 2.56756 2.46054e-18)
(25.8366 2.5679 8.33389e-18)
(25.8495 2.56966 -2.72433e-20)
(25.8601 2.57178 -5.82622e-18)
(25.8674 2.57379 -8.48575e-18)
(25.8734 2.57576 -1.15206e-18)
(25.8795 2.57785 1.3454e-18)
(25.8857 2.58019 -2.1005e-18)
(25.892 2.58281 2.15878e-18)
(25.8982 2.58574 -5.53631e-19)
(25.9044 2.58898 5.96392e-19)
(25.9106 2.59257 -1.1991e-18)
(25.9167 2.59654 4.13515e-19)
(25.9228 2.60091 -1.90455e-19)
(25.9288 2.60572 1.7643e-18)
(25.9347 2.61099 -3.56547e-18)
(25.9404 2.61673 -1.19967e-17)
(25.9459 2.623 2.85347e-18)
(25.9511 2.62977 -4.05981e-18)
(25.956 2.6371 -1.03078e-18)
(25.9605 2.64498 3.47096e-18)
(25.9645 2.65341 -4.81049e-18)
(25.968 2.6624 -9.3772e-18)
(25.9709 2.67195 -6.65669e-19)
(25.9731 2.68203 -1.96985e-19)
(25.9746 2.69263 3.14582e-18)
(25.9753 2.70371 -5.04104e-18)
(25.9752 2.71525 -4.00149e-17)
(25.9741 2.72719 -3.31746e-18)
(25.9721 2.73949 4.04808e-18)
(25.9691 2.75207 8.42108e-17)
(25.9651 2.7649 1.0436e-18)
(25.9601 2.77786 -3.85409e-18)
(25.9542 2.79097 6.62453e-17)
(25.9475 2.80398 -3.10459e-17)
(25.9402 2.81727 -1.99653e-18)
(25.9334 2.82817 3.13564e-18)
(25.9269 2.83896 9.15442e-18)
(25.9197 2.84734 1.62794e-17)
(25.9122 2.86176 -3.45355e-18)
(25.904 2.86562 -3.23385e-18)
(25.8964 2.88998 -2.38123e-17)
(25.8871 2.87752 -1.48067e-16)
(25.8814 2.93148 -5.02408e-17)
(25.8699 2.8683 -4.16852e-18)
(25.871 3.009 -3.68039e-17)
(25.8573 2.79913 2.43868e-18)
(25.8558 3.1845 -9.71102e-17)
(25.9376 2.58129 1.05422e-18)
(25.8447 2.6232 3.1144e-19)
(25.8458 2.62318 -2.99759e-19)
(25.8467 2.62304 -2.74278e-19)
(25.8475 2.62282 -1.32455e-19)
(25.8483 2.62262 8.22397e-19)
(25.8491 2.62241 5.87826e-19)
(25.8497 2.62219 -5.13234e-19)
(25.8498 2.62193 -2.83566e-19)
(25.8492 2.62162 1.20019e-18)
(25.8486 2.62132 -3.63636e-19)
(25.8515 2.62124 9.77592e-20)
(25.8622 2.62158 -7.69767e-19)
(25.8804 2.62225 1.24309e-19)
(25.8921 2.62218 7.54917e-19)
(25.8649 2.61908 -4.67376e-19)
(25.7564 2.60974 -2.74285e-18)
(25.5351 2.59137 -7.54241e-19)
(25.198 2.56281 3.03877e-19)
(24.7769 2.52537 -6.7931e-19)
(24.3321 2.48302 -4.04825e-19)
(23.9426 2.4422 5.02723e-19)
(23.6911 2.41089 -9.55866e-19)
(23.6442 2.3968 -1.80625e-18)
(23.8291 2.40497 -1.01783e-18)
(24.2164 2.43538 1.43453e-18)
(24.7201 2.48183 -1.6501e-18)
(25.2191 2.533 1.27181e-18)
(25.602 2.57643 -1.65718e-18)
(25.815 2.60398 3.15981e-18)
(25.8826 2.61547 -3.3677e-19)
(25.8746 2.61683 3.77743e-18)
(25.8531 2.6149 -4.8578e-18)
(25.8453 2.61372 1.37959e-18)
(25.8509 2.61426 3.60721e-18)
(25.8609 2.6159 6.26467e-18)
(25.8695 2.61781 -2.37012e-18)
(25.8759 2.61966 -1.02616e-18)
(25.8811 2.62149 5.45251e-20)
(25.8862 2.62345 -5.31135e-19)
(25.8914 2.62565 -2.18066e-18)
(25.8966 2.62813 -3.51077e-18)
(25.9019 2.63088 1.50657e-18)
(25.907 2.63393 -5.03229e-20)
(25.9121 2.6373 9.09478e-19)
(25.9171 2.64102 -5.34471e-19)
(25.922 2.64511 -7.1011e-19)
(25.9267 2.6496 3.21708e-18)
(25.9313 2.65452 2.52001e-18)
(25.9356 2.65987 -2.29091e-18)
(25.9397 2.66569 -5.5464e-18)
(25.9434 2.67199 -1.73338e-17)
(25.9468 2.67877 1.49573e-18)
(25.9497 2.68606 9.64255e-18)
(25.9521 2.69384 -1.33456e-17)
(25.9539 2.70212 -1.841e-17)
(25.9552 2.7109 1.26203e-17)
(25.9557 2.72014 -5.40055e-18)
(25.9555 2.72985 6.78004e-18)
(25.9545 2.73997 -8.20467e-18)
(25.9527 2.7505 -6.99718e-17)
(25.9501 2.76136 1.03909e-17)
(25.9465 2.77253 4.31155e-17)
(25.9421 2.78392 -1.61033e-17)
(25.9368 2.79556 -3.79415e-18)
(25.9307 2.8072 2.14771e-17)
(25.9242 2.81924 -2.1505e-17)
(25.918 2.82918 -4.26379e-18)
(25.9123 2.83916 5.07384e-17)
(25.9057 2.84689 3.14631e-18)
(25.899 2.86048 -1.22072e-17)
(25.8914 2.86405 1.196e-17)
(25.885 2.88739 5.20895e-17)
(25.876 2.8754 3.82982e-17)
(25.872 2.92771 4.05368e-17)
(25.8601 2.86648 -8.33294e-17)
(25.8641 3.00418 -3.83116e-17)
(25.8482 2.79821 3.21104e-18)
(25.8518 3.17955 6.0149e-17)
(25.9286 2.57938 -1.69098e-17)
(25.8639 2.67087 9.93104e-20)
(25.8649 2.67083 1.61208e-20)
(25.8658 2.6707 1.49578e-19)
(25.8666 2.67051 -2.04643e-19)
(25.8674 2.67034 -8.3788e-19)
(25.8682 2.67016 -6.45514e-19)
(25.8691 2.66998 -8.83188e-20)
(25.8699 2.66977 1.92916e-19)
(25.8704 2.66955 -1.3636e-18)
(25.8703 2.66928 1.424e-19)
(25.8694 2.66899 8.29014e-20)
(25.8691 2.66877 -2.14315e-19)
(25.8732 2.66876 -7.44487e-19)
(25.8859 2.6691 -1.3524e-19)
(25.9061 2.66946 1.5957e-19)
(25.9193 2.66867 9.68103e-19)
(25.8952 2.66452 2.26935e-19)
(25.7942 2.65418 -1.34037e-18)
(25.5854 2.6352 9.44784e-19)
(25.2646 2.60675 2.22526e-19)
(24.8622 2.57046 4.33267e-19)
(24.4398 2.53066 1.35488e-18)
(24.0782 2.49404 3.12089e-18)
(23.8597 2.46839 2.51925e-18)
(23.8456 2.46058 -1.10188e-19)
(24.0531 2.47409 -6.62922e-19)
(24.4405 2.50703 4.13852e-19)
(24.9139 2.55182 5.54779e-19)
(25.3573 2.5974 2.28236e-18)
(25.6781 2.6335 3.71831e-18)
(25.8454 2.65492 -6.15066e-18)
(25.8924 2.66307 7.9993e-19)
(25.8814 2.66342 8.67658e-19)
(25.8624 2.66153 -2.41196e-18)
(25.8559 2.66055 -3.98237e-18)
(25.8608 2.66112 3.54833e-18)
(25.8692 2.6626 2.69971e-19)
(25.8764 2.66427 4.33163e-20)
(25.8816 2.66585 -1.84357e-19)
(25.8857 2.66741 2.32737e-18)
(25.8898 2.66911 -2.28181e-19)
(25.894 2.67104 -1.25473e-18)
(25.8982 2.6732 -3.55547e-19)
(25.9023 2.67561 -7.63364e-19)
(25.9062 2.67829 -5.87563e-19)
(25.9101 2.68125 2.34523e-19)
(25.9138 2.68452 2.46771e-19)
(25.9174 2.68813 2.8373e-18)
(25.9208 2.69209 1.53826e-18)
(25.924 2.69643 -1.70276e-18)
(25.9269 2.70117 2.92834e-18)
(25.9295 2.70632 -2.81767e-18)
(25.9317 2.71189 -8.63586e-19)
(25.9335 2.7179 1.09416e-17)
(25.9349 2.72436 9.64882e-20)
(25.9357 2.73127 8.88355e-18)
(25.9359 2.73863 -3.89208e-17)
(25.9356 2.74643 -1.94844e-17)
(25.9346 2.75466 1.16413e-17)
(25.9328 2.76331 1.34208e-17)
(25.9304 2.77234 -2.56068e-17)
(25.9272 2.78173 2.01365e-18)
(25.9232 2.79142 -4.78002e-17)
(25.9184 2.80146 -6.35744e-18)
(25.913 2.8116 2.81714e-17)
(25.9071 2.82224 1.52073e-17)
(25.9016 2.83112 3.5394e-17)
(25.8965 2.84017 -2.6034e-17)
(25.8907 2.84718 3.59618e-17)
(25.8847 2.8598 -1.03745e-17)
(25.8779 2.86304 -6.23494e-17)
(25.8723 2.8852 -3.26686e-17)
(25.8641 2.87375 6.47782e-17)
(25.8613 2.92418 -5.12986e-17)
(25.85 2.86511 7.37431e-17)
(25.8556 2.99953 1.18972e-16)
(25.8398 2.79785 8.40977e-17)
(25.8458 3.17495 -4.68936e-17)
(25.9219 2.57813 1.42904e-16)
(25.8801 2.71138 -2.41524e-19)
(25.8811 2.71133 -6.21035e-20)
(25.8819 2.71121 1.00244e-19)
(25.8827 2.71104 2.49269e-19)
(25.8835 2.71087 4.74356e-19)
(25.8843 2.71071 2.93632e-19)
(25.8851 2.71054 3.35214e-19)
(25.886 2.71035 1.34557e-19)
(25.8868 2.71016 4.78903e-19)
(25.8876 2.70995 -8.68792e-19)
(25.8879 2.70971 3.97451e-20)
(25.8875 2.70944 -1.57865e-19)
(25.8866 2.70914 6.88305e-19)
(25.8875 2.70895 2.88275e-19)
(25.8945 2.70904 -2.64505e-19)
(25.9116 2.7095 4.35874e-19)
(25.9359 2.70997 1.32468e-18)
(25.9519 2.70922 -2.91486e-19)
(25.9286 2.70504 -3.03164e-19)
(25.827 2.69457 -1.06169e-18)
(25.617 2.6754 -5.38819e-20)
(25.2963 2.64681 -6.0482e-19)
(24.8995 2.61078 -5.64825e-19)
(24.4938 2.5722 -6.38403e-19)
(24.1637 2.5382 -1.43201e-18)
(23.9904 2.51667 2.53088e-18)
(24.0258 2.51385 -1.2167e-19)
(24.2708 2.53186 -6.29675e-20)
(24.6669 2.56709 -4.08834e-18)
(25.1129 2.61084 -2.86822e-18)
(25.5007 2.65224 6.42639e-19)
(25.7591 2.68258 7.33176e-19)
(25.8783 2.69871 -3.4512e-18)
(25.9005 2.70337 -1.29909e-18)
(25.8834 2.70223 4.3771e-19)
(25.8669 2.70018 2.93595e-19)
(25.8635 2.69951 1.50119e-18)
(25.8691 2.70028 5.06392e-19)
(25.8765 2.70166 1.60525e-19)
(25.8821 2.70305 -8.11128e-19)
(25.8859 2.70431 -2.03241e-19)
(25.889 2.7056 1.32363e-18)
(25.8922 2.70705 -5.36281e-19)
(25.8955 2.70871 -7.70643e-20)
(25.8987 2.71058 2.76607e-19)
(25.9017 2.71267 -2.42907e-19)
(25.9046 2.715 -8.00344e-20)
(25.9073 2.71758 3.3164e-20)
(25.9099 2.72045 -8.33558e-19)
(25.9122 2.72363 5.86522e-18)
(25.9143 2.72712 6.01388e-18)
(25.9162 2.73096 5.85843e-18)
(25.9177 2.73516 -5.09661e-18)
(25.9188 2.73973 4.93972e-18)
(25.9196 2.7447 -4.17985e-18)
(25.9199 2.75006 4.83675e-18)
(25.9197 2.75585 2.37025e-17)
(25.919 2.76204 3.91546e-17)
(25.9178 2.76865 8.55171e-19)
(25.9159 2.77568 -8.21878e-18)
(25.9134 2.7831 1.65167e-18)
(25.9103 2.79092 -4.96871e-17)
(25.9065 2.79909 3.08755e-17)
(25.9019 2.80766 -1.69091e-18)
(25.8969 2.81641 -2.09202e-17)
(25.8914 2.82575 -1.01522e-17)
(25.8863 2.83361 1.68439e-17)
(25.8817 2.84178 -9.73935e-18)
(25.8764 2.84808 -1.1969e-17)
(25.871 2.85975 -6.7201e-19)
(25.8647 2.86266 -5.64816e-18)
(25.8599 2.88361 8.54704e-18)
(25.8524 2.87268 -1.73876e-17)
(25.8504 2.92123 2.93902e-18)
(25.8399 2.86425 5.09842e-18)
(25.8464 2.99544 -6.521e-17)
(25.8317 2.79798 -1.40323e-16)
(25.8387 3.17115 3.77181e-17)
(25.9154 2.57787 -8.1939e-17)
(25.8957 2.74579 -4.16388e-20)
(25.8965 2.74566 -2.0167e-19)
(25.8973 2.74549 2.56076e-20)
(25.898 2.74534 -8.37541e-20)
(25.8988 2.74517 2.3219e-20)
(25.8996 2.74501 -3.83386e-19)
(25.9003 2.74484 1.03452e-20)
(25.9011 2.74465 7.3186e-20)
(25.902 2.74446 3.50737e-19)
(25.9028 2.74425 3.55043e-20)
(25.9035 2.74403 4.46282e-19)
(25.9036 2.74376 -5.84431e-19)
(25.903 2.74346 -1.99765e-19)
(25.9026 2.74318 2.24791e-19)
(25.9051 2.74307 -2.5419e-19)
(25.9152 2.74335 -5.24845e-19)
(25.9359 2.74408 8.7135e-19)
(25.9631 2.74481 -8.69855e-19)
(25.9796 2.7442 6.86736e-19)
(25.9528 2.73986 1.48965e-19)
(25.8435 2.72879 1.68981e-19)
(25.6235 2.7086 -7.35658e-19)
(25.2957 2.67893 2.28694e-19)
(24.9023 2.64241 1.71827e-18)
(24.5177 2.60474 -4.32001e-19)
(24.2295 2.57373 -1.32971e-18)
(24.1136 2.55719 5.60036e-19)
(24.2076 2.56041 2.72753e-19)
(24.4924 2.58365 -1.07184e-18)
(24.8938 2.62138 1.66929e-18)
(25.3068 2.66379 -1.40718e-18)
(25.6356 2.70045 1.83422e-18)
(25.8307 2.72444 1.43098e-18)
(25.9029 2.73494 -7.64331e-19)
(25.9027 2.73621 -9.89842e-19)
(25.8821 2.73397 -5.75982e-19)
(25.8699 2.73217 -1.68444e-18)
(25.8703 2.732 -6.37591e-19)
(25.8766 2.73294 -4.21592e-19)
(25.8826 2.73413 6.24725e-19)
(25.8864 2.73518 -9.04794e-19)
(25.8889 2.73615 3.39831e-19)
(25.8912 2.73719 9.91793e-19)
(25.8936 2.7384 4.74163e-19)
(25.896 2.73979 9.02542e-19)
(25.8981 2.74138 -9.57457e-20)
(25.9001 2.74316 3.17421e-20)
(25.9019 2.74516 -2.49618e-19)
(25.9035 2.74741 -2.79649e-18)
(25.9049 2.74991 -1.08854e-19)
(25.906 2.7527 -1.57882e-18)
(25.9068 2.75579 -4.95785e-19)
(25.9073 2.75919 -3.1738e-18)
(25.9074 2.76294 2.90661e-18)
(25.9072 2.76704 -8.10844e-18)
(25.9065 2.77151 -9.08869e-18)
(25.9053 2.77636 -5.30096e-18)
(25.9037 2.78161 -7.95283e-18)
(25.9015 2.78726 -1.04542e-17)
(25.8989 2.7933 -1.11121e-17)
(25.8956 2.79976 2.47001e-17)
(25.8917 2.80658 -7.59329e-18)
(25.8873 2.81384 -3.72076e-18)
(25.8823 2.82135 3.3731e-18)
(25.877 2.82951 -9.98679e-19)
(25.8721 2.83643 -1.7128e-17)
(25.8678 2.84376 -1.07167e-17)
(25.8628 2.84941 -2.52752e-17)
(25.8578 2.86015 -2.97605e-17)
(25.852 2.86276 2.46016e-17)
(25.8476 2.88253 6.22866e-17)
(25.8408 2.87211 -1.99106e-17)
(25.8394 2.91878 2.49295e-19)
(25.8297 2.86389 -6.38376e-17)
(25.8368 2.99189 4.54966e-19)
(25.8231 2.79869 3.10733e-17)
(25.831 3.16802 2.93512e-18)
(25.9078 2.57896 -2.28282e-16)
(25.9091 2.77484 6.30898e-20)
(25.9098 2.77471 1.08739e-19)
(25.9105 2.77455 -1.19287e-19)
(25.9112 2.77439 -1.61083e-19)
(25.9119 2.77422 -1.06498e-19)
(25.9126 2.77406 9.81566e-20)
(25.9133 2.77388 6.31958e-20)
(25.914 2.77369 -1.81219e-19)
(25.9148 2.77349 -3.04086e-19)
(25.9156 2.77329 1.45679e-19)
(25.9164 2.77307 -1.43173e-19)
(25.9172 2.77284 3.78396e-19)
(25.9177 2.77258 -1.25615e-19)
(25.9177 2.77229 7.01085e-21)
(25.917 2.77196 -1.10713e-19)
(25.917 2.7717 1.18593e-19)
(25.921 2.7717 -2.48046e-19)
(25.9337 2.77217 2.47701e-19)
(25.9576 2.77315 -1.36406e-19)
(25.987 2.77408 -3.04826e-19)
(26.0018 2.7734 1.08785e-19)
(25.9672 2.76846 4.66445e-20)
(25.8435 2.75614 2.36797e-19)
(25.6066 2.73422 -6.57065e-19)
(25.2677 2.70293 -1.46541e-19)
(24.8794 2.6659 1.21728e-18)
(24.5236 2.62982 6.87141e-19)
(24.2887 2.60298 4.87284e-19)
(24.2406 2.5928 9.93481e-19)
(24.3981 2.603 1.05025e-20)
(24.7206 2.63161 1.6851e-18)
(25.1198 2.67111 -6.42796e-19)
(25.4906 2.71091 1.37274e-18)
(25.7534 2.74152 6.66385e-19)
(25.8843 2.75848 1.1163e-18)
(25.9143 2.76355 6.50565e-19)
(25.8985 2.76219 1.88865e-18)
(25.8795 2.75959 2.57358e-19)
(25.8733 2.75838 1.78762e-18)
(25.8769 2.75868 1.28087e-18)
(25.8828 2.75961 -3.68661e-19)
(25.8869 2.76051 2.3198e-19)
(25.8892 2.76126 -1.3728e-18)
(25.8908 2.762 -1.60547e-20)
(25.8923 2.76287 -5.4348e-19)
(25.8938 2.76389 1.14365e-19)
(25.8952 2.76506 6.1859e-21)
(25.8963 2.76639 -5.73778e-19)
(25.8972 2.76791 4.46277e-19)
(25.8979 2.76963 -1.44633e-18)
(25.8983 2.77159 1.54188e-18)
(25.8985 2.77379 1.12539e-19)
(25.8983 2.77626 -4.01797e-18)
(25.8978 2.77902 -1.64797e-18)
(25.8969 2.78208 -4.22463e-18)
(25.8957 2.78548 3.59397e-18)
(25.894 2.78922 -1.68758e-17)
(25.8919 2.79333 -2.87794e-18)
(25.8893 2.79781 -3.05602e-18)
(25.8863 2.80269 8.35366e-18)
(25.8827 2.80797 -1.87568e-17)
(25.8787 2.81364 1.3623e-17)
(25.8741 2.81977 -9.49215e-18)
(25.869 2.82618 -2.42119e-17)
(25.8637 2.83328 -1.41411e-17)
(25.8589 2.83935 1.24576e-17)
(25.8547 2.84592 1.45732e-17)
(25.8499 2.85099 2.5132e-18)
(25.8451 2.86086 3.55151e-17)
(25.8396 2.86321 -1.07556e-18)
(25.8355 2.88184 -4.48119e-17)
(25.8292 2.87195 -2.32755e-17)
(25.8282 2.91678 -1.77225e-17)
(25.8192 2.864 4.3059e-17)
(25.8267 2.98883 -1.57556e-18)
(25.8141 2.80003 9.11462e-17)
(25.8228 3.16544 -8.00638e-19)
(25.8989 2.58162 2.19562e-16)
(25.9227 2.79885 -2.85511e-20)
(25.9234 2.79871 -1.18931e-19)
(25.924 2.79855 -1.16034e-22)
(25.9245 2.79839 9.20619e-20)
(25.9251 2.79822 -4.37828e-20)
(25.9258 2.79805 7.85718e-20)
(25.9264 2.79787 -1.45711e-19)
(25.927 2.79767 -1.12248e-19)
(25.9277 2.79747 2.63473e-19)
(25.9284 2.79726 -2.62282e-19)
(25.9291 2.79704 -5.99206e-20)
(25.9298 2.79681 -4.61921e-20)
(25.9306 2.79657 3.50285e-19)
(25.9314 2.79632 1.02614e-19)
(25.9317 2.79602 -2.03786e-19)
(25.9313 2.79569 7.14368e-20)
(25.9305 2.79535 5.56932e-20)
(25.9309 2.79511 2.10534e-19)
(25.9366 2.79521 -1.27e-20)
(25.9521 2.79588 1.39089e-19)
(25.9793 2.7971 -4.45798e-19)
(26.0099 2.79812 -5.78301e-20)
(26.0202 2.79709 -1.30282e-19)
(25.9722 2.79105 1.06454e-19)
(25.8268 2.7768 -5.18194e-19)
(25.5668 2.75251 -5.69332e-19)
(25.2155 2.71939 -1.08145e-18)
(24.8377 2.68228 6.82228e-19)
(24.5222 2.64891 -3.68293e-19)
(24.3538 2.6278 2.90687e-19)
(24.3832 2.62534 -6.32474e-19)
(24.6058 2.64313 -2.1686e-19)
(24.9587 2.67663 -1.75291e-18)
(25.3416 2.71642 6.05942e-19)
(25.6559 2.75172 -1.16645e-18)
(25.8457 2.77497 -4.98867e-19)
(25.9159 2.78486 -1.63669e-18)
(25.9143 2.78555 7.61135e-19)
(25.8925 2.78287 -8.34241e-19)
(25.8792 2.78075 -3.6476e-19)
(25.8783 2.78027 1.21129e-18)
(25.8829 2.78075 -1.82618e-19)
(25.887 2.78136 8.5133e-19)
(25.8891 2.7818 3.46796e-21)
(25.8902 2.78219 -1.38353e-19)
(25.8911 2.78269 -7.4127e-20)
(25.8919 2.78336 -1.07426e-19)
(25.8925 2.78418 1.45052e-19)
(25.8929 2.78514 -3.79775e-19)
(25.8929 2.78626 -5.20211e-19)
(25.8927 2.78756 -9.65334e-19)
(25.8922 2.78907 -9.68347e-19)
(25.8914 2.7908 1.48232e-18)
(25.8902 2.79277 3.2203e-19)
(25.8887 2.79502 6.02092e-19)
(25.8869 2.79755 -2.11171e-18)
(25.8846 2.80039 3.43021e-18)
(25.882 2.80357 1.08319e-17)
(25.8789 2.8071 1.01153e-17)
(25.8754 2.811 -2.25516e-18)
(25.8715 2.81531 3.98611e-18)
(25.867 2.82 -8.76592e-18)
(25.8622 2.82516 -9.71363e-18)
(25.8569 2.83064 1.84154e-17)
(25.8514 2.83682 1.92037e-17)
(25.8465 2.84216 -1.61535e-17)
(25.8423 2.84805 6.57338e-18)
(25.8375 2.85261 1.44964e-17)
(25.8328 2.8617 -1.07e-17)
(25.8274 2.86384 -1.78479e-18)
(25.8235 2.88139 5.31898e-18)
(25.8174 2.87206 2.85393e-17)
(25.8167 2.91511 3.35177e-17)
(25.8082 2.86447 -1.72452e-17)
(25.8161 2.98616 -2.55251e-18)
(25.8042 2.80195 -3.69927e-17)
(25.8136 3.1632 -1.67784e-18)
(25.8878 2.58622 -5.88784e-17)
(25.9349 2.81857 -4.13289e-22)
(25.9355 2.81842 1.09907e-20)
(25.936 2.81825 -9.55975e-21)
(25.9365 2.81807 4.51617e-20)
(25.9369 2.81788 -1.23277e-20)
(25.9375 2.81769 4.35643e-20)
(25.938 2.81748 -1.66452e-20)
(25.9385 2.81727 7.67133e-20)
(25.9391 2.81705 -1.05143e-19)
(25.9396 2.81682 1.0524e-19)
(25.9402 2.81658 7.18371e-20)
(25.9408 2.81632 -6.64046e-20)
(25.9415 2.81606 -1.03973e-19)
(25.9422 2.81579 -1.19086e-19)
(25.9429 2.8155 7.9554e-20)
(25.9435 2.81519 -9.69233e-20)
(25.9435 2.81484 -7.42655e-20)
(25.9428 2.81445 -5.50481e-20)
(25.9417 2.81407 -1.27521e-19)
(25.9428 2.81385 1.32533e-19)
(25.9505 2.81406 1.06077e-19)
(25.9695 2.81493 -3.9428e-20)
(26 2.81634 -1.26498e-19)
(26.0302 2.81728 -1.06444e-19)
(26.0316 2.8155 1.26225e-19)
(25.9628 2.80769 1.26452e-19)
(25.7879 2.79073 4.31593e-19)
(25.5005 2.76355 -6.50517e-19)
(25.1395 2.72869 1.29727e-19)
(24.783 2.69244 -1.04145e-19)
(24.5235 2.66339 1.08658e-19)
(24.4361 2.64976 4.349e-19)
(24.5499 2.65619 5.80982e-19)
(24.8327 2.68141 7.57353e-20)
(25.1995 2.71808 4.22248e-19)
(25.5443 2.75531 3.17794e-19)
(25.7861 2.78334 2.74952e-19)
(25.9014 2.79788 -1.64999e-19)
(25.9228 2.80116 -2.53852e-19)
(25.9049 2.799 -2.57271e-19)
(25.8874 2.79649 -5.81955e-19)
(25.8825 2.79573 5.07706e-19)
(25.8855 2.79633 3.1091e-19)
(25.8892 2.79721 -2.22082e-19)
(25.8907 2.79778 1.17761e-19)
(25.8907 2.79806 8.46321e-20)
(25.8905 2.79831 2.53919e-20)
(25.8904 2.79869 1.21989e-20)
(25.8902 2.79921 1.86916e-19)
(25.8897 2.79987 4.42862e-19)
(25.8889 2.80067 5.70008e-20)
(25.8877 2.80163 9.55476e-19)
(25.8863 2.80277 5.11806e-19)
(25.8845 2.80413 -1.96745e-18)
(25.8824 2.80571 2.8805e-18)
(25.8799 2.80756 -9.88852e-19)
(25.877 2.80968 2.60702e-18)
(25.8738 2.81211 7.17883e-19)
(25.8701 2.81488 2.45342e-18)
(25.8661 2.818 -2.3756e-18)
(25.8616 2.82151 2.87996e-18)
(25.8568 2.8254 7.51034e-18)
(25.8515 2.82978 5.79653e-18)
(25.8459 2.83448 -1.16088e-17)
(25.8401 2.8399 -5.43745e-18)
(25.835 2.84463 4.23081e-18)
(25.8306 2.84995 -9.75973e-18)
(25.8258 2.8541 1.08902e-18)
(25.821 2.8625 -4.73303e-18)
(25.8156 2.86451 -3.72033e-19)
(25.8116 2.88108 -2.0817e-17)
(25.8058 2.87235 3.04928e-18)
(25.805 2.91369 -2.31589e-17)
(25.7971 2.86521 -2.46012e-17)
(25.8048 2.98381 -1.24676e-19)
(25.7936 2.80442 1.29313e-17)
(25.8034 3.16094 1.37667e-18)
(25.8743 2.59318 4.95497e-17)
(25.9508 2.83298 1.98538e-21)
(25.9512 2.83283 2.14891e-20)
(25.9517 2.83267 9.77642e-21)
(25.9521 2.83249 -3.29447e-20)
(25.9525 2.83231 1.09911e-20)
(25.9529 2.83213 -4.24114e-20)
(25.9533 2.83192 2.81491e-20)
(25.9538 2.83171 3.54526e-20)
(25.9542 2.83149 3.88852e-20)
(25.9547 2.83126 7.97826e-21)
(25.9552 2.83101 -2.86316e-20)
(25.9557 2.83076 2.23039e-20)
(25.9562 2.83049 -1.12565e-20)
(25.9568 2.8302 9.68852e-20)
(25.9574 2.82991 6.69778e-20)
(25.958 2.8296 1.4208e-20)
(25.9587 2.82927 3.31315e-20)
(25.959 2.8289 5.2076e-20)
(25.9587 2.82849 1.38203e-19)
(25.9576 2.82803 5.87879e-20)
(25.9565 2.8276 -3.63799e-20)
(25.9587 2.82741 -7.36032e-20)
(25.9691 2.82775 -2.52141e-20)
(25.9924 2.82885 1.70489e-19)
(26.026 2.83038 5.18288e-20)
(26.053 2.83095 -5.00819e-20)
(26.0389 2.8278 -1.17799e-19)
(25.9404 2.81733 2.41491e-19)
(25.7283 2.79678 2.15913e-19)
(25.4128 2.76631 -1.30131e-19)
(25.0513 2.73021 1.01036e-19)
(24.7337 2.6964 -3.07363e-19)
(24.5511 2.67414 -1.71004e-19)
(24.5612 2.67072 -2.64689e-19)
(24.7631 2.68816 1.04324e-20)
(25.0932 2.72164 1.17847e-19)
(25.4476 2.76078 4.03393e-19)
(25.7273 2.79397 -2.11365e-20)
(25.8819 2.81368 1.36598e-19)
(25.9254 2.81951 -1.63885e-19)
(25.9105 2.81677 -4.22828e-19)
(25.8872 2.81186 -2.27266e-19)
(25.8777 2.80865 -5.78385e-19)
(25.8806 2.80776 -2.84929e-20)
(25.8865 2.80813 -1.26e-19)
(25.8899 2.80869 -1.34239e-19)
(25.8904 2.80902 7.75142e-20)
(25.8896 2.80923 2.88586e-20)
(25.8886 2.80947 7.30104e-20)
(25.8876 2.80982 -1.69104e-22)
(25.8863 2.8103 2.74056e-19)
(25.8846 2.81091 -4.4296e-19)
(25.8826 2.81166 -9.79821e-19)
(25.8802 2.81259 9.76849e-19)
(25.8774 2.81371 -3.95785e-19)
(25.8742 2.81505 2.46855e-19)
(25.8707 2.81665 -5.86925e-19)
(25.8668 2.81852 -2.34925e-18)
(25.8625 2.82071 -1.46036e-18)
(25.8578 2.82323 9.47013e-20)
(25.8527 2.82613 -1.17434e-20)
(25.8473 2.8294 -2.26903e-18)
(25.8415 2.83316 4.66116e-18)
(25.8354 2.83726 1.71199e-18)
(25.8291 2.84208 1.5158e-18)
(25.8236 2.84633 -4.47901e-18)
(25.8189 2.85118 4.53538e-18)
(25.8138 2.855 -3.42368e-18)
(25.8089 2.86281 7.10913e-20)
(25.8033 2.86478 4.96021e-18)
(25.7992 2.88045 7.84742e-18)
(25.7933 2.8724 4.59531e-18)
(25.7925 2.91205 4.32374e-18)
(25.7845 2.86587 1.29314e-17)
(25.7925 2.98104 3.80969e-18)
(25.7803 2.80734 -2.28069e-17)
(25.7934 3.15699 -3.98166e-18)
(25.8512 2.60327 2.01475e-17)
(25.96 2.84574 4.65433e-21)
(25.9604 2.84558 -1.15281e-21)
(25.9608 2.8454 -4.19648e-22)
(25.9611 2.84522 -1.69071e-21)
(25.9614 2.84502 1.10405e-20)
(25.9617 2.84482 5.23865e-21)
(25.962 2.84461 -9.60634e-21)
(25.9624 2.8444 -2.55046e-20)
(25.9627 2.84417 -1.41475e-20)
(25.9631 2.84394 -7.66499e-21)
(25.9634 2.8437 1.35324e-20)
(25.9638 2.84345 -1.7527e-20)
(25.9642 2.84319 1.23101e-20)
(25.9646 2.84292 -4.33893e-20)
(25.965 2.84265 4.23364e-21)
(25.9654 2.84237 -1.19939e-20)
(25.9659 2.84208 -4.23595e-21)
(25.9665 2.84179 6.18943e-21)
(25.967 2.84148 1.9063e-20)
(25.967 2.84114 -4.28476e-20)
(25.9662 2.84076 3.42236e-20)
(25.9646 2.84035 6.74606e-20)
(25.9637 2.84003 2.66022e-20)
(25.9675 2.84006 -2.52993e-20)
(25.9818 2.8408 7.72825e-21)
(26.0099 2.84241 -2.89815e-20)
(26.0456 2.84432 2.03995e-20)
(26.065 2.84465 -8.80934e-20)
(26.027 2.84007 -1.01758e-19)
(25.8887 2.82672 4.56e-20)
(25.6319 2.80221 9.09427e-21)
(25.286 2.76767 -2.86294e-20)
(24.9274 2.72864 3.52012e-20)
(24.6561 2.69403 1.56383e-19)
(24.5579 2.67344 -1.77846e-19)
(24.6686 2.6735 -1.52364e-19)
(24.9544 2.69459 -8.11723e-20)
(25.3211 2.73001 -5.0563e-20)
(25.6546 2.76851 1.2446e-19)
(25.8731 2.79946 1.67213e-19)
(25.9604 2.81751 1.51381e-19)
(25.958 2.8239 6.32237e-20)
(25.9241 2.82359 1.89365e-19)
(25.897 2.82134 8.01053e-20)
(25.8868 2.81963 6.41804e-20)
(25.887 2.81888 1.81535e-20)
(25.8893 2.81862 -2.27629e-20)
(25.8898 2.81844 -2.39342e-20)
(25.8888 2.81825 3.80214e-22)
(25.887 2.81812 -2.96368e-20)
(25.885 2.8181 6.98797e-20)
(25.8827 2.81824 3.71552e-20)
(25.8801 2.81854 4.00704e-19)
(25.8771 2.81902 4.28578e-20)
(25.8737 2.81971 2.70547e-19)
(25.8699 2.82063 -1.24584e-19)
(25.8658 2.82181 -2.32277e-19)
(25.8613 2.82326 2.75018e-19)
(25.8564 2.82504 -3.07633e-19)
(25.8511 2.82714 7.65811e-19)
(25.8455 2.82963 -2.42677e-19)
(25.8395 2.8325 6.37178e-19)
(25.8333 2.83585 -1.62944e-18)
(25.8267 2.83956 1.30631e-18)
(25.82 2.84398 -1.03128e-18)
(25.8141 2.84792 2.00131e-18)
(25.8091 2.85246 -1.33106e-18)
(25.8038 2.85611 -1.49447e-18)
(25.7986 2.86351 -1.79454e-18)
(25.7929 2.86551 -3.92537e-18)
(25.7884 2.8805 2.62858e-18)
(25.7826 2.87304 6.10803e-19)
(25.7814 2.91135 2.40107e-18)
(25.7738 2.86712 5.49729e-18)
(25.7814 2.97918 -2.3617e-18)
(25.7681 2.81103 1.46339e-17)
(25.7842 3.15198 3.66745e-18)
(25.8258 2.61567 -3.92518e-17)
(25.982 2.84892 1.69015e-21)
(25.9823 2.84878 4.90217e-22)
(25.9826 2.84862 -1.53212e-22)
(25.9828 2.84845 -6.19084e-22)
(25.983 2.84828 -1.48678e-21)
(25.9832 2.84809 -2.31456e-21)
(25.9834 2.84789 2.2237e-23)
(25.9836 2.84768 2.97224e-21)
(25.9838 2.84746 2.97424e-22)
(25.984 2.84722 -1.38888e-21)
(25.9842 2.84697 3.9474e-21)
(25.9844 2.8467 6.12841e-21)
(25.9846 2.84641 7.61404e-21)
(25.9848 2.84611 -8.41752e-21)
(25.985 2.84579 1.62538e-21)
(25.9852 2.84545 2.36317e-21)
(25.9855 2.84508 -8.81661e-22)
(25.9857 2.84469 -1.38237e-20)
(25.986 2.84428 -1.41838e-21)
(25.9864 2.84384 -1.08674e-21)
(25.9866 2.84335 -1.57567e-20)
(25.9863 2.8428 -2.54809e-20)
(25.9852 2.84219 1.10118e-20)
(25.9832 2.84157 -1.06268e-20)
(25.9821 2.84108 1.10426e-20)
(25.986 2.841 1.54142e-21)
(26.0003 2.84152 -4.61325e-21)
(26.0276 2.84243 -1.68562e-20)
(26.0604 2.84263 3.36833e-20)
(26.0749 2.83992 1.44432e-20)
(26.0343 2.83148 2.07105e-20)
(25.9042 2.81525 1.31591e-20)
(25.6749 2.79159 1.98417e-20)
(25.377 2.76415 -6.95246e-20)
(25.0781 2.73918 8.65717e-21)
(24.8616 2.72354 -3.41086e-21)
(24.7941 2.72204 5.39306e-20)
(24.8959 2.73512 -5.82892e-21)
(25.129 2.75823 2.96593e-20)
(25.4125 2.78357 3.20085e-20)
(25.6606 2.80378 1.79576e-20)
(25.8219 2.81528 5.14208e-21)
(25.8946 2.81916 -3.511e-21)
(25.91 2.81895 -1.76534e-20)
(25.9032 2.81785 5.11201e-22)
(25.8951 2.81729 1.97169e-20)
(25.8915 2.81732 -1.911e-20)
(25.8906 2.81754 -5.16586e-23)
(25.8897 2.81772 -3.23907e-23)
(25.8879 2.81785 -2.14305e-22)
(25.8854 2.818 4.65709e-21)
(25.8824 2.81821 3.04305e-20)
(25.879 2.81852 -5.40614e-20)
(25.8752 2.81894 -1.07578e-19)
(25.871 2.8195 9.92305e-21)
(25.8664 2.82024 1.22916e-19)
(25.8613 2.8212 -4.40312e-20)
(25.8558 2.8224 -2.62041e-20)
(25.85 2.82388 -1.15842e-19)
(25.8437 2.82568 1.14145e-19)
(25.8372 2.82784 2.99432e-19)
(25.8303 2.83038 -1.1741e-19)
(25.8231 2.83341 -2.31927e-19)
(25.8157 2.83681 -2.46282e-19)
(25.8081 2.84092 -1.86332e-19)
(25.8015 2.84462 -4.75184e-19)
(25.7959 2.84882 4.23073e-19)
(25.79 2.85237 4.53797e-19)
(25.7844 2.85924 1.98423e-19)
(25.7779 2.86162 -1.17661e-19)
(25.7737 2.87536 -1.10132e-19)
(25.7659 2.86974 -6.87016e-19)
(25.7674 2.90433 5.42009e-19)
(25.7534 2.86655 -1.11826e-18)
(25.7728 2.96691 7.4554e-20)
(25.7357 2.8187 -5.08604e-18)
(25.796 3.1246 -6.84595e-19)
(25.7474 2.6302 1.16963e-17)
)
;

boundaryField
{
    inlet
    {
        type            freestreamVelocity;
        freestreamValue uniform (25.75 3.62 0);
        value           nonuniform List<vector> 
27
(
(25.924 3.0787 5.83919e-17)
(25.9185 3.07717 -3.17078e-17)
(25.914 3.07516 -2.67189e-19)
(25.9102 3.07283 1.4762e-16)
(25.9063 3.07039 -1.47955e-16)
(25.9023 3.06786 -2.88798e-19)
(25.8982 3.06523 -2.9177e-19)
(25.8941 3.06249 -7.94423e-17)
(25.8901 3.0597 1.04304e-16)
(25.8861 3.05689 -1.02144e-18)
(25.882 3.05409 -2.50842e-17)
(25.8779 3.05136 2.293e-17)
(25.8737 3.04872 -2.35364e-17)
(25.8694 3.04623 2.12429e-17)
(25.8649 3.04393 -1.22167e-18)
(25.8602 3.0419 -4.07564e-17)
(25.8548 3.04 5.88664e-19)
(25.8497 3.03894 -9.44209e-18)
(25.846 3.03825 7.97941e-17)
(25.8424 3.0381 -4.5753e-17)
(25.8381 3.03869 -1.27472e-16)
(25.8332 3.04013 1.22612e-16)
(25.827 3.04263 -3.28835e-17)
(25.8194 3.04643 2.76779e-17)
(25.8065 3.05193 1.12569e-17)
(25.7923 3.0587 -2.19371e-17)
(25.7486 3.06657 6.53973e-18)
)
;
    }
    outlet
    {
        type            freestreamVelocity;
        freestreamValue uniform (25.75 3.62 0);
        value           nonuniform List<vector> 
78
(
(25.9813 2.85122 1.68511e-21)
(25.9816 2.85108 4.88754e-22)
(25.9819 2.85092 -1.52755e-22)
(25.9821 2.85075 -6.17238e-22)
(25.9823 2.85058 -1.48234e-21)
(25.9825 2.85039 -2.30766e-21)
(25.9827 2.8502 2.21707e-23)
(25.9829 2.84999 2.96338e-21)
(25.9831 2.84976 2.96538e-22)
(25.9833 2.84952 -1.38474e-21)
(25.9835 2.84927 3.93564e-21)
(25.9837 2.849 6.11015e-21)
(25.9839 2.84872 7.59136e-21)
(25.9841 2.84841 -8.39246e-21)
(25.9843 2.84809 1.62054e-21)
(25.9845 2.84775 2.35614e-21)
(25.9848 2.84739 -8.79038e-22)
(25.985 2.847 -1.37826e-20)
(25.9853 2.84659 -1.41416e-21)
(25.9857 2.84614 -1.08351e-21)
(25.9859 2.84566 -1.57099e-20)
(25.9856 2.84511 -2.54052e-20)
(25.9845 2.8445 1.09791e-20)
(25.9825 2.84388 -1.05953e-20)
(25.9814 2.8434 1.10098e-20)
(25.9853 2.84331 1.53684e-21)
(25.9995 2.84382 -4.59958e-21)
(26.0268 2.84473 -1.68063e-20)
(26.0595 2.84493 3.35838e-20)
(26.0739 2.84222 1.44007e-20)
(26.0335 2.8338 2.06497e-20)
(25.9038 2.81761 1.31206e-20)
(25.6751 2.79402 1.97835e-20)
(25.3781 2.76667 -6.93198e-20)
(25.0801 2.74178 8.63153e-21)
(24.8643 2.72621 -3.4007e-21)
(24.7969 2.72473 5.37693e-20)
(24.8984 2.73777 -5.81146e-21)
(25.1308 2.7608 2.95706e-20)
(25.4135 2.78606 3.19132e-20)
(25.6608 2.8062 1.79044e-20)
(25.8216 2.81766 5.12691e-21)
(25.8942 2.82151 -3.50067e-21)
(25.9095 2.8213 -1.76015e-20)
(25.9027 2.82021 5.09699e-22)
(25.8947 2.81965 1.96589e-20)
(25.8911 2.81967 -1.90539e-20)
(25.8902 2.8199 -5.15067e-23)
(25.8893 2.82008 -3.22955e-23)
(25.8875 2.82021 -2.13675e-22)
(25.885 2.82036 4.64339e-21)
(25.8821 2.82057 3.0341e-20)
(25.8787 2.82088 -5.39023e-20)
(25.8749 2.8213 -1.07261e-19)
(25.8707 2.82186 9.8938e-21)
(25.866 2.8226 1.22554e-19)
(25.861 2.82356 -4.39012e-20)
(25.8555 2.82475 -2.61267e-20)
(25.8497 2.82624 -1.15499e-19)
(25.8435 2.82803 1.13806e-19)
(25.8369 2.8302 2.98542e-19)
(25.83 2.83274 -1.1706e-19)
(25.8229 2.83576 -2.31234e-19)
(25.8155 2.83916 -2.45544e-19)
(25.8079 2.84326 -1.85771e-19)
(25.8013 2.84696 -4.7375e-19)
(25.7957 2.85115 4.21792e-19)
(25.7898 2.8547 4.5242e-19)
(25.7843 2.86157 1.97817e-19)
(25.7778 2.86394 -1.17301e-19)
(25.7736 2.87766 -1.09792e-19)
(25.7659 2.87205 -6.84902e-19)
(25.7673 2.90658 5.40302e-19)
(25.7534 2.86887 -1.11482e-18)
(25.7727 2.96905 7.43091e-20)
(25.7358 2.82109 -5.0709e-18)
(25.7958 3.1264 -6.82109e-19)
(25.7474 2.63276 1.16659e-17)
)
;
    }
    walls
    {
        type            noSlip;
    }
    frontAndBack
    {
        type            empty;
    }
    procBoundary7to3
    {
        type            processor;
        value           nonuniform List<vector> 
16
(
(25.7414 2.39619 2.33073e-18)
(25.7671 2.4478 -2.104e-19)
(25.7893 2.49499 4.8944e-19)
(25.8084 2.53818 -5.55523e-19)
(25.8252 2.57791 3.62444e-19)
(25.8437 2.62334 -3.95678e-20)
(25.8629 2.671 -1.53157e-19)
(25.8792 2.71151 7.32891e-20)
(25.8949 2.74586 7.83096e-20)
(25.8949 2.74586 7.83096e-20)
(25.9085 2.77493 -1.48771e-19)
(25.9222 2.79896 3.33886e-21)
(25.9344 2.81871 1.95375e-20)
(25.9504 2.83312 2.03375e-20)
(25.9597 2.84589 -4.20703e-21)
(25.9818 2.84906 -1.52381e-21)
)
;
    }
    procBoundary7to6
    {
        type            processor;
        value           nonuniform List<vector> 
91
(
(26.0677 2.65483 1.83096e-19)
(25.8567 3.23059 8.07543e-19)
(25.8567 3.23059 8.07543e-19)
(25.9607 2.87534 -1.60758e-16)
(25.9607 2.87534 -1.60758e-16)
(25.9278 3.06807 -8.08193e-19)
(25.9278 3.06807 -8.08193e-19)
(25.9714 2.99469 -7.18381e-18)
(25.9642 2.93741 -4.36372e-18)
(25.9642 2.93741 -4.36372e-18)
(26.0085 2.94964 1.31744e-16)
(25.9915 2.94113 -3.9067e-19)
(25.9915 2.94113 -3.9067e-19)
(26.0587 2.89505 2.41567e-16)
(26.0397 2.91163 3.22204e-16)
(26.0214 2.91926 1.29138e-16)
(26.0214 2.91926 1.29138e-16)
(26.0983 2.84284 6.4617e-17)
(26.0801 2.85996 8.34885e-18)
(26.0638 2.87486 8.98832e-19)
(26.0638 2.87486 8.98832e-19)
(26.1522 2.74423 -1.89825e-17)
(26.136 2.76927 -1.52229e-17)
(26.1187 2.79299 2.44865e-18)
(26.1007 2.81537 1.14621e-18)
(26.1007 2.81537 1.14621e-18)
(26.1768 2.60867 4.69054e-17)
(26.1707 2.63669 -3.53874e-18)
(26.1627 2.66415 -2.68127e-17)
(26.153 2.69091 -1.86464e-16)
(26.1416 2.71685 -3.76527e-19)
(26.1416 2.71685 -3.76527e-19)
(26.1272 2.44057 -3.89819e-17)
(26.1346 2.46439 -1.14814e-17)
(26.1406 2.48891 2.42583e-18)
(26.1449 2.51398 -4.58205e-18)
(26.1475 2.53948 6.10704e-17)
(26.1484 2.56525 5.4668e-18)
(26.1475 2.59114 5.62757e-19)
(26.1475 2.59114 5.62757e-19)
(25.9425 2.30001 8.00433e-19)
(25.9568 2.3087 1.49977e-19)
(25.971 2.31832 4.05642e-19)
(25.9851 2.32891 3.04077e-18)
(25.9991 2.34051 1.43092e-18)
(26.0129 2.35316 -7.29576e-18)
(26.0263 2.36686 -1.90104e-18)
(26.0392 2.38162 1.13114e-18)
(26.0515 2.39745 -1.46891e-18)
(26.0631 2.41433 -6.54853e-18)
(26.0739 2.43222 6.79067e-18)
(26.0837 2.45108 3.74252e-17)
(26.0837 2.45108 3.74252e-17)
(25.7104 2.33901 7.56589e-20)
(25.7095 2.33871 2.23661e-18)
(25.7132 2.33819 3.43276e-18)
(25.7279 2.33796 1.34915e-19)
(25.7468 2.33779 -6.26222e-19)
(25.7335 2.33541 1.38527e-18)
(25.6295 2.32695 -5.44982e-19)
(25.3917 2.30904 -1.03859e-18)
(25.0168 2.28027 3.60057e-20)
(24.5341 2.2413 2.80987e-18)
(23.9936 2.19477 7.56972e-19)
(23.4595 2.14513 -7.70045e-19)
(23.008 2.09858 1.22622e-18)
(22.7191 2.06267 7.11731e-19)
(22.6608 2.045 4.98909e-19)
(22.8654 2.05106 -3.59198e-19)
(23.3124 2.08195 2.92507e-18)
(23.9276 2.13318 5.88483e-18)
(24.595 2.19477 -1.34992e-19)
(25.1805 2.25296 -4.40715e-19)
(25.5753 2.29467 -3.78686e-18)
(25.7528 2.31443 5.41988e-19)
(25.7842 2.31786 -1.02457e-17)
(25.7702 2.31556 1.21891e-17)
(25.7661 2.31431 5.8314e-18)
(25.7775 2.3153 -7.21852e-19)
(25.7938 2.31732 7.49862e-20)
(25.8082 2.31943 -5.46657e-19)
(25.8207 2.32151 -3.71716e-18)
(25.8325 2.32378 2.64582e-18)
(25.8442 2.3264 -4.0644e-19)
(25.8559 2.3294 -6.40967e-18)
(25.8676 2.33283 1.24409e-18)
(25.8793 2.33674 -6.98961e-18)
(25.8911 2.34117 1.5499e-19)
(25.9031 2.34619 -3.61078e-18)
(25.9152 2.35184 -3.3976e-19)
(25.9152 2.35184 -3.3976e-19)
)
;
    }
}


// ************************************************************************* //
