/*--------------------------------*- C++ -*----------------------------------*\
| =========                 |                                                 |
| \\      /  F ield         | OpenFOAM: The Open Source CFD Toolbox           |
|  \\    /   O peration     | Version:  2306                                  |
|   \\  /    A nd           | Website:  www.openfoam.com                      |
|    \\/     M anipulation  |                                                 |
\*---------------------------------------------------------------------------*/
FoamFile
{
    version     2.0;
    format      ascii;
    arch        "LSB;label=32;scalar=64";
    class       volVectorField;
    location    "225";
    object      U;
}
// * * * * * * * * * * * * * * * * * * * * * * * * * * * * * * * * * * * * * //

dimensions      [0 1 -1 0 0 0 0];

internalField   nonuniform List<vector> 
1340
(
(23.0148 2.62814 2.32274e-16)
(22.3232 2.92745 8.31484e-16)
(21.3704 3.13451 2.19431e-15)
(18.76 3.31162 2.3503e-15)
(24.6131 3.1843 -1.09606e-16)
(24.0436 3.42985 -6.39566e-16)
(23.4797 3.64875 -2.2842e-15)
(21.4988 3.71611 -2.43175e-15)
(25.3047 3.04024 1.0427e-16)
(24.778 3.37448 -9.29333e-16)
(24.176 3.62664 4.36399e-15)
(22.3722 3.72657 1.07433e-14)
(25.5877 3.25242 -5.68926e-16)
(25.1553 3.52121 2.56229e-15)
(24.6217 3.69641 -1.99663e-15)
(22.9881 3.75817 -2.11212e-15)
(25.5343 3.00365 -1.7557e-16)
(25.1448 3.32984 -8.64318e-16)
(24.6851 3.54929 2.86182e-15)
(23.3055 3.65975 -3.13082e-15)
(25.5053 3.17078 6.67007e-16)
(25.1218 3.44597 -2.5396e-15)
(24.6592 3.59214 -3.31382e-15)
(23.4371 3.62723 1.0972e-15)
(25.4756 3.01074 -6.06241e-16)
(25.1022 3.2986 1.83852e-15)
(24.6414 3.4605 1.9179e-16)
(23.5122 3.50203 5.70271e-15)
(25.4412 3.05851 6.71686e-16)
(25.0777 3.32417 -6.20872e-16)
(24.6276 3.44626 2.70293e-16)
(23.5786 3.43269 -3.0775e-16)
(25.4118 2.99216 -2.04633e-17)
(25.0594 3.25272 3.24289e-16)
(24.6216 3.37016 3.30543e-16)
(23.6501 3.34296 -4.18831e-16)
(25.3791 2.98072 2.62312e-16)
(25.0386 3.22662 2.11997e-15)
(24.6148 3.3222 -2.5755e-15)
(23.7214 3.26508 2.00828e-15)
(25.3477 2.94333 2.71223e-17)
(25.02 3.17928 -2.47479e-15)
(24.6105 3.2636 4.20601e-15)
(23.7914 3.18857 2.18139e-15)
(25.3155 2.9169 -6.01403e-16)
(25.0013 3.14017 1.60784e-15)
(24.6077 3.21013 -2.36568e-15)
(23.8597 3.11644 -4.09543e-15)
(25.2834 2.8853 7.54223e-16)
(24.9836 3.09696 -2.33015e-15)
(24.6066 3.1558 -2.10584e-16)
(23.926 3.04776 -5.58602e-15)
(25.2512 2.85566 -5.73346e-16)
(24.9664 3.05512 1.59035e-15)
(24.6071 3.10329 4.19017e-16)
(23.9903 2.98301 3.55977e-15)
(25.2191 2.82521 1.42178e-16)
(24.9498 3.01272 6.88287e-16)
(24.609 3.05175 1.7655e-15)
(24.0523 2.92223 -1.79291e-15)
(25.187 2.79529 8.35985e-17)
(24.9339 2.97081 -1.06232e-15)
(24.6124 3.00173 -2.50898e-15)
(24.1119 2.86536 -1.5637e-15)
(25.1553 2.76564 -1.99135e-17)
(24.9186 2.92935 5.55762e-16)
(24.6171 2.95329 -8.82704e-16)
(24.1691 2.81255 4.30808e-15)
(25.1239 2.73662 3.64955e-16)
(24.9041 2.88868 -1.71227e-15)
(24.6229 2.90658 1.52065e-15)
(24.2237 2.76365 -3.23889e-15)
(25.0929 2.70837 -1.07539e-15)
(24.8902 2.84903 4.59595e-16)
(24.6298 2.86181 1.14622e-15)
(24.2759 2.71876 5.16412e-15)
(25.0626 2.68112 5.71546e-16)
(24.8771 2.81065 1.34718e-15)
(24.6376 2.81912 -1.18477e-15)
(24.3254 2.67778 -3.16531e-15)
(25.033 2.6551 -1.69925e-16)
(24.8647 2.77382 -1.10117e-15)
(24.6461 2.77864 -5.84442e-16)
(24.3724 2.6406 6.50082e-16)
(25.0043 2.63051 5.04041e-17)
(24.853 2.73875 1.82507e-16)
(24.6553 2.74057 7.81341e-16)
(24.4168 2.60721 -9.95697e-18)
(24.9765 2.60759 3.66541e-16)
(24.8421 2.70572 3.76972e-17)
(24.6651 2.70501 9.8146e-16)
(24.4587 2.57741 -8.34e-16)
(24.9499 2.58654 -2.99582e-16)
(24.832 2.67493 -3.32608e-16)
(24.6752 2.67213 -2.03172e-15)
(24.4982 2.55116 5.18103e-16)
(24.9246 2.56757 2.32417e-16)
(24.8228 2.64661 7.11675e-16)
(24.6855 2.64203 8.03929e-16)
(24.5353 2.52829 4.59248e-16)
(24.9007 2.55086 -5.97486e-16)
(24.8144 2.62093 -4.36223e-18)
(24.6961 2.61485 1.36928e-15)
(24.5702 2.5087 6.97159e-16)
(24.8783 2.5366 5.42029e-16)
(24.8069 2.59809 4.48085e-16)
(24.7067 2.59066 -1.09428e-15)
(24.6029 2.49225 -1.77267e-15)
(24.8577 2.52491 1.69896e-17)
(24.8004 2.5782 -1.48851e-16)
(24.7174 2.56955 7.87877e-16)
(24.6335 2.47884 1.15276e-15)
(24.8388 2.51594 -3.3383e-17)
(24.7948 2.56139 -4.81592e-16)
(24.7281 2.55159 -1.15857e-15)
(24.6622 2.46834 -1.41346e-15)
(24.822 2.50975 -1.44403e-16)
(24.7904 2.54774 -3.19595e-16)
(24.7387 2.53681 5.70295e-16)
(24.689 2.46066 -9.27418e-17)
(24.8072 2.50643 -1.33155e-16)
(24.787 2.53731 -8.01777e-17)
(24.7494 2.52523 6.45006e-17)
(24.7142 2.45569 1.37342e-15)
(24.7946 2.50597 -1.71189e-16)
(24.7849 2.53011 4.6401e-16)
(24.76 2.51683 1.98551e-16)
(24.7378 2.45334 1.30341e-15)
(24.7843 2.50837 -5.67163e-17)
(24.784 2.52613 -1.58901e-16)
(24.7707 2.5116 -4.90801e-16)
(24.7599 2.45354 -1.19608e-15)
(24.7763 2.51356 3.39815e-16)
(24.7845 2.52531 2.02245e-16)
(24.7815 2.50946 -2.66398e-18)
(24.7809 2.45617 -8.23507e-16)
(24.7708 2.52147 -7.66223e-17)
(24.7863 2.52757 -7.15577e-16)
(24.7925 2.51034 5.89992e-16)
(24.8007 2.46117 3.98838e-16)
(24.7678 2.53197 1.22723e-16)
(24.7896 2.53279 4.59412e-16)
(24.8037 2.51412 -7.37438e-16)
(24.8196 2.46844 -7.31369e-16)
(24.7674 2.54491 -1.20336e-16)
(24.7944 2.54083 -2.18499e-16)
(24.8154 2.52067 3.68846e-16)
(24.8378 2.47788 2.45348e-16)
(24.7695 2.56009 2.05982e-16)
(24.8008 2.55151 4.87077e-17)
(24.8275 2.52985 -4.44077e-16)
(24.8553 2.4894 1.03463e-15)
(24.7322 2.58433 -1.27716e-16)
(24.7741 2.57732 5.47328e-17)
(24.8088 2.56464 -2.45297e-16)
(24.8402 2.54147 7.91544e-16)
(24.8725 2.50286 -1.69631e-16)
(24.7384 2.60842 3.59793e-16)
(24.7812 2.59637 -6.02698e-16)
(24.8185 2.57999 9.64912e-16)
(24.8535 2.55534 3.81232e-17)
(24.8895 2.51816 4.27839e-17)
(24.7477 2.63346 -1.06559e-16)
(24.7907 2.61701 1.20084e-16)
(24.8298 2.59733 -5.53008e-16)
(24.8676 2.57127 -8.89808e-16)
(24.9063 2.53514 -2.32546e-17)
(24.7598 2.65921 -1.40561e-16)
(24.8025 2.63897 3.65186e-16)
(24.8427 2.61641 -1.01492e-16)
(24.8825 2.58903 3.35053e-16)
(24.9232 2.55367 -5.36437e-16)
(24.7746 2.68545 2.41897e-16)
(24.8166 2.66203 2.92564e-16)
(24.8572 2.637 2.87061e-16)
(24.8983 2.6084 9.69742e-17)
(24.9403 2.57359 5.27209e-16)
(24.7919 2.71197 3.34133e-17)
(24.8328 2.68594 -9.77385e-17)
(24.8733 2.65883 -3.35583e-16)
(24.915 2.62915 4.06642e-16)
(24.9577 2.59473 2.44209e-16)
(24.8115 2.73857 -2.48045e-17)
(24.851 2.71045 -3.56506e-16)
(24.891 2.68164 2.35514e-16)
(24.9327 2.65106 -3.03963e-16)
(24.9755 2.61691 -1.03685e-16)
(24.8331 2.76507 7.97509e-17)
(24.8711 2.73535 7.52994e-17)
(24.9101 2.70522 -1.44972e-16)
(24.9513 2.67389 -3.24146e-16)
(24.9938 2.63997 -5.63523e-16)
(24.8567 2.79129 -6.19953e-17)
(24.8928 2.76042 3.39384e-16)
(24.9305 2.72931 -2.87204e-17)
(24.9709 2.69743 3.76902e-16)
(25.0127 2.66373 3.48262e-16)
(24.8818 2.81709 1.05164e-16)
(24.9161 2.78547 -2.71838e-16)
(24.9523 2.75371 -3.32699e-17)
(24.9915 2.72147 1.31498e-16)
(25.0322 2.688 -5.45541e-16)
(24.9085 2.84235 2.01537e-16)
(24.9407 2.81033 -3.39995e-16)
(24.9752 2.77822 1.06755e-16)
(25.013 2.7458 3.83731e-16)
(25.0523 2.71262 5.75784e-17)
(24.9363 2.86694 -1.14203e-16)
(24.9665 2.83485 2.05102e-17)
(24.9992 2.80266 -1.99557e-16)
(25.0354 2.77025 1.35173e-16)
(25.0731 2.73743 -1.34347e-16)
(24.9652 2.8908 1.14747e-16)
(24.9934 2.8589 1.7551e-16)
(25.0242 2.82686 -1.14793e-17)
(25.0586 2.79464 -4.1386e-16)
(25.0945 2.76227 -1.95781e-16)
(24.9949 2.91384 -4.95999e-17)
(25.0211 2.88236 -3.11427e-16)
(25.05 2.85069 4.37863e-16)
(25.0825 2.81881 -3.39036e-16)
(25.1165 2.78698 8.81029e-17)
(25.0032 2.96691 2.06436e-17)
(25.0252 2.936 -6.30213e-17)
(25.0495 2.90514 -5.80944e-17)
(25.0764 2.87402 1.85775e-16)
(25.107 2.84264 4.49019e-16)
(25.1392 2.81144 -5.65646e-17)
(25.0357 2.9873 -6.3272e-17)
(25.0559 2.95725 -3.11583e-16)
(25.0783 2.92716 4.72521e-16)
(25.1034 2.89675 -2.53571e-16)
(25.132 2.866 3.34805e-16)
(25.1622 2.83553 -1.24336e-16)
(25.0682 3.00662 1.60846e-16)
(25.0867 2.97755 7.19903e-17)
(25.1074 2.94835 -2.36348e-16)
(25.1306 2.91877 1.60227e-16)
(25.1573 2.88877 -4.6849e-17)
(25.1855 2.85911 9.10222e-17)
(25.1006 3.02488 4.45349e-17)
(25.1174 2.99687 -5.11604e-17)
(25.1364 2.96867 5.50638e-17)
(25.1579 2.94002 -1.48773e-16)
(25.1827 2.91087 -1.07651e-16)
(25.209 2.8821 -6.5138e-18)
(25.1324 3.04211 -1.64312e-16)
(25.1478 3.01521 2.02675e-16)
(25.1652 2.98808 8.62886e-17)
(25.185 2.96045 2.17476e-16)
(25.208 2.93223 -6.01427e-17)
(25.2325 2.90441 1.16713e-16)
(25.1637 3.05831 7.719e-17)
(25.1777 3.03257 2.05925e-16)
(25.1937 3.00656 -2.00207e-16)
(25.2119 2.98 -1.81492e-16)
(25.2332 2.95278 8.05432e-17)
(25.2558 2.92597 -2.3635e-16)
(25.1943 3.07353 -3.37742e-17)
(25.2071 3.04897 -9.58204e-17)
(25.2217 3.02411 2.04951e-16)
(25.2384 2.99866 -3.17941e-16)
(25.258 2.97249 -6.37353e-17)
(25.279 2.94673 3.0302e-16)
(25.2242 3.08782 -2.95123e-16)
(25.2358 3.06445 2.57502e-16)
(25.2491 3.04075 -5.95819e-17)
(25.2644 3.01644 5.97496e-17)
(25.2825 2.99135 2.83682e-17)
(25.3018 2.96667 -2.29153e-16)
(25.2533 3.10121 8.99202e-17)
(25.2639 3.07902 -2.64706e-16)
(25.276 3.05648 1.83706e-16)
(25.29 3.03333 6.16863e-17)
(25.3067 3.00934 -3.56117e-16)
(25.3244 2.98578 1.52544e-16)
(25.2732 3.13463 3.31019e-18)
(25.2816 3.11374 -5.79683e-17)
(25.2912 3.09271 5.06562e-17)
(25.3022 3.07134 5.48162e-17)
(25.315 3.04934 -1.43397e-16)
(25.3303 3.02647 -6.31403e-17)
(25.3466 3.00402 7.81056e-17)
(25.3011 3.14519 -2.6001e-16)
(25.3087 3.12543 1.03296e-16)
(25.3174 3.10554 8.81874e-17)
(25.3275 3.0853 -3.20829e-17)
(25.3392 3.06445 1.98736e-16)
(25.3531 3.0427 -2.14604e-16)
(25.3681 3.02138 -9.94363e-17)
(25.3276 3.15496 -3.62497e-18)
(25.3344 3.1363 1.85957e-16)
(25.3423 3.11751 -1.55284e-16)
(25.3515 3.09839 -1.839e-16)
(25.3622 3.07867 1.6144e-16)
(25.375 3.05803 4.39172e-16)
(25.3888 3.03784 -1.37955e-16)
(25.3524 3.16393 6.46091e-17)
(25.3586 3.14633 -7.89526e-18)
(25.3657 3.12861 -1.28135e-17)
(25.374 3.11059 -7.34104e-18)
(25.3838 3.09197 2.64464e-16)
(25.3955 3.07243 -6.02061e-17)
(25.4082 3.05335 -3.52937e-16)
(25.3753 3.17215 -1.23014e-16)
(25.3809 3.15558 1.56102e-16)
(25.3874 3.13891 3.90109e-17)
(25.395 3.12194 -9.64983e-17)
(25.4038 3.10441 -1.24988e-16)
(25.4146 3.08597 5.00588e-17)
(25.4262 3.06799 3.31642e-17)
(25.3965 3.17959 5.13844e-17)
(25.4015 3.16399 -8.8005e-17)
(25.4074 3.14833 2.31729e-16)
(25.4142 3.1324 -1.97262e-16)
(25.4223 3.11592 2.8613e-16)
(25.4321 3.09854 -1.74308e-16)
(25.4428 3.08165 3.01381e-16)
(25.4129 3.18533 -1.34654e-16)
(25.4175 3.17055 -4.89016e-18)
(25.4229 3.15573 -9.92754e-17)
(25.4292 3.14066 -6.37989e-18)
(25.4367 3.12508 -5.29789e-17)
(25.4459 3.10864 -8.81233e-17)
(25.4559 3.09272 9.97863e-17)
(25.4255 3.18983 -1.90754e-16)
(25.4299 3.17573 -2.79795e-17)
(25.4349 3.16162 1.19512e-16)
(25.4409 3.14729 -1.62836e-18)
(25.448 3.13248 -1.14718e-16)
(25.4566 3.11686 1.34751e-17)
(25.4662 3.10178 -1.61922e-16)
(25.4381 3.19421 3.01235e-17)
(25.4421 3.18082 8.36956e-17)
(25.4468 3.16743 -7.07275e-17)
(25.4524 3.15387 -1.02249e-16)
(25.459 3.13987 -1.99765e-16)
(25.4671 3.1251 4.81579e-16)
(25.4761 3.11091 -2.77296e-16)
(25.4503 3.19844 7.58489e-17)
(25.454 3.18575 -2.87866e-17)
(25.4583 3.1731 2.39135e-17)
(25.4635 3.1603 -1.52128e-16)
(25.4697 3.14712 2.49789e-16)
(25.4773 3.13321 -2.73327e-16)
(25.4857 3.11992 3.18902e-16)
(25.4595 3.21458 1.00676e-16)
(25.4622 3.20247 4.99417e-17)
(25.4656 3.19052 -4.68672e-17)
(25.4696 3.17864 -4.39574e-17)
(25.4744 3.16665 -9.69426e-17)
(25.4801 3.15432 -1.03877e-16)
(25.4872 3.14131 3.03313e-16)
(25.495 3.12892 -1.4844e-16)
(25.4712 3.2175 -4.9223e-17)
(25.4736 3.20607 8.39783e-17)
(25.4766 3.19484 -8.87736e-17)
(25.4802 3.18372 -8.00351e-17)
(25.4845 3.17253 8.1063e-17)
(25.4898 3.16109 1.65056e-16)
(25.4963 3.14906 -3.55208e-17)
(25.5037 3.13781 7.06457e-17)
(25.4817 3.22043 1.57779e-16)
(25.4837 3.20969 -1.86892e-16)
(25.4862 3.19916 2.19002e-16)
(25.4893 3.18874 -1.79439e-16)
(25.4931 3.17827 -2.09932e-16)
(25.4978 3.16754 3.23462e-16)
(25.5035 3.15624 -2.28234e-16)
(25.5099 3.14539 1.50277e-16)
(25.4892 3.22154 2.25647e-17)
(25.4907 3.21171 -1.62852e-16)
(25.4927 3.20218 1.07647e-16)
(25.4953 3.19287 -2.99849e-17)
(25.4984 3.18362 -1.23505e-16)
(25.5025 3.1743 3.55587e-16)
(25.5077 3.16468 -2.12196e-16)
(25.5142 3.15651 3.63154e-17)
(25.4904 3.22165 -8.08489e-17)
(25.4908 3.21161 -8.18398e-17)
(25.4917 3.20182 -1.31205e-16)
(25.4933 3.1922 2.34073e-16)
(25.4954 3.18263 4.01051e-17)
(25.4982 3.17285 -8.33759e-17)
(25.5014 3.16241 2.44886e-16)
(25.5045 3.15133 -3.14271e-16)
(25.488 3.22834 1.02677e-16)
(25.4879 3.22134 3.33704e-17)
(25.4882 3.21469 -1.52593e-16)
(25.4888 3.20829 -1.04645e-16)
(25.49 3.20205 4.4593e-17)
(25.4923 3.19611 5.4486e-17)
(25.497 3.19072 -1.35404e-16)
(25.5048 3.18914 1.25855e-17)
(25.4746 3.18436 -1.37079e-16)
(25.4744 3.17323 1.08499e-16)
(25.4749 3.16261 9.6194e-17)
(25.4762 3.15244 -7.44418e-17)
(25.4778 3.14256 3.17702e-16)
(25.4791 3.13232 -4.42106e-16)
(25.4775 3.12069 1.76811e-16)
(25.472 3.10524 -2.70862e-16)
(25.514 3.32284 1.5494e-16)
(25.5146 3.32122 -1.20985e-16)
(25.5152 3.31965 1.02513e-17)
(25.516 3.31818 6.46414e-17)
(25.518 3.31702 -8.5742e-17)
(25.5228 3.31688 -1.5082e-16)
(25.5359 3.31922 1.7168e-16)
(25.5565 3.32824 -4.0828e-17)
(25.5614 2.96042 1.19337e-16)
(25.5666 2.94805 1.4555e-16)
(25.5725 2.9363 -1.16543e-16)
(25.5786 2.92491 -3.1056e-16)
(25.5834 2.91341 4.15748e-16)
(25.5849 2.90164 -3.53363e-16)
(25.5748 2.88841 8.58103e-16)
(25.556 2.87987 -5.39677e-16)
(18.5683 1.39463 7.95966e-19)
(21.2031 1.296 1.58813e-17)
(22.1299 1.36507 8.00064e-19)
(22.6394 1.45999 -3.64629e-19)
(22.9099 1.52659 1.42855e-18)
(23.039 1.61051 9.90323e-19)
(23.1319 1.66812 -2.16023e-20)
(23.2237 1.74185 1.97918e-19)
(23.3188 1.80089 2.4844e-19)
(23.4131 1.85988 0)
(23.5057 1.91347 -2.12211e-17)
(23.5962 1.96271 3.65643e-19)
(23.6844 2.00778 -1.29409e-19)
(23.77 2.04865 -1.42192e-19)
(23.8527 2.08554 9.87686e-20)
(23.9324 2.11856 2.8885e-17)
(24.0088 2.14809 4.74653e-17)
(24.0819 2.17413 8.29837e-21)
(24.1516 2.19718 -9.39644e-21)
(24.2177 2.21746 3.80563e-20)
(24.2802 2.23532 -7.53369e-20)
(24.3391 2.25111 1.18738e-20)
(24.3945 2.26513 1.16887e-19)
(24.4465 2.27778 5.97101e-20)
(24.4951 2.28933 3.20028e-19)
(24.5404 2.30012 -4.33537e-20)
(24.5826 2.31042 5.56331e-19)
(24.6219 2.3205 3.90968e-19)
(24.6583 2.3306 4.02798e-20)
(24.6922 2.34092 2.77633e-19)
(24.7236 2.35164 -7.08265e-19)
(24.7528 2.36292 -8.42907e-17)
(24.7799 2.37489 -3.28047e-17)
(24.8052 2.38766 2.14702e-18)
(24.8289 2.40132 -2.12492e-18)
(24.8511 2.41594 -1.61243e-18)
(24.872 2.43156 3.0639e-18)
(24.8919 2.44822 6.23273e-19)
(24.9109 2.46593 5.28163e-19)
(24.9293 2.48467 -2.26025e-18)
(24.9471 2.50443 -1.17534e-16)
(24.9645 2.52515 2.55816e-18)
(24.9818 2.54678 -3.15136e-17)
(24.9991 2.56924 -9.02122e-17)
(25.0164 2.59243 2.43999e-18)
(25.0339 2.61625 -7.71834e-17)
(25.0518 2.64059 1.60465e-18)
(25.07 2.66532 1.44797e-18)
(25.0887 2.69033 1.36159e-16)
(25.1079 2.71548 3.07586e-19)
(25.1276 2.74065 1.88052e-18)
(25.1479 2.76572 -2.18886e-16)
(25.1687 2.79057 -5.55717e-19)
(25.1899 2.81508 1.36321e-17)
(25.2114 2.83914 -7.71293e-20)
(25.2331 2.86266 -3.38176e-19)
(25.2548 2.88554 -1.46297e-18)
(25.2764 2.90773 5.52294e-17)
(25.2979 2.92916 1.2599e-17)
(25.3193 2.94981 1.2888e-16)
(25.3404 2.96964 2.35491e-16)
(25.3612 2.98864 1.49162e-16)
(25.3815 3.00676 5.51755e-17)
(25.4009 3.02399 2.15686e-19)
(25.4192 3.04029 2.53217e-18)
(25.4362 3.0557 5.83623e-17)
(25.4518 3.07012 -4.92714e-17)
(25.4642 3.08188 -1.14098e-18)
(25.4739 3.09151 2.22165e-18)
(25.4833 3.10126 -1.40862e-16)
(25.4924 3.11092 -1.42419e-16)
(25.5011 3.12055 8.86096e-19)
(25.5093 3.13023 1.00471e-16)
(25.5149 3.13822 -1.28001e-16)
(25.5187 3.15094 0)
(25.5072 3.14439 -2.04537e-17)
(25.5091 3.18758 -1.25262e-17)
(25.4716 3.09655 2.55614e-16)
(25.5658 3.33331 -5.89184e-18)
(25.5539 2.87847 -2.84035e-16)
(21.0302 1.27894 -5.28264e-18)
(22.8627 1.27104 -4.90074e-18)
(23.6066 1.33735 8.65947e-18)
(23.8936 1.37493 -3.91005e-18)
(23.9993 1.40437 2.83446e-17)
(24.0272 1.43433 1.30442e-17)
(24.0459 1.46189 -3.2513e-19)
(24.0696 1.49603 3.42942e-18)
(24.0967 1.52816 5.19228e-18)
(24.1252 1.56422 0)
(24.1549 1.6009 2.41374e-17)
(24.1857 1.63889 1.38966e-17)
(24.2174 1.67784 -6.54008e-18)
(24.25 1.71738 -1.01519e-17)
(24.2834 1.75721 3.77116e-17)
(24.3174 1.79707 -3.74657e-17)
(24.3519 1.83666 -4.72889e-17)
(24.3867 1.87567 4.62889e-18)
(24.4216 1.91383 3.22548e-17)
(24.4565 1.95097 6.38113e-18)
(24.4912 1.98684 -5.70784e-18)
(24.5255 2.02136 1.93332e-17)
(24.5594 2.05434 -9.76988e-18)
(24.5925 2.08579 1.20545e-18)
(24.6247 2.11568 4.55699e-18)
(24.6561 2.14406 -1.21416e-17)
(24.6864 2.17097 4.41931e-18)
(24.7155 2.19655 2.42644e-18)
(24.7435 2.22094 2.00187e-19)
(24.7702 2.2443 1.12969e-18)
(24.7957 2.26679 -2.40801e-18)
(24.82 2.2886 8.3423e-17)
(24.8431 2.30993 9.92911e-17)
(24.865 2.33092 4.74548e-18)
(24.8859 2.35176 -5.03269e-17)
(24.9058 2.37258 -2.77603e-17)
(24.9248 2.39353 3.19809e-17)
(24.943 2.41472 9.59048e-19)
(24.9605 2.43623 9.79657e-18)
(24.9775 2.45814 -5.27166e-17)
(24.994 2.4805 3.35462e-17)
(25.0103 2.50333 1.04845e-16)
(25.0263 2.52665 3.09623e-17)
(25.0423 2.55044 9.47949e-17)
(25.0582 2.57466 1.27802e-16)
(25.0744 2.59927 6.75948e-17)
(25.0907 2.62422 7.56072e-17)
(25.1074 2.64942 -9.20161e-17)
(25.1245 2.67478 -1.31097e-16)
(25.142 2.70023 -8.94632e-17)
(25.1601 2.72566 2.18921e-18)
(25.1786 2.75097 1.52858e-16)
(25.1976 2.77606 1.18474e-17)
(25.217 2.80084 -2.95563e-17)
(25.2368 2.82519 -9.11187e-20)
(25.2567 2.84904 -9.95313e-17)
(25.2767 2.87229 7.75879e-18)
(25.2967 2.89487 -1.08313e-16)
(25.3166 2.91675 -2.44064e-16)
(25.3364 2.93787 -2.69052e-17)
(25.3561 2.9582 -2.31418e-16)
(25.3756 2.97772 1.24582e-17)
(25.3945 2.99639 -8.05994e-19)
(25.4127 3.01418 3.0658e-16)
(25.4299 3.03104 3.73035e-17)
(25.4458 3.04702 -6.37952e-17)
(25.4605 3.062 4.72621e-17)
(25.4722 3.07425 -5.8869e-17)
(25.4812 3.0843 6.57392e-17)
(25.49 3.09451 1.40067e-16)
(25.4985 3.10464 1.39238e-16)
(25.5066 3.11475 1.08118e-18)
(25.5142 3.125 -1.02197e-16)
(25.5192 3.13336 1.24747e-16)
(25.522 3.14701 0)
(25.5104 3.14013 2.13251e-17)
(25.51 3.18567 1.46286e-18)
(25.4772 3.09292 -3.45932e-16)
(25.5634 3.33368 5.72449e-18)
(25.5674 2.88216 2.82224e-16)
(22.722 1.37119 4.46845e-18)
(23.9328 1.41496 9.30134e-18)
(24.4727 1.4658 1.14394e-18)
(24.6165 1.49594 -1.14238e-18)
(24.6458 1.52619 -5.57711e-18)
(24.647 1.55333 4.32212e-18)
(24.6506 1.58134 -1.15807e-19)
(24.6572 1.60906 3.09426e-18)
(24.6641 1.63593 1.84653e-17)
(24.671 1.66314 0)
(24.6777 1.68954 -9.46362e-18)
(24.6845 1.716 7.10349e-18)
(24.6915 1.74221 -3.58334e-18)
(24.6986 1.76834 -1.53409e-17)
(24.7061 1.79442 -1.9156e-17)
(24.714 1.82061 7.92531e-18)
(24.7224 1.84683 3.41297e-17)
(24.7313 1.87329 2.55991e-17)
(24.7408 1.89983 -3.77057e-17)
(24.751 1.92658 5.42514e-18)
(24.7618 1.95347 -6.43532e-17)
(24.7734 1.98051 -2.75999e-17)
(24.7855 2.0076 5.5749e-18)
(24.7984 2.03469 -1.64805e-17)
(24.8118 2.06173 4.88067e-18)
(24.8258 2.08863 1.59321e-17)
(24.8402 2.11531 5.05479e-17)
(24.855 2.14173 2.83234e-18)
(24.8702 2.16783 2.37998e-19)
(24.8855 2.19358 -8.18291e-18)
(24.9009 2.21896 -3.75957e-17)
(24.9163 2.24398 1.42305e-17)
(24.9317 2.26867 -1.89663e-18)
(24.9469 2.29306 5.83161e-17)
(24.962 2.31722 4.06684e-17)
(24.9769 2.3412 -4.71849e-17)
(24.9915 2.36508 -2.07588e-17)
(25.006 2.38892 1.10539e-18)
(25.0202 2.41281 -7.4208e-17)
(25.0343 2.43679 2.97572e-18)
(25.0483 2.46093 -4.71617e-17)
(25.0621 2.48526 -9.71715e-17)
(25.076 2.5098 -3.15017e-17)
(25.0899 2.53458 -5.57356e-17)
(25.1039 2.55958 -2.90505e-18)
(25.1181 2.58479 -5.16278e-18)
(25.1326 2.61019 -8.18248e-17)
(25.1474 2.63572 5.88205e-18)
(25.1626 2.66133 2.34655e-18)
(25.1783 2.68696 1.568e-16)
(25.1945 2.71253 -3.27297e-17)
(25.2111 2.73797 -1.14025e-16)
(25.2283 2.76319 1.71471e-16)
(25.2459 2.78811 2.62172e-17)
(25.2638 2.81263 7.61563e-17)
(25.2819 2.83668 1.69479e-16)
(25.3001 2.86017 -2.09995e-18)
(25.3184 2.88304 1.04756e-16)
(25.3366 2.90523 4.43443e-18)
(25.3549 2.92672 -4.35758e-19)
(25.3731 2.94745 1.82541e-18)
(25.3911 2.9674 -7.74671e-19)
(25.4087 2.98652 -8.38226e-19)
(25.4256 3.00478 -2.8915e-16)
(25.4416 3.02214 -3.07204e-17)
(25.4564 3.03862 -3.26568e-18)
(25.47 3.05412 -4.76898e-17)
(25.4808 3.06682 -4.93697e-19)
(25.4892 3.07726 -5.98371e-17)
(25.4973 3.08789 -1.71838e-16)
(25.5051 3.09847 -1.37919e-16)
(25.5126 3.10904 -8.19955e-17)
(25.5195 3.11983 -6.22851e-17)
(25.524 3.1286 -1.76683e-18)
(25.5255 3.14301 0)
(25.5142 3.1362 -5.34405e-17)
(25.5105 3.18321 4.28796e-16)
(25.4845 3.09046 3.42778e-16)
(25.5596 3.33279 -5.28104e-18)
(25.5836 2.8861 -9.08748e-19)
(23.7242 1.48082 -4.95563e-19)
(24.5066 1.51803 -6.32062e-18)
(24.8282 1.54505 1.47919e-18)
(24.8708 1.5637 -2.90587e-19)
(24.87 1.58374 8.19082e-18)
(24.8687 1.6031 1.06876e-18)
(24.8721 1.62456 -2.89148e-20)
(24.8766 1.646 1.70466e-19)
(24.8811 1.66837 -9.20813e-19)
(24.8855 1.69125 0)
(24.8898 1.71444 1.27362e-18)
(24.8942 1.73816 2.10879e-18)
(24.8985 1.76207 -1.12187e-18)
(24.9029 1.78624 -9.86982e-19)
(24.9072 1.81055 2.27612e-17)
(24.9117 1.83496 9.63275e-18)
(24.9162 1.85938 -3.58661e-18)
(24.9208 1.88384 -9.88934e-19)
(24.9255 1.90823 2.29149e-17)
(24.9304 1.93261 2.65009e-18)
(24.9355 1.95693 4.10678e-18)
(24.9408 1.98121 2.30565e-17)
(24.9464 2.00547 4.95557e-17)
(24.9523 2.02971 -1.2836e-17)
(24.9586 2.05396 3.28035e-18)
(24.9652 2.07824 -8.77977e-19)
(24.9723 2.10255 -4.10283e-17)
(24.9797 2.12691 2.24101e-18)
(24.9876 2.15131 1.97379e-19)
(24.9958 2.17577 2.07708e-18)
(25.0045 2.20026 5.13076e-19)
(25.0135 2.22479 -1.61389e-18)
(25.0229 2.24934 -2.33686e-17)
(25.0325 2.27391 -1.6004e-17)
(25.0424 2.2985 -7.11947e-17)
(25.0525 2.3231 1.52656e-18)
(25.0628 2.34773 1.24653e-16)
(25.0733 2.3724 1.13872e-18)
(25.0839 2.39712 6.63779e-17)
(25.0947 2.42191 -1.83114e-17)
(25.1056 2.4468 6.84997e-17)
(25.1167 2.47179 9.27434e-17)
(25.128 2.4969 -2.46354e-17)
(25.1395 2.52214 6.32642e-18)
(25.1512 2.5475 -4.07943e-17)
(25.1632 2.57298 -5.26505e-18)
(25.1756 2.59855 2.51139e-18)
(25.1884 2.62419 5.96404e-18)
(25.2016 2.64985 2.37405e-18)
(25.2153 2.67549 -2.57882e-18)
(25.2295 2.70106 3.75367e-18)
(25.2442 2.72649 3.43717e-18)
(25.2595 2.75171 -1.63335e-19)
(25.2752 2.77664 -1.62892e-18)
(25.2912 2.80121 -1.1122e-16)
(25.3075 2.82534 -1.62879e-16)
(25.3239 2.84896 -8.13746e-17)
(25.3405 2.872 -1.58119e-18)
(25.3571 2.89442 2.17187e-16)
(25.3737 2.91616 -4.42417e-19)
(25.3905 2.9372 2.15666e-16)
(25.407 2.9575 -7.8897e-19)
(25.4233 2.977 -8.55161e-19)
(25.4389 2.99567 -8.00143e-20)
(25.4536 3.01346 3.38499e-18)
(25.4673 3.0304 -3.35121e-18)
(25.4798 3.04636 -2.17301e-19)
(25.4898 3.05949 -5.08965e-19)
(25.4975 3.0703 3.01775e-18)
(25.5049 3.08134 2.67786e-18)
(25.5121 3.09235 4.9429e-19)
(25.519 3.10336 2.47042e-18)
(25.5251 3.11467 -3.14912e-19)
(25.529 3.12389 -1.88242e-18)
(25.5293 3.13898 0)
(25.5181 3.13245 1.32469e-18)
(25.5116 3.18052 -1.67078e-17)
(25.4913 3.08843 -9.11733e-17)
(25.5583 3.33177 -1.80597e-19)
(25.5973 2.88918 -6.42154e-19)
(24.4854 1.62322 -6.1771e-18)
(24.9391 1.64511 9.68449e-19)
(25.0684 1.65978 1.21213e-18)
(25.0584 1.67074 -3.21864e-19)
(25.0533 1.68257 7.15597e-18)
(25.0527 1.69485 1.65758e-17)
(25.0543 1.70825 -9.31776e-18)
(25.0557 1.72192 8.82647e-19)
(25.0568 1.73649 -1.3954e-18)
(25.0577 1.75162 0)
(25.0585 1.76745 1.55828e-17)
(25.0592 1.78402 2.18368e-17)
(25.0599 1.80126 -8.64513e-18)
(25.0605 1.81923 -9.35111e-18)
(25.0612 1.83788 2.997e-19)
(25.062 1.85717 -1.12935e-18)
(25.0629 1.87711 -4.52634e-19)
(25.0639 1.89763 -9.55394e-19)
(25.0651 1.91868 -3.44492e-17)
(25.0665 1.94023 3.52977e-18)
(25.0681 1.9622 3.13164e-18)
(25.0699 1.98453 -1.27778e-17)
(25.072 2.00718 -2.30482e-18)
(25.0744 2.03011 4.04765e-18)
(25.0771 2.05323 2.74076e-17)
(25.08 2.07654 6.99481e-18)
(25.0833 2.09999 3.85742e-17)
(25.087 2.12355 2.29992e-17)
(25.0909 2.14723 2.8797e-17)
(25.0952 2.17099 1.70311e-17)
(25.0998 2.19485 5.60069e-17)
(25.1048 2.21879 -2.50811e-17)
(25.1101 2.24281 -2.72797e-17)
(25.1158 2.26694 3.43047e-17)
(25.1218 2.29115 -9.76691e-18)
(25.1282 2.31546 2.01961e-17)
(25.1349 2.33987 -2.97198e-18)
(25.1419 2.36438 -4.05829e-17)
(25.1492 2.389 1.5242e-17)
(25.1569 2.41373 1.30401e-17)
(25.1648 2.43857 -3.70384e-17)
(25.1731 2.46352 -8.78483e-17)
(25.1817 2.48858 5.47689e-17)
(25.1906 2.51375 6.51035e-18)
(25.2 2.53901 -6.91446e-17)
(25.2097 2.56436 -5.41882e-18)
(25.2198 2.58978 1.99278e-18)
(25.2304 2.61524 4.85871e-17)
(25.2415 2.64071 5.58937e-17)
(25.2532 2.66616 4.79765e-17)
(25.2654 2.69153 7.30627e-19)
(25.2781 2.71677 2.33952e-16)
(25.2914 2.74183 -1.68566e-19)
(25.3052 2.76663 -2.61524e-17)
(25.3194 2.7911 1.04802e-16)
(25.3338 2.81518 4.30327e-17)
(25.3485 2.8388 -1.15586e-16)
(25.3633 2.86189 -1.64853e-18)
(25.3782 2.88441 1.02137e-17)
(25.3933 2.90632 2.28511e-17)
(25.4085 2.92757 -4.34627e-18)
(25.4236 2.94812 -1.26031e-17)
(25.4385 2.96791 -2.11165e-16)
(25.4528 2.98691 2.67112e-16)
(25.4662 3.00507 1.42896e-16)
(25.4787 3.02241 -3.56961e-18)
(25.4902 3.0388 -2.32093e-19)
(25.4993 3.05231 -1.00352e-16)
(25.5062 3.06346 3.23583e-18)
(25.513 3.07489 3.74481e-17)
(25.5195 3.08631 5.32815e-19)
(25.5257 3.09777 2.23727e-16)
(25.5312 3.10958 -3.41766e-19)
(25.5344 3.11925 -1.21105e-16)
(25.5335 3.13495 0)
(25.5222 3.12882 -1.82312e-17)
(25.5134 3.17774 1.2474e-17)
(25.4978 3.08667 8.87056e-17)
(25.5589 3.3307 1.40707e-19)
(25.6098 2.89188 -6.14055e-19)
(25.0316 1.75438 -4.28671e-19)
(25.2274 1.76431 8.67341e-19)
(25.2401 1.77367 -8.49949e-19)
(25.2246 1.78152 -5.88421e-19)
(25.224 1.79058 -3.09982e-19)
(25.2244 1.80008 -1.30745e-17)
(25.2251 1.81006 1.66754e-17)
(25.225 1.8204 -1.34878e-18)
(25.2245 1.83123 -1.03544e-17)
(25.2237 1.84247 0)
(25.2225 1.8542 -5.9755e-18)
(25.221 1.86641 -7.0396e-19)
(25.2192 1.87912 -8.12611e-20)
(25.2172 1.89236 -2.2059e-18)
(25.215 1.90613 -2.07751e-19)
(25.2127 1.92046 -7.83575e-18)
(25.2102 1.93539 -2.03712e-18)
(25.2077 1.95089 -1.42207e-17)
(25.2052 1.96699 2.2833e-19)
(25.2028 1.9837 3.80426e-19)
(25.2005 2.00101 3.89476e-17)
(25.1983 2.01892 2.69419e-19)
(25.1964 2.03741 -2.22353e-17)
(25.1947 2.05648 2.71225e-17)
(25.1933 2.07607 -1.44977e-18)
(25.1922 2.09618 -1.82139e-17)
(25.1915 2.11676 -8.27112e-19)
(25.1912 2.13777 -4.1848e-19)
(25.1912 2.15918 -1.79823e-17)
(25.1917 2.18094 -1.30585e-17)
(25.1926 2.20303 -5.41638e-17)
(25.1939 2.2254 2.17344e-17)
(25.1957 2.24803 2.76688e-18)
(25.1979 2.27091 -5.27185e-17)
(25.2005 2.29399 1.06112e-17)
(25.2035 2.31728 -1.69503e-17)
(25.207 2.34076 -2.95127e-18)
(25.2108 2.36443 4.23641e-17)
(25.2151 2.38826 -1.3249e-17)
(25.2198 2.41227 -1.24891e-17)
(25.225 2.43643 -1.05381e-17)
(25.2305 2.46076 8.32024e-17)
(25.2365 2.48522 -2.02728e-19)
(25.243 2.50982 3.48119e-17)
(25.2499 2.53455 3.31828e-18)
(25.2573 2.55938 -5.53625e-18)
(25.2651 2.58429 -4.52577e-17)
(25.2736 2.60926 -3.58181e-17)
(25.2825 2.63427 -5.05289e-17)
(25.2921 2.65927 -1.81922e-16)
(25.3023 2.68422 6.65478e-17)
(25.3131 2.70908 -8.0752e-17)
(25.3245 2.73379 -1.42341e-16)
(25.3363 2.75829 -6.6174e-19)
(25.3486 2.78251 -6.94981e-17)
(25.3612 2.8064 -3.66958e-17)
(25.374 2.82987 1.16232e-16)
(25.3871 2.85288 -1.72817e-18)
(25.4004 2.87538 -1.47087e-17)
(25.4139 2.89733 -2.36935e-17)
(25.4275 2.91868 -4.59916e-18)
(25.4412 2.93938 -5.21483e-19)
(25.4546 2.95938 2.08435e-16)
(25.4675 2.97863 -2.8074e-16)
(25.4797 2.99708 -1.34928e-16)
(25.4909 3.01475 -3.83546e-18)
(25.5013 3.03151 4.29802e-17)
(25.5094 3.04536 1.50987e-16)
(25.5156 3.05683 3.49698e-18)
(25.5217 3.06861 2.40619e-18)
(25.5275 3.08042 2.0711e-18)
(25.533 3.09229 -1.39172e-16)
(25.5377 3.10458 5.74251e-17)
(25.5402 3.11471 1.16493e-16)
(25.5382 3.13095 0)
(25.5267 3.12536 5.34966e-17)
(25.5157 3.17488 -3.99358e-16)
(25.5046 3.08528 -1.33248e-18)
(25.3383 1.86744 -3.06691e-19)
(25.3722 1.87039 5.87408e-19)
(25.3539 1.87718 5.40053e-19)
(25.3495 1.8832 -2.29659e-19)
(25.3509 1.89038 -1.99317e-19)
(25.3513 1.89771 9.46263e-19)
(25.3512 1.90544 -1.1594e-18)
(25.3506 1.9135 2.79197e-19)
(25.3496 1.92197 4.51314e-19)
(25.3482 1.9308 0)
(25.3465 1.94005 2.06873e-19)
(25.3444 1.94972 -4.75208e-19)
(25.342 1.95981 -5.55598e-20)
(25.3392 1.97035 5.07861e-19)
(25.3362 1.98133 -1.46377e-19)
(25.3329 1.99277 1.00686e-19)
(25.3294 2.0047 -1.48701e-18)
(25.3257 2.01709 1.09355e-18)
(25.3218 2.02999 1.7333e-19)
(25.3178 2.04338 3.64273e-18)
(25.3138 2.05729 -1.58846e-18)
(25.3097 2.07173 1.64515e-17)
(25.3057 2.08669 -1.12508e-17)
(25.3018 2.1022 5.75899e-19)
(25.298 2.11825 -2.50596e-20)
(25.2944 2.13485 5.40056e-19)
(25.291 2.15199 -7.2959e-19)
(25.2879 2.16968 -3.74297e-19)
(25.2851 2.18789 -9.66903e-19)
(25.2827 2.20663 1.68767e-18)
(25.2806 2.22586 4.26756e-19)
(25.279 2.24558 -1.37508e-18)
(25.2777 2.26574 2.59986e-18)
(25.277 2.28634 5.49788e-17)
(25.2767 2.30734 4.66116e-19)
(25.2768 2.32871 1.42784e-18)
(25.2774 2.35044 -2.84213e-18)
(25.2786 2.37249 1.10721e-18)
(25.2801 2.39485 8.88486e-19)
(25.2822 2.41749 1.99283e-19)
(25.2848 2.44039 1.35592e-18)
(25.2879 2.46354 -1.8631e-18)
(25.2914 2.48691 -2.00799e-19)
(25.2955 2.51049 4.63695e-18)
(25.3001 2.53426 3.31056e-18)
(25.3053 2.55819 -5.54116e-18)
(25.311 2.58226 5.67011e-18)
(25.3173 2.60643 6.33176e-18)
(25.3242 2.63069 2.5313e-18)
(25.3318 2.655 4.42322e-18)
(25.34 2.67931 8.49755e-19)
(25.3488 2.70357 -3.74033e-18)
(25.3582 2.72775 6.88436e-18)
(25.3682 2.75177 -6.76895e-19)
(25.3786 2.77557 -3.78747e-17)
(25.3894 2.7991 3.94851e-17)
(25.4005 2.82229 6.74309e-19)
(25.4118 2.84508 -1.78907e-18)
(25.4234 2.86743 -2.42561e-18)
(25.4353 2.8893 2.09708e-17)
(25.4474 2.91063 -1.82258e-16)
(25.4595 2.93139 1.0383e-17)
(25.4715 2.95149 -1.01241e-18)
(25.483 2.9709 3.41568e-19)
(25.4938 2.98956 4.07936e-18)
(25.5039 3.00749 -4.07379e-18)
(25.5131 3.02455 -1.38021e-18)
(25.5203 3.0387 -1.90962e-18)
(25.5257 3.05045 3.7397e-18)
(25.531 3.06254 -3.02653e-17)
(25.536 3.07471 -8.66365e-19)
(25.5408 3.08698 -2.09605e-16)
(25.5448 3.09971 1.80094e-16)
(25.5465 3.1103 -1.16732e-16)
(25.5432 3.12701 0)
(25.5315 3.12209 1.2289e-18)
(25.467 1.96728 2.86238e-18)
(25.4506 1.96791 5.41935e-18)
(25.4424 1.97346 8.95882e-19)
(25.444 1.97812 -4.06546e-20)
(25.4447 1.98362 -1.41813e-19)
(25.4446 1.98914 1.13625e-18)
(25.444 1.99502 -5.64882e-18)
(25.4431 2.00116 5.07368e-19)
(25.4418 2.00763 6.28888e-18)
(25.4401 2.0144 0)
(25.4381 2.02153 3.63285e-18)
(25.4357 2.02901 -3.43216e-19)
(25.4331 2.03687 -4.02103e-20)
(25.4301 2.04511 1.22921e-17)
(25.4268 2.05376 -1.06484e-19)
(25.4232 2.06284 2.08108e-19)
(25.4194 2.07235 -1.09004e-18)
(25.4154 2.08232 1.0075e-17)
(25.4112 2.09275 1.13269e-17)
(25.4068 2.10365 1.33172e-18)
(25.4023 2.11504 -2.75256e-17)
(25.3977 2.12693 -3.69905e-18)
(25.393 2.13932 1.85077e-18)
(25.3883 2.15222 5.36065e-19)
(25.3837 2.16564 -1.97572e-20)
(25.3791 2.17959 1.25893e-17)
(25.3747 2.19405 -1.77629e-17)
(25.3703 2.20905 -4.38595e-19)
(25.3662 2.22458 1.05193e-17)
(25.3623 2.24064 1.15339e-17)
(25.3586 2.25723 3.78533e-17)
(25.3553 2.27434 -1.73205e-17)
(25.3522 2.29197 4.81438e-17)
(25.3495 2.31011 -2.53797e-17)
(25.3472 2.32874 4.22573e-19)
(25.3454 2.34786 1.30863e-18)
(25.3439 2.36743 -2.63105e-18)
(25.3429 2.38745 1.03442e-18)
(25.3424 2.40789 -3.56039e-17)
(25.3423 2.42873 1.21919e-17)
(25.3427 2.44994 3.70277e-17)
(25.3437 2.4715 -1.79252e-18)
(25.3452 2.49339 -4.00964e-17)
(25.3472 2.51558 -1.92598e-17)
(25.3497 2.53804 3.23708e-18)
(25.3528 2.56075 -5.44296e-18)
(25.3566 2.58367 4.67591e-17)
(25.3609 2.60677 6.27082e-18)
(25.3659 2.63003 2.51629e-18)
(25.3715 2.6534 1.1699e-16)
(25.3779 2.67685 1.06988e-16)
(25.3848 2.70032 -1.31174e-16)
(25.3924 2.72377 1.32985e-16)
(25.4006 2.74713 2.00147e-17)
(25.4092 2.77036 8.70058e-18)
(25.4182 2.79338 6.42231e-17)
(25.4275 2.81613 6.63168e-17)
(25.4371 2.83857 -1.83283e-18)
(25.4471 2.86064 -1.70719e-16)
(25.4574 2.8823 -1.37439e-18)
(25.4679 2.90351 -1.13357e-17)
(25.4786 2.9242 -9.6132e-19)
(25.4891 2.94431 -1.0551e-18)
(25.4992 2.96379 1.38429e-17)
(25.5087 2.98257 4.28042e-18)
(25.5175 3.00069 -4.28883e-18)
(25.5255 3.01798 -1.58756e-18)
(25.5317 3.03238 -1.69654e-17)
(25.5363 3.04436 1.92113e-16)
(25.5408 3.05674 3.54616e-17)
(25.5452 3.06923 -7.52397e-19)
(25.5492 3.08187 2.35415e-16)
(25.5524 3.09501 -3.26413e-16)
(25.5532 3.10607 -3.11637e-19)
(25.5267 2.05691 -2.84704e-18)
(25.5177 2.05758 -3.53751e-18)
(25.5184 2.06218 1.31237e-19)
(25.5199 2.06581 -1.43457e-19)
(25.5198 2.07007 -1.12126e-19)
(25.5193 2.07435 6.51621e-18)
(25.5185 2.07892 -4.30462e-18)
(25.5174 2.08369 1.22119e-19)
(25.5159 2.08871 -4.74827e-19)
(25.5142 2.094 0)
(25.512 2.09955 -3.07147e-19)
(25.5096 2.10538 -2.78619e-19)
(25.5069 2.11153 -3.27548e-20)
(25.5038 2.11798 -1.1123e-17)
(25.5004 2.12478 -8.72852e-20)
(25.4968 2.13193 -6.89445e-20)
(25.4929 2.13945 -8.98142e-19)
(25.4888 2.14735 -4.4022e-19)
(25.4844 2.15567 -1.22052e-18)
(25.4799 2.16441 1.10401e-18)
(25.4752 2.1736 1.61211e-18)
(25.4704 2.18324 -1.13743e-17)
(25.4655 2.19336 2.24324e-17)
(25.4605 2.20397 3.64535e-19)
(25.4555 2.21507 -1.65561e-20)
(25.4505 2.22669 -9.86855e-19)
(25.4456 2.23883 1.38413e-18)
(25.4407 2.2515 -2.47175e-19)
(25.4359 2.26469 -1.89905e-18)
(25.4312 2.27843 1.64583e-19)
(25.4267 2.2927 -6.79831e-17)
(25.4225 2.30751 7.9459e-18)
(25.4184 2.32285 -2.57433e-18)
(25.4146 2.33874 2.09394e-18)
(25.4111 2.35514 3.77269e-19)
(25.4079 2.37207 1.17867e-18)
(25.4051 2.38951 -2.39067e-18)
(25.4027 2.40745 9.48042e-19)
(25.4006 2.42587 3.66876e-17)
(25.399 2.44477 -1.16609e-17)
(25.3978 2.46411 -3.40441e-17)
(25.3971 2.48389 -1.69477e-18)
(25.3968 2.50407 3.92384e-17)
(25.3971 2.52464 6.13881e-18)
(25.3979 2.54556 3.11898e-18)
(25.3993 2.56682 -5.27341e-18)
(25.4013 2.58837 2.5835e-18)
(25.4039 2.61018 6.13662e-18)
(25.4071 2.63223 2.47377e-18)
(25.4111 2.65446 -2.72089e-18)
(25.4156 2.67685 -1.55411e-16)
(25.4209 2.69935 1.22668e-16)
(25.4267 2.7219 -1.25734e-16)
(25.4331 2.74444 -1.81133e-18)
(25.44 2.76693 2.84112e-17)
(25.4473 2.78928 -9.30709e-17)
(25.455 2.81146 -6.45176e-17)
(25.463 2.83341 -1.86691e-18)
(25.4713 2.85507 1.64715e-16)
(25.4801 2.87641 -2.09473e-17)
(25.4891 2.89737 1.76852e-16)
(25.4983 2.91789 -1.10201e-17)
(25.5073 2.9379 -1.39484e-16)
(25.5161 2.95735 -1.76041e-17)
(25.5242 2.97618 1.73448e-17)
(25.5317 2.9944 -5.30382e-17)
(25.5385 3.01186 -4.05137e-17)
(25.5438 3.02645 -2.02348e-17)
(25.5476 3.03863 -1.0882e-18)
(25.5513 3.05125 2.91501e-18)
(25.5549 3.06403 7.43303e-19)
(25.5795 2.13835 -1.85442e-19)
(25.58 2.1393 -5.38391e-19)
(25.5815 2.14295 2.84976e-19)
(25.5817 2.14582 -1.12676e-19)
(25.5812 2.14919 -8.8265e-20)
(25.5806 2.15259 -5.34524e-18)
(25.5797 2.15621 3.97202e-18)
(25.5785 2.16001 -1.1428e-19)
(25.577 2.164 -4.44323e-18)
(25.5752 2.1682 0)
(25.5731 2.17262 -2.66605e-18)
(25.5707 2.17728 -2.24017e-19)
(25.568 2.18218 -2.64396e-20)
(25.565 2.18734 2.44052e-19)
(25.5618 2.19278 4.34067e-18)
(25.5583 2.19851 -3.36065e-18)
(25.5545 2.20455 -7.38139e-19)
(25.5505 2.21091 -6.99124e-18)
(25.5463 2.21761 -9.05704e-18)
(25.5418 2.22468 -5.79362e-20)
(25.5372 2.23212 1.97407e-17)
(25.5324 2.23996 1.15958e-19)
(25.5275 2.24821 -1.89455e-17)
(25.5225 2.25689 2.4551e-19)
(25.5174 2.26603 6.56247e-19)
(25.5123 2.27563 -9.89435e-18)
(25.5072 2.28571 1.4041e-17)
(25.502 2.29628 -1.16009e-19)
(25.4969 2.30737 -1.02221e-17)
(25.4919 2.31897 -7.54261e-18)
(25.487 2.3311 3.11882e-17)
(25.4822 2.34377 5.74301e-18)
(25.4775 2.35698 -2.30683e-17)
(25.4731 2.37073 -1.31007e-17)
(25.4688 2.38502 -5.3691e-18)
(25.4648 2.39986 1.16421e-17)
(25.4611 2.41523 -4.03812e-17)
(25.4577 2.43114 8.64118e-19)
(25.4545 2.44757 9.26014e-18)
(25.4518 2.46451 7.95345e-18)
(25.4494 2.48196 1.13058e-18)
(25.4474 2.49988 -1.5848e-18)
(25.4459 2.51828 -1.74066e-19)
(25.4448 2.53712 5.26613e-17)
(25.4443 2.55638 4.78099e-17)
(25.4442 2.57604 -5.05239e-18)
(25.4447 2.59607 -3.22464e-17)
(25.4458 2.61644 5.94365e-18)
(25.4475 2.63713 2.40829e-18)
(25.4499 2.65808 -9.93054e-17)
(25.4529 2.67926 6.33711e-18)
(25.4566 2.70062 5.24723e-17)
(25.4609 2.72212 7.33052e-18)
(25.4657 2.7437 -1.8046e-18)
(25.471 2.76531 -1.06641e-19)
(25.4767 2.78687 3.31574e-18)
(25.4827 2.80834 7.04942e-19)
(25.4892 2.82966 -1.89152e-18)
(25.496 2.85079 -2.59353e-18)
(25.5033 2.87169 -5.51029e-19)
(25.5108 2.89228 -1.7124e-16)
(25.5185 2.91252 5.39587e-17)
(25.5262 2.93234 5.617e-17)
(25.5335 2.95167 -1.18333e-17)
(25.5404 2.97045 -8.14908e-18)
(25.5466 2.98869 -1.1359e-16)
(25.6308 2.21261 -3.69962e-19)
(25.6323 2.21355 2.02183e-19)
(25.6325 2.21639 7.20705e-20)
(25.6321 2.2187 -1.57313e-19)
(25.6315 2.2214 -3.13617e-19)
(25.6307 2.22412 4.75253e-18)
(25.6297 2.22703 -2.5126e-18)
(25.6285 2.23008 2.77181e-19)
(25.6269 2.23329 3.61524e-18)
(25.6252 2.23666 0)
(25.6231 2.24022 -3.77616e-19)
(25.6208 2.24397 -1.77941e-19)
(25.6183 2.24792 -1.29607e-18)
(25.6155 2.2521 6.29616e-18)
(25.6124 2.2565 -4.43484e-18)
(25.6091 2.26114 4.21196e-19)
(25.6055 2.26604 -1.50086e-18)
(25.6018 2.27122 6.09004e-18)
(25.5978 2.27669 7.17183e-20)
(25.5936 2.28246 8.60313e-19)
(25.5893 2.28856 -1.66696e-17)
(25.5847 2.29499 -1.39962e-18)
(25.5801 2.30179 1.64483e-17)
(25.5753 2.30896 -1.02927e-17)
(25.5704 2.31652 -6.6297e-19)
(25.5654 2.3245 1.78464e-18)
(25.5603 2.33289 -3.65032e-19)
(25.5553 2.34174 -1.92961e-19)
(25.5502 2.35104 -5.14095e-19)
(25.5451 2.36083 1.78193e-17)
(25.54 2.3711 2.41812e-19)
(25.5351 2.38187 -8.04752e-19)
(25.5302 2.39316 -1.2833e-17)
(25.5254 2.40497 3.14486e-17)
(25.5208 2.41731 5.89862e-18)
(25.5163 2.43019 -9.43855e-18)
(25.512 2.44361 3.56015e-17)
(25.508 2.45758 7.81971e-19)
(25.5042 2.47208 -7.76856e-18)
(25.5007 2.48712 -5.4883e-19)
(25.4974 2.50268 7.71587e-18)
(25.4946 2.51877 -1.46839e-18)
(25.4921 2.53536 -2.98353e-17)
(25.49 2.55244 -4.08067e-17)
(25.4883 2.57 -7.79595e-19)
(25.4871 2.58801 -4.79145e-18)
(25.4864 2.60645 3.6727e-17)
(25.4863 2.62529 5.69977e-18)
(25.4868 2.64451 3.76983e-17)
(25.4878 2.66406 9.31388e-17)
(25.4895 2.68393 1.30058e-16)
(25.4918 2.70405 -1.61708e-16)
(25.4947 2.72438 1.15902e-16)
(25.498 2.74488 -1.86891e-17)
(25.5018 2.76548 -5.31026e-17)
(25.5061 2.78613 -2.51769e-17)
(25.5107 2.80677 7.06444e-19)
(25.5156 2.82736 -1.90403e-18)
(25.521 2.84784 -1.36035e-16)
(25.5268 2.86818 2.82164e-17)
(25.533 2.88831 1.59673e-16)
(25.6746 2.28025 -9.03655e-20)
(25.6748 2.28106 1.60455e-19)
(25.6744 2.28331 -6.00249e-20)
(25.6738 2.2852 -6.27094e-20)
(25.6731 2.28737 1.77015e-19)
(25.6722 2.28958 -4.22019e-18)
(25.6711 2.29194 1.91358e-18)
(25.6698 2.2944 -8.86872e-20)
(25.6683 2.297 -3.20353e-18)
(25.6666 2.29974 0)
(25.6646 2.30263 4.95708e-19)
(25.6624 2.30567 -1.43734e-19)
(25.66 2.30889 1.20408e-18)
(25.6574 2.31228 -5.69193e-18)
(25.6545 2.31587 9.18423e-20)
(25.6514 2.31965 3.4325e-19)
(25.6481 2.32366 3.85142e-19)
(25.6446 2.3279 -5.08555e-18)
(25.6409 2.33238 5.94234e-18)
(25.6371 2.33713 1.4268e-18)
(25.633 2.34215 1.44522e-17)
(25.6288 2.34746 2.383e-19)
(25.6245 2.35308 -5.4215e-18)
(25.62 2.35903 1.04601e-17)
(25.6154 2.36532 4.90558e-19)
(25.6108 2.37197 4.2011e-18)
(25.606 2.379 -9.97242e-18)
(25.6011 2.38642 -3.11891e-19)
(25.5963 2.39425 -9.03911e-18)
(25.5914 2.40252 -9.37704e-19)
(25.5864 2.41122 2.2152e-17)
(25.5815 2.42039 -1.48168e-17)
(25.5767 2.43003 1.90814e-17)
(25.5718 2.44016 1.70975e-18)
(25.5671 2.45079 -4.18362e-18)
(25.5625 2.46193 9.12883e-18)
(25.558 2.47359 -3.1823e-17)
(25.5536 2.48578 7.01073e-19)
(25.5495 2.49849 7.38478e-18)
(25.5455 2.51174 -4.97982e-19)
(25.5418 2.52553 1.17709e-17)
(25.5383 2.53985 -2.59959e-17)
(25.5351 2.55469 5.43289e-17)
(25.5323 2.57004 2.72548e-17)
(25.5299 2.58591 -1.89081e-17)
(25.5278 2.60226 -4.50265e-18)
(25.5262 2.61909 -2.69598e-17)
(25.5251 2.63637 5.41083e-17)
(25.5245 2.65408 -1.53473e-18)
(25.5245 2.67219 -8.41473e-17)
(25.5251 2.69067 -5.17718e-18)
(25.5262 2.70947 1.45955e-16)
(25.5278 2.72856 4.57667e-18)
(25.5299 2.74788 3.06946e-17)
(25.7104 2.34181 1.19268e-18)
(25.71 2.34251 9.04666e-19)
(25.7095 2.34433 1.33136e-18)
(25.7088 2.34589 -5.08027e-20)
(25.708 2.34766 -2.19285e-19)
(25.707 2.34947 5.92243e-19)
(25.7059 2.3514 -1.62422e-18)
(25.7045 2.35342 -7.9918e-20)
(25.703 2.35555 2.6249e-18)
(25.7013 2.35779 0)
(25.6995 2.36016 -2.58646e-18)
(25.6974 2.36266 2.03391e-18)
(25.6951 2.36529 -1.40125e-20)
(25.6927 2.36808 5.29477e-18)
(25.69 2.37103 2.6914e-18)
(25.6872 2.37415 6.6094e-18)
(25.6841 2.37745 -4.03105e-19)
(25.6809 2.38094 4.47644e-18)
(25.6776 2.38465 -5.63071e-19)
(25.674 2.38857 5.16808e-19)
(25.6703 2.39273 -1.23152e-17)
(25.6665 2.39714 7.9469e-18)
(25.6625 2.40181 -1.30052e-19)
(25.6584 2.40676 1.86791e-19)
(25.6542 2.41201 -8.76157e-18)
(25.6498 2.41758 5.29527e-18)
(25.6454 2.42347 3.80829e-18)
(25.6409 2.42971 4.50164e-21)
(25.6363 2.43632 4.9746e-19)
(25.6317 2.44331 -8.07049e-19)
(25.627 2.45069 -1.52256e-17)
(25.6224 2.45849 1.31926e-17)
(25.6177 2.46673 7.95646e-18)
(25.613 2.47541 -2.17858e-19)
(25.6084 2.48455 6.65027e-19)
(25.6038 2.49417 -5.51137e-20)
(25.5993 2.50427 1.11384e-17)
(25.5948 2.51487 6.35834e-18)
(25.5905 2.52598 -2.68879e-17)
(25.5864 2.53761 -4.49111e-19)
(25.5824 2.54976 6.9113e-18)
(25.5786 2.56243 7.6229e-18)
)
;

boundaryField
{
    inlet
    {
        type            freestreamVelocity;
        freestreamValue uniform (25.75 3.62 0);
        value           nonuniform List<vector> 
13
(
(25.6679 3.33267 5.19855e-17)
(25.6701 3.32721 6.34204e-17)
(25.6726 3.32202 -5.07935e-17)
(25.6753 3.31698 -1.35385e-16)
(25.6774 3.3119 1.81283e-16)
(25.678 3.30669 -1.54116e-16)
(25.6736 3.30085 3.74339e-16)
(25.6654 3.29709 -2.35456e-16)
(25.6644 3.29647 -1.23925e-16)
(25.6703 3.29809 1.2313e-16)
(25.6774 3.29982 -3.96458e-19)
(25.6834 3.30117 -2.80145e-19)
(25.6888 3.30236 -2.6788e-19)
)
;
    }
    outlet
    {
        type            freestreamVelocity;
        freestreamValue nonuniform List<vector> 0();
        value           nonuniform List<vector> 0();
    }
    walls
    {
        type            noSlip;
    }
    frontAndBack
    {
        type            empty;
    }
    procBoundary2to1
    {
        type            processor;
        value           nonuniform List<vector> 
84
(
(23.5095 2.2682 9.7134e-18)
(25.0141 2.92109 -2.62744e-17)
(25.6408 2.66267 -1.93623e-16)
(25.8418 2.95893 2.00814e-16)
(25.7682 2.65052 3.33685e-17)
(25.7372 2.8607 8.94154e-17)
(25.701 2.69272 7.60298e-17)
(25.6608 2.75434 -1.53383e-16)
(25.624 2.69343 3.54027e-17)
(25.5839 2.69215 3.60916e-16)
(25.5446 2.66296 -6.55943e-16)
(25.5039 2.6464 1.72397e-17)
(25.463 2.62442 3.0592e-16)
(25.4214 2.60505 3.68577e-16)
(25.3794 2.5851 -4.29747e-17)
(25.3372 2.56605 3.87302e-17)
(25.2948 2.54754 -2.35212e-16)
(25.2524 2.52992 -6.85128e-16)
(25.2103 2.51329 2.60919e-16)
(25.1685 2.49784 7.48749e-16)
(25.1274 2.48375 -6.47799e-16)
(25.0871 2.47118 2.271e-16)
(25.0478 2.46032 -2.26896e-16)
(25.0098 2.45131 7.82695e-17)
(24.9733 2.44431 -2.12087e-16)
(24.9385 2.43945 3.8024e-16)
(24.9058 2.43685 -5.74353e-16)
(24.8752 2.43659 6.24959e-16)
(24.8471 2.43874 -6.71877e-16)
(24.8217 2.44332 7.33954e-16)
(24.799 2.45035 8.45721e-17)
(24.7793 2.45979 -4.13189e-16)
(24.7628 2.47158 -6.60028e-17)
(24.7494 2.48562 4.73399e-16)
(24.7393 2.50178 -5.55373e-16)
(24.7326 2.51992 3.31185e-16)
(24.7292 2.53986 1.79047e-16)
(24.729 2.5614 -2.65838e-17)
(24.729 2.5614 -2.65838e-17)
(24.6825 2.59034 -2.8654e-16)
(24.6898 2.62006 1.33494e-16)
(24.7004 2.64993 1.50179e-17)
(24.7142 2.67977 1.00045e-16)
(24.7309 2.7094 1.53342e-16)
(24.7502 2.73865 7.43921e-17)
(24.772 2.76739 2.9519e-16)
(24.7959 2.79547 -1.14265e-16)
(24.8218 2.82279 -6.57831e-17)
(24.8492 2.84927 -6.54354e-17)
(24.8781 2.87482 6.67107e-17)
(24.9082 2.89939 -1.27527e-16)
(24.9392 2.92294 -8.79051e-17)
(24.971 2.94546 7.68779e-17)
(24.971 2.94546 7.68779e-17)
(24.9832 2.99803 1.53999e-16)
(25.0174 3.01746 -1.2527e-16)
(25.0516 3.03573 9.34232e-17)
(25.0854 3.05288 -1.0274e-16)
(25.1187 3.06893 -2.45322e-17)
(25.1513 3.08394 1.36671e-16)
(25.183 3.09796 2.2405e-17)
(25.214 3.11105 -9.54659e-18)
(25.2441 3.12326 8.69982e-18)
(25.2441 3.12326 8.69982e-18)
(25.2658 3.15551 4.75869e-17)
(25.2944 3.16494 -5.32148e-18)
(25.3216 3.17362 6.3611e-17)
(25.347 3.18155 -1.06492e-16)
(25.3705 3.18877 -2.04337e-16)
(25.3922 3.19523 -1.69887e-17)
(25.4089 3.20018 -1.0005e-16)
(25.4219 3.20402 -2.4115e-18)
(25.4347 3.20773 -9.2919e-17)
(25.4472 3.21127 -6.83504e-17)
(25.4472 3.21127 -6.83504e-17)
(25.4573 3.22692 1.47676e-16)
(25.4693 3.2292 1.52309e-17)
(25.4803 3.23142 2.08253e-18)
(25.4883 3.23173 -4.58701e-17)
(25.4905 3.23195 -4.5348e-18)
(25.4885 3.23579 4.91059e-17)
(25.4756 3.19598 -1.40533e-16)
(25.5135 3.32463 5.55498e-17)
(25.5573 2.97361 8.3451e-17)
)
;
    }
    procBoundary2to3
    {
        type            processor;
        value           nonuniform List<vector> 
88
(
(25.5604 3.32938 -1.26822e-16)
(25.6227 2.89456 1.57598e-16)
(25.5185 3.17192 -3.89739e-16)
(25.5604 3.32938 -1.26822e-16)
(25.5119 3.08429 -6.92794e-17)
(25.5488 3.12316 0)
(25.5185 3.17192 -3.89739e-16)
(25.5367 3.11903 -1.52519e-16)
(25.5581 3.077 -2.20723e-16)
(25.5605 3.09051 4.18898e-18)
(25.5488 3.12316 0)
(25.5605 3.10203 2.93936e-17)
(25.5522 3.00624 1.86287e-17)
(25.5564 3.02096 7.36034e-17)
(25.5594 3.03329 7.34143e-17)
(25.5624 3.04612 -2.49798e-16)
(25.5581 3.077 -2.20723e-16)
(25.5651 3.05914 6.18092e-17)
(25.5393 2.90816 1.69305e-16)
(25.5456 2.92768 -1.53094e-16)
(25.5516 2.94679 -3.96936e-17)
(25.5571 2.96543 -2.3941e-16)
(25.5522 3.00624 1.86287e-17)
(25.562 2.98362 -5.30246e-17)
(25.5324 2.76739 -2.2049e-17)
(25.5353 2.78703 -1.06559e-16)
(25.5385 2.80674 -1.80076e-16)
(25.5421 2.82649 6.55488e-17)
(25.5462 2.84623 -2.09998e-17)
(25.5507 2.86591 8.25932e-17)
(25.5393 2.90816 1.69305e-16)
(25.5555 2.88547 2.10367e-16)
(25.575 2.57563 1.74656e-17)
(25.5717 2.58935 -1.00727e-16)
(25.5687 2.60359 -2.78022e-18)
(25.5661 2.61834 9.63067e-17)
(25.5638 2.63359 -1.04107e-16)
(25.562 2.64933 1.65623e-17)
(25.5606 2.66553 7.56781e-18)
(25.5597 2.68218 -2.10433e-17)
(25.5594 2.69925 1.29002e-16)
(25.5595 2.7167 1.82075e-16)
(25.56 2.73449 1.36288e-17)
(25.5324 2.76739 -2.2049e-17)
(25.561 2.75258 4.94157e-17)
(25.7406 2.39795 2.28407e-18)
(25.74 2.39856 -1.52134e-19)
(25.7393 2.40005 5.60528e-19)
(25.7386 2.40134 7.55527e-19)
(25.7376 2.40281 3.49905e-19)
(25.7366 2.40431 3.79615e-20)
(25.7354 2.4059 -3.00788e-18)
(25.7341 2.40757 -1.23394e-18)
(25.7326 2.40933 2.91154e-18)
(25.7309 2.41118 0)
(25.7291 2.41314 -4.69799e-19)
(25.7272 2.41521 6.6265e-18)
(25.725 2.41739 2.09309e-19)
(25.7228 2.4197 7.44012e-18)
(25.7203 2.42214 7.57402e-19)
(25.7177 2.42473 1.89667e-18)
(25.7149 2.42747 6.06004e-18)
(25.712 2.43038 3.03621e-18)
(25.709 2.43346 8.50613e-18)
(25.7057 2.43673 -7.83018e-18)
(25.7024 2.4402 -1.16465e-17)
(25.6989 2.44389 4.44066e-18)
(25.6953 2.4478 -2.7261e-18)
(25.6916 2.45195 -8.5722e-18)
(25.6877 2.45635 -8.26733e-18)
(25.6838 2.46103 1.62542e-17)
(25.6797 2.46599 -5.70939e-18)
(25.6756 2.47126 2.2047e-18)
(25.6714 2.47684 -7.90332e-18)
(25.6671 2.48276 1.29282e-17)
(25.6628 2.48904 8.23554e-18)
(25.6584 2.49569 9.86156e-18)
(25.654 2.50272 2.5068e-17)
(25.6495 2.51016 -1.8437e-17)
(25.6451 2.51801 -1.12336e-17)
(25.6407 2.52631 9.43401e-19)
(25.6363 2.53505 -1.33623e-17)
(25.632 2.54426 -5.40167e-18)
(25.6277 2.55394 -2.43416e-17)
(25.6235 2.56411 8.18929e-18)
(25.6195 2.57478 1.15507e-17)
(25.575 2.57563 1.74656e-17)
(25.6156 2.58595 -2.6834e-17)
)
;
    }
    procBoundary2to6
    {
        type            processor;
        value           nonuniform List<vector> 
13
(
(12.6966 0.735382 2.58069e-17)
(18.4283 1.07263 -2.6043e-17)
(21.1486 1.26184 -5.02056e-18)
(22.6266 1.41786 2.65088e-18)
(23.735 1.57596 -1.23467e-18)
(24.5798 1.72092 -6.71982e-20)
(25.1401 1.84827 -4.96559e-19)
(25.4349 1.9579 -2.07402e-18)
(25.5442 2.05154 1.37831e-18)
(25.5883 2.13408 -1.2183e-18)
(25.6307 2.20906 6.81294e-19)
(25.6739 2.27743 -1.67833e-19)
(25.7109 2.33962 3.64667e-19)
)
;
    }
}


// ************************************************************************* //
