/*--------------------------------*- C++ -*----------------------------------*\
| =========                 |                                                 |
| \\      /  F ield         | OpenFOAM: The Open Source CFD Toolbox           |
|  \\    /   O peration     | Version:  2306                                  |
|   \\  /    A nd           | Website:  www.openfoam.com                      |
|    \\/     M anipulation  |                                                 |
\*---------------------------------------------------------------------------*/
FoamFile
{
    version     2.0;
    format      ascii;
    arch        "LSB;label=32;scalar=64";
    class       volVectorField;
    location    "275";
    object      U;
}
// * * * * * * * * * * * * * * * * * * * * * * * * * * * * * * * * * * * * * //

dimensions      [0 1 -1 0 0 0 0];

internalField   nonuniform List<vector> 
1340
(
(17.8938 14.0947 -4.02104e-18)
(17.301 13.3915 5.85404e-17)
(16.758 12.6539 1.77693e-16)
(16.23 11.7742 -3.80179e-16)
(15.7269 10.7747 -7.78084e-16)
(18.602 13.4378 1.56135e-17)
(18.0461 12.7942 6.69909e-17)
(17.536 12.1203 -2.00996e-16)
(17.0349 11.3154 -7.60585e-18)
(16.553 10.3995 4.4043e-16)
(16.1574 9.42344 -8.76207e-16)
(19.2325 12.84 -1.08213e-17)
(18.7089 12.2489 -4.7391e-17)
(18.2278 11.631 -2.57434e-17)
(17.7512 10.8915 1.74058e-16)
(17.2891 10.0488 -4.61937e-17)
(16.9048 9.15152 5.40937e-16)
(16.5973 8.18794 9.23419e-16)
(19.7964 12.2928 1.02401e-17)
(19.3018 11.7482 1.72652e-17)
(18.8465 11.1797 7.35936e-17)
(18.3925 10.4981 -2.70028e-16)
(17.9492 9.72009 -2.18969e-16)
(17.5763 8.8923 -4.95679e-16)
(17.2723 8.00126 -6.98701e-16)
(17.056 7.06326 6.3198e-16)
(20.3032 11.7892 9.6267e-18)
(19.8349 11.2862 7.5776e-18)
(19.403 10.7617 -3.95529e-17)
(18.9696 10.1317 2.3384e-16)
(18.5441 9.41142 5.01462e-16)
(18.1826 8.64527 3.44969e-17)
(17.8835 7.81882 1.29582e-15)
(17.6642 6.94782 -4.95028e-16)
(17.5377 6.0863 -7.59945e-16)
(20.7606 11.3237 1.29244e-17)
(20.3161 10.8581 -2.56271e-17)
(19.9056 10.3729 -2.0614e-17)
(19.4914 9.78935 -3.30253e-17)
(19.0828 9.12089 4.1516e-16)
(18.7326 8.40998 -5.6294e-16)
(18.4394 7.64157 1.83256e-16)
(18.2191 6.83083 1.23792e-17)
(18.0847 6.02873 -1.82557e-15)
(18.0348 5.26679 5.66958e-16)
(21.1749 10.8915 -1.09452e-17)
(20.7521 10.46 2.10135e-17)
(20.3614 10.0104 1.53834e-16)
(19.9651 9.46854 4.15871e-17)
(19.5725 8.84696 -2.57592e-16)
(19.2336 8.18579 2.45917e-16)
(18.9468 7.46985 -4.76662e-18)
(18.7271 6.71377 9.31841e-16)
(18.5872 5.9655 1.38001e-16)
(18.5262 5.25483 -1.58447e-16)
(21.5513 10.4892 -3.20664e-18)
(21.1485 10.0886 -5.94013e-18)
(20.776 9.67112 -1.28354e-16)
(20.3965 9.1673 -2.77732e-16)
(20.0192 8.58827 -4.13486e-16)
(19.6915 7.97215 7.36578e-16)
(19.4115 7.30391 -7.77205e-16)
(19.1935 6.59758 1.99969e-16)
(19.0501 5.89835 5.01101e-16)
(18.9805 5.23442 2.47655e-16)
(18.977 4.60834 3.44579e-16)
(21.8941 10.1134 1.86256e-17)
(21.51 9.74106 4.24248e-17)
(21.1544 9.35293 1.36527e-16)
(20.7907 8.88378 -3.50561e-17)
(20.4279 8.3436 1.57002e-16)
(20.1112 7.76851 -7.48167e-16)
(19.8384 7.14388 6.54762e-16)
(19.6231 6.48301 9.32588e-16)
(19.4776 5.82867 1.73391e-17)
(19.4015 5.20751 5.71812e-16)
(19.3871 4.62194 2.8368e-16)
(22.2071 9.7615 -2.12456e-17)
(21.8404 9.4151 3.58335e-17)
(21.5006 9.05379 -1.21623e-16)
(21.1518 8.61645 -1.30438e-16)
(20.8029 8.11188 -1.46793e-17)
(20.497 7.5743 6.74333e-16)
(20.2316 6.98971 -9.46306e-17)
(20.0196 6.37063 -6.18323e-16)
(19.8733 5.75745 -6.16171e-16)
(19.7922 5.17561 -1.93216e-15)
(19.7691 4.62733 4.51496e-16)
(19.7952 4.1202 1.25023e-15)
(22.4934 9.43124 1.1673e-17)
(22.143 9.10872 9.1852e-18)
(21.8181 8.77205 1.3306e-16)
(21.4835 8.36398 2.84758e-16)
(21.1479 7.89216 -1.40478e-16)
(20.8524 7.38905 -5.13994e-16)
(20.5946 6.84133 7.73747e-17)
(20.3864 6.26073 -7.68622e-16)
(20.2402 5.68551 3.90595e-16)
(20.1555 5.13992 7.25378e-16)
(20.1253 4.62604 -6.27802e-16)
(20.1413 4.15113 -6.89201e-16)
(22.7557 9.12071 -1.25598e-17)
(22.4208 8.82022 6.24452e-17)
(22.1099 8.50625 -4.03976e-17)
(21.7887 8.12516 -3.83174e-17)
(21.4658 7.68355 -1.33248e-16)
(21.1806 7.21228 -4.05876e-16)
(20.9303 6.6986 -2.17915e-16)
(20.7264 6.15358 -6.65639e-17)
(20.5809 5.61344 2.97839e-16)
(20.4938 5.10134 4.355e-16)
(20.4579 4.61927 8.20805e-16)
(20.4655 4.17417 -2.19437e-16)
(22.9965 8.82821 -1.09964e-17)
(22.6761 8.54812 -8.6607e-17)
(22.3785 8.25511 -6.88186e-17)
(22.0701 7.89896 -6.23569e-17)
(21.7595 7.48531 -4.94837e-17)
(21.4842 7.0435 2.37443e-16)
(21.2414 6.56137 -1.21808e-15)
(21.042 6.04929 1.03578e-16)
(20.8979 5.54168 1.81762e-15)
(20.8091 5.06062 4.10374e-16)
(20.7688 4.60807 -1.43859e-15)
(20.7693 4.19063 -9.98076e-16)
(20.8029 3.81446 2.19144e-16)
(23.2178 8.55226 1.31527e-17)
(22.9111 8.29107 -2.33174e-17)
(22.6261 8.01752 1.18463e-16)
(22.33 7.68446 -4.11014e-16)
(22.0311 7.29677 -3.66844e-16)
(21.7655 6.88231 -1.92254e-16)
(21.5301 6.42945 4.5703e-16)
(21.3355 5.94803 7.79555e-16)
(21.1933 5.47063 -7.99552e-16)
(21.1035 5.0184 7.35116e-16)
(21.0596 4.59322 -4.57835e-18)
(21.0543 4.20149 -2.68311e-16)
(21.08 3.84911 9.16785e-16)
(23.4213 8.29158 -1.02673e-17)
(23.1278 8.04795 -3.29552e-17)
(22.8547 7.79246 8.57049e-17)
(22.5702 7.48088 1.82334e-16)
(22.2827 7.11731 3.58629e-16)
(22.0265 6.72828 2.62791e-16)
(21.7985 6.30267 8.81583e-16)
(21.6087 5.84977 -1.48453e-15)
(21.4687 5.40054 1.29278e-16)
(21.3786 4.97513 -3.07263e-16)
(21.3319 4.57545 6.98785e-16)
(21.3217 4.20761 2.11413e-16)
(21.3407 3.87733 5.14932e-16)
(21.383 3.57936 1.86323e-16)
(23.6088 8.04502 1.13869e-17)
(23.3276 7.81777 5.19146e-17)
(23.0659 7.57904 -1.54316e-16)
(22.7927 7.28744 7.82202e-17)
(22.5161 6.94638 3.42269e-16)
(22.269 6.58104 -1.00188e-16)
(22.0483 6.18086 -4.55435e-16)
(21.8635 5.75458 1.10768e-15)
(21.726 5.33159 -9.93252e-16)
(21.6359 4.93119 8.40701e-16)
(21.5871 4.55526 -3.22829e-16)
(21.5727 4.20968 -4.30133e-16)
(21.586 3.89996 -7.51837e-16)
(21.6211 3.62112 1.01726e-16)
(23.7815 7.81158 -9.21986e-19)
(23.5122 7.5996 1.44477e-17)
(23.2614 7.37651 -9.46881e-17)
(22.9989 7.10352 2.08892e-16)
(22.7329 6.78346 -3.29012e-16)
(22.4946 6.44023 4.47035e-16)
(22.2811 6.06379 4.59716e-16)
(22.1013 5.66238 -4.75995e-16)
(21.9664 5.26395 -7.928e-17)
(21.8768 4.88691 1.0001e-16)
(21.8263 4.53314 -3.84599e-16)
(21.8085 4.20832 5.29101e-16)
(21.8169 3.91773 3.22941e-16)
(21.8457 3.65667 4.58311e-17)
(23.9408 7.59037 -1.64544e-18)
(23.6828 7.39263 1.3504e-17)
(23.4424 7.18411 -4.22353e-18)
(23.1903 6.92852 -1.17863e-16)
(22.9344 6.62807 -3.6156e-16)
(22.7047 6.30552 -2.86568e-16)
(22.4981 5.95132 -4.69993e-16)
(22.3234 5.57319 2.21185e-16)
(22.1914 5.19772 7.56862e-17)
(22.1026 4.84252 -1.27887e-15)
(22.0508 4.50947 -2.21206e-16)
(22.0302 4.20402 -4.85323e-16)
(22.0343 3.93126 9.06493e-16)
(22.0576 3.68674 -9.63969e-16)
(22.096 3.46581 -3.17477e-16)
(24.0877 7.38056 1.20942e-17)
(23.8406 7.19612 4.96811e-17)
(23.6101 7.00124 1.18963e-16)
(23.3679 6.76189 1.54019e-16)
(23.1219 6.4798 2.85197e-16)
(22.9005 6.17662 2.78906e-16)
(22.7008 5.84322 -8.87929e-16)
(22.5311 5.48693 -4.32847e-16)
(22.4021 5.13299 7.52013e-16)
(22.3142 4.79824 1.3756e-15)
(22.2616 4.48456 6.9912e-16)
(22.2386 4.19719 -1.64707e-16)
(22.239 3.94108 -2.27972e-16)
(22.2575 3.71195 1.07055e-15)
(22.2901 3.5054 -2.25005e-16)
(24.2233 7.18144 9.46014e-18)
(23.9867 7.00944 -1.57055e-17)
(23.7656 6.82729 -4.98538e-17)
(23.5331 6.60315 -7.908e-17)
(23.2965 6.33826 -7.49404e-16)
(23.0831 6.05323 -1.50541e-16)
(22.8901 5.73936 4.55379e-16)
(22.7255 5.40354 4.06713e-16)
(22.5995 5.0698 -1.13801e-15)
(22.5128 4.75422 2.20315e-16)
(22.4597 4.45867 -1.13196e-16)
(22.4347 4.18822 9.29134e-18)
(22.4319 3.9476 -3.73457e-16)
(22.4462 3.7328 -5.81267e-16)
(22.4736 3.53961 2.10338e-17)
(24.3485 6.99235 -4.48743e-18)
(24.1218 6.83197 2.67911e-17)
(23.91 6.66175 4.21322e-17)
(23.6866 6.45183 1.88559e-17)
(23.4592 6.20309 1.07559e-16)
(23.2536 5.93508 6.71185e-16)
(23.0672 5.63953 -4.26206e-16)
(22.9075 5.32296 3.25143e-16)
(22.7847 5.00818 1.1682e-15)
(22.6993 4.71059 -9.48814e-16)
(22.6459 4.43204 8.23914e-16)
(22.6192 4.1774 5.75244e-16)
(22.6137 3.95126 9.05666e-16)
(22.6243 3.74979 -1.45958e-16)
(22.6471 3.56902 -3.70348e-16)
(22.6796 3.40633 -3.9733e-16)
(24.4641 6.81269 -1.42308e-20)
(24.247 6.66319 -8.6584e-17)
(24.044 6.50412 1.32345e-16)
(23.8295 6.30754 -5.39752e-17)
(23.6108 6.07395 5.51802e-16)
(23.4129 5.82192 -3.93038e-16)
(23.2329 5.54359 7.76815e-17)
(23.0781 5.2451 1.16469e-15)
(22.9584 4.94815 -1.42146e-15)
(22.8745 4.66744 6.01108e-16)
(22.821 4.40484 -9.77958e-16)
(22.793 4.16501 -1.18355e-15)
(22.7851 3.95238 -5.5619e-16)
(22.7924 3.76334 2.36735e-16)
(22.8112 3.5941 5.75801e-16)
(22.8388 3.44216 2.30115e-16)
(24.363 6.50259 -3.12736e-17)
(24.1684 6.35398 -4.52927e-17)
(23.9625 6.16989 -3.02746e-17)
(23.7524 5.95054 -3.72907e-16)
(23.5618 5.71353 6.65217e-16)
(23.388 5.45138 -3.55742e-16)
(23.2381 5.1699 -1.45987e-15)
(23.1216 4.8897 1.39054e-15)
(23.0392 4.62486 1.97349e-16)
(22.9858 4.37721 4.4013e-16)
(22.9566 4.15125 5.27793e-16)
(22.9467 3.95125 -8.52923e-17)
(22.9511 3.77379 9.53499e-17)
(22.9663 3.61527 -5.75313e-16)
(22.9898 3.4733 3.0749e-16)
(23.0202 3.34388 -5.76273e-16)
(24.4704 6.34972 -1.98219e-17)
(24.284 6.21091 6.43921e-17)
(24.0863 6.03854 -2.57126e-16)
(23.8845 5.83256 7.93257e-17)
(23.701 5.60966 -6.38605e-16)
(23.5333 5.36274 1.55893e-16)
(23.3881 5.09726 3.79275e-17)
(23.2748 4.83285 -4.9165e-17)
(23.1941 4.58292 -2.26056e-16)
(23.1409 4.34929 1.17661e-15)
(23.1109 4.13633 -1.26455e-16)
(23.0992 3.94813 1.02698e-15)
(23.101 3.78146 -3.39246e-16)
(23.113 3.6329 3.31668e-16)
(23.1327 3.50018 -2.48142e-16)
(23.1588 3.37948 4.32539e-16)
(24.57 6.20416 -9.15181e-17)
(24.3914 6.07453 -1.1968e-17)
(24.2017 5.91317 4.13915e-16)
(24.0078 5.71977 1.49875e-17)
(23.8313 5.51013 3.82713e-16)
(23.6695 5.27754 -5.17347e-16)
(23.529 5.02714 8.58189e-17)
(23.4189 4.77755 -2.64293e-16)
(23.3398 4.54165 2.10164e-16)
(23.2871 4.32121 -6.36751e-16)
(23.2563 4.12043 -3.57635e-16)
(23.243 3.94326 -1.12215e-15)
(23.2427 3.78664 3.44727e-16)
(23.2519 3.64734 1.31957e-16)
(23.2682 3.52321 -1.15394e-16)
(23.2904 3.41055 -1.21465e-16)
(24.6622 6.06552 6.71351e-17)
(24.4912 5.9445 1.49018e-16)
(24.3092 5.79346 -1.75316e-16)
(24.123 5.61189 -5.36979e-16)
(23.9532 5.41474 7.88797e-17)
(23.7973 5.19563 -1.40869e-16)
(23.6614 4.95942 4.76538e-16)
(23.5544 4.72383 6.90681e-16)
(23.477 4.50112 -4.87347e-16)
(23.4248 4.29306 -7.31493e-16)
(23.3935 4.1037 1.43523e-15)
(23.3789 3.93684 6.52311e-16)
(23.3765 3.78959 -2.08012e-16)
(23.3832 3.6589 1.01423e-16)
(23.3966 3.54271 5.41797e-16)
(23.4154 3.4375 4.3885e-16)
(23.4389 3.34046 6.4173e-17)
(24.7477 5.93344 -1.503e-17)
(24.5839 5.82049 -1.65498e-16)
(24.4094 5.67915 2.16875e-17)
(24.2307 5.50871 8.12719e-16)
(24.0674 5.3233 -6.83127e-16)
(23.9171 5.11689 8.12683e-17)
(23.7857 4.89406 -4.27049e-17)
(23.6819 4.67163 -4.58597e-16)
(23.6063 4.46133 1.35221e-15)
(23.5546 4.26491 2.80788e-17)
(23.5229 4.08627 -1.36174e-15)
(23.5072 3.92904 3.61845e-16)
(23.5031 3.79053 -6.26204e-16)
(23.5075 3.66784 -5.26528e-16)
(23.5183 3.55901 -2.12563e-16)
(23.534 3.46069 9.07266e-17)
(23.554 3.37019 5.97673e-17)
(24.827 5.8076 -4.03711e-17)
(24.6702 5.70222 1.05503e-16)
(24.5029 5.56998 1.0153e-16)
(24.3314 5.41 -8.43973e-16)
(24.1744 5.23565 6.90697e-16)
(24.0296 5.0412 -2.7188e-16)
(23.9027 4.83097 9.89629e-16)
(23.8019 4.62095 6.7998e-16)
(23.7281 4.42233 -1.95884e-15)
(23.6771 4.23684 -8.96827e-16)
(23.6452 4.06824 3.78353e-16)
(23.6284 3.92003 -1.35128e-16)
(23.6228 3.78967 4.21855e-16)
(23.6253 3.67442 -3.40437e-16)
(23.6337 3.57241 -8.8393e-17)
(23.6467 3.48046 -6.96429e-17)
(23.6636 3.39599 -7.3004e-17)
(24.9004 5.68768 1.3475e-18)
(24.7504 5.58939 1.13485e-16)
(24.5901 5.4657 -1.69413e-16)
(24.4255 5.31557 4.35837e-16)
(24.2747 5.15162 -2.63976e-16)
(24.1352 4.96843 4.76462e-16)
(24.0126 4.77008 -9.33331e-16)
(23.9149 4.57175 -1.0931e-16)
(23.8429 4.38413 1.61448e-15)
(23.7927 4.20892 -1.16354e-16)
(23.7606 4.04974 -2.44428e-16)
(23.7431 3.90997 -6.26709e-17)
(23.7361 3.78721 5.76707e-16)
(23.7368 3.67886 3.0853e-16)
(23.7431 3.58317 -3.15722e-16)
(23.7537 3.49712 4.78e-16)
(23.7679 3.41821 5.3376e-17)
(23.7854 3.34457 -3.88534e-16)
(24.9684 5.57338 -1.1053e-17)
(24.8249 5.48175 -1.8225e-16)
(24.6714 5.36608 4.27247e-17)
(24.5136 5.22522 3.60128e-17)
(24.3687 5.07105 -3.07084e-16)
(24.2345 4.89849 -3.50805e-16)
(24.1161 4.71133 -4.60651e-16)
(24.0214 4.52401 -1.13609e-15)
(23.9513 4.34674 6.13347e-16)
(23.9018 4.1812 1.21847e-15)
(23.8697 4.03086 4.25391e-16)
(23.8515 3.89898 4.56267e-17)
(23.8434 3.7833 1.94678e-16)
(23.8425 3.68138 2.97037e-16)
(23.847 3.59156 -3.79597e-16)
(23.8554 3.51094 -9.42381e-17)
(23.8672 3.43717 3.6873e-16)
(23.8819 3.36843 -1.25844e-17)
(25.0314 5.46445 4.14986e-17)
(24.8942 5.37905 -5.81684e-17)
(24.7472 5.27091 9.56775e-18)
(24.5959 5.13877 -1.87303e-16)
(24.4569 4.99382 6.68754e-16)
(24.3277 4.83125 1.06222e-15)
(24.2135 4.65465 -4.21191e-16)
(24.1218 4.47771 1.74423e-16)
(24.0535 4.31019 -4.49011e-16)
(24.005 4.15373 -1.0953e-15)
(23.9729 4.01168 -4.98748e-16)
(23.9541 3.88719 -3.08017e-16)
(23.945 3.77812 -5.57354e-16)
(23.9428 3.68218 1.73765e-16)
(23.9456 3.59778 2.68268e-16)
(23.9521 3.5222 4.58033e-17)
(23.9617 3.45316 -1.91713e-16)
(23.974 3.38894 -4.0833e-16)
(25.0897 5.36062 -4.71068e-17)
(24.9586 5.28107 1.0703e-16)
(24.818 5.18 -1.72368e-16)
(24.673 5.05605 -2.16105e-16)
(24.5396 4.91978 -4.25814e-16)
(24.4154 4.76663 2.89361e-17)
(24.3052 4.59997 1.09988e-15)
(24.2165 4.43282 -5.05412e-16)
(24.1501 4.27447 1.59004e-17)
(24.1025 4.12655 -2.64871e-16)
(24.0706 3.99229 5.86947e-16)
(24.0513 3.87471 1.07941e-16)
(24.0413 3.77181 -4.59941e-16)
(24.0379 3.68142 5.22083e-16)
(24.0392 3.60206 1.06256e-16)
(24.0441 3.53113 -3.02712e-16)
(24.0518 3.46645 5.82113e-16)
(24.062 3.4064 -5.04929e-16)
(24.0746 3.34924 8.2058e-17)
(25.1438 5.26166 -9.01797e-17)
(25.0185 5.18759 6.83422e-17)
(24.884 5.09315 2.11827e-16)
(24.7452 4.97692 1.50959e-16)
(24.6172 4.84881 4.275e-16)
(24.4978 4.70453 -6.24989e-16)
(24.3917 4.54725 -1.67336e-15)
(24.3059 4.38931 1.37222e-16)
(24.2413 4.2396 -1.24514e-16)
(24.1946 4.09971 8.71494e-16)
(24.163 3.97275 1.02106e-15)
(24.1434 3.86164 -2.4596e-16)
(24.1327 3.7645 4.53614e-16)
(24.1282 3.67928 -4.11622e-16)
(24.1282 3.60459 -6.48671e-16)
(24.1317 3.53796 -1.90745e-16)
(24.1377 3.47732 -2.50715e-17)
(24.146 3.4211 5.64936e-16)
(24.1565 3.36764 -7.37358e-18)
(25.1938 5.16734 5.42288e-17)
(25.0742 5.0984 -1.60304e-16)
(24.9456 5.01018 -2.16096e-17)
(24.8128 4.9012 -2.49412e-16)
(24.69 4.78078 1.84437e-16)
(24.5754 4.64485 6.42002e-16)
(24.4732 4.49641 1.31309e-15)
(24.3903 4.34716 -3.80048e-16)
(24.3276 4.20558 -6.13873e-17)
(24.2819 4.07325 -8.41526e-16)
(24.2505 3.95315 -2.5743e-16)
(24.2307 3.84809 3.98158e-17)
(24.2193 3.75632 -7.63906e-16)
(24.2139 3.67592 -5.32417e-17)
(24.2129 3.60556 4.66963e-16)
(24.215 3.54289 4.38443e-16)
(24.2196 3.48598 -3.09864e-16)
(24.2262 3.4333 -3.10986e-16)
(24.2349 3.38326 1.67968e-16)
(25.2401 5.07745 -1.23426e-17)
(25.126 5.01331 7.34128e-17)
(25.0031 4.93093 -2.63332e-16)
(24.876 4.82877 -7.99873e-17)
(24.7585 4.71558 2.09595e-16)
(24.6484 4.58752 -4.34821e-16)
(24.55 4.44741 -5.40154e-16)
(24.47 4.30635 -1.20913e-16)
(24.4092 4.17243 8.36845e-16)
(24.3645 4.04719 -2.8247e-16)
(24.3335 3.93352 6.84535e-17)
(24.3136 3.83414 -5.92591e-16)
(24.3016 3.74739 3.52557e-16)
(24.2955 3.67147 2.83419e-16)
(24.2934 3.60512 -2.70145e-16)
(24.2944 3.54614 2.68848e-16)
(24.2977 3.49266 1.20654e-16)
(24.3029 3.44324 -3.65603e-16)
(24.3099 3.39636 3.31859e-16)
(24.3188 3.35063 5.6144e-17)
(25.2829 4.99179 3.65135e-18)
(25.1741 4.93215 -1.35801e-17)
(25.0568 4.85524 6.53745e-17)
(24.9353 4.75949 2.01457e-16)
(24.8227 4.6531 -2.93979e-16)
(24.7171 4.53246 -4.68289e-16)
(24.6225 4.40019 9.91499e-16)
(24.5453 4.26684 1.0709e-15)
(24.4864 4.14013 2.8681e-16)
(24.4428 4.02157 -2.98284e-16)
(24.4122 3.91395 3.14974e-16)
(24.3922 3.81987 6.30463e-16)
(24.3798 3.73782 -7.02243e-16)
(24.373 3.66606 2.15129e-16)
(24.3701 3.60345 7.99986e-16)
(24.3701 3.54788 -6.06573e-16)
(24.3723 3.49757 -1.95796e-16)
(24.3762 3.45116 1.74354e-16)
(24.3818 3.40718 -1.29461e-16)
(24.3891 3.36431 3.14522e-16)
(25.3225 4.91016 -3.46356e-18)
(25.2188 4.85474 -3.77475e-17)
(25.1069 4.78296 2.23765e-16)
(24.9909 4.69323 5.15499e-17)
(24.8831 4.59324 3.2106e-16)
(24.7819 4.47958 -3.32274e-16)
(24.691 4.35471 -3.51653e-16)
(24.6165 4.22862 -3.38751e-16)
(24.5595 4.1087 -1.27094e-15)
(24.517 3.99642 7.71281e-16)
(24.4869 3.89448 -8.81456e-16)
(24.4668 3.80537 -5.61045e-16)
(24.4542 3.7277 4.03965e-16)
(24.4468 3.65983 -1.05883e-16)
(24.4432 3.60069 -2.30773e-17)
(24.4423 3.54827 -5.19695e-17)
(24.4435 3.5009 -1.51828e-16)
(24.4464 3.45727 -2.77167e-16)
(24.4507 3.41597 3.63208e-16)
(24.4566 3.37573 -3.99288e-16)
(25.3591 4.8324 -2.05502e-17)
(25.2604 4.78092 1.16962e-16)
(25.1537 4.71394 3.10515e-17)
(25.0429 4.62987 -4.12261e-16)
(24.9399 4.5359 2.24535e-16)
(24.8429 4.42881 8.32876e-16)
(24.7557 4.31091 -6.1928e-16)
(24.6839 4.19167 5.00052e-16)
(24.6287 4.07814 1.79967e-15)
(24.5873 3.97177 2.9772e-17)
(24.5578 3.87515 4.76085e-16)
(24.5378 3.79071 -1.62674e-16)
(24.5249 3.71713 -2.70386e-16)
(24.517 3.65289 -4.40109e-17)
(24.5128 3.59698 1.16961e-16)
(24.5112 3.54749 8.16971e-16)
(24.5115 3.50283 -2.32415e-17)
(24.5135 3.46177 -3.41871e-16)
(24.5168 3.42295 2.75531e-16)
(24.5214 3.38514 -1.25624e-16)
(24.5276 3.34728 6.59951e-17)
(25.3929 4.75833 1.53313e-17)
(25.299 4.71053 -7.24544e-17)
(25.1974 4.64806 -7.31912e-17)
(25.0917 4.56931 5.91612e-16)
(24.9933 4.48099 -2.17548e-16)
(24.9005 4.38009 1.95918e-16)
(24.8168 4.26875 -1.20375e-16)
(24.7478 4.15596 -1.85252e-15)
(24.6944 4.04845 -1.58286e-16)
(24.6541 3.94764 6.78435e-16)
(24.6251 3.85602 4.20366e-16)
(24.6053 3.77595 -4.64945e-16)
(24.5922 3.7062 1.93184e-16)
(24.5839 3.64535 -3.25243e-17)
(24.5792 3.59244 -1.87162e-16)
(24.577 3.54567 2.76998e-16)
(24.5766 3.50353 -1.90101e-16)
(24.5777 3.46484 5.17053e-16)
(24.5801 3.42831 -3.59e-16)
(24.5837 3.39276 1.30757e-16)
(24.5887 3.35715 -7.98309e-17)
(25.4242 4.68778 -2.26268e-17)
(25.3349 4.64343 6.04465e-17)
(25.2382 4.58517 -4.27841e-17)
(25.1375 4.51141 -4.80468e-16)
(25.0435 4.42842 -4.67462e-16)
(24.9548 4.33335 -1.20624e-15)
(24.8745 4.22818 1.42323e-15)
(24.8082 4.12147 6.1619e-16)
(24.7566 4.01963 3.89888e-16)
(24.7175 3.92404 -1.41884e-15)
(24.6891 3.83712 -6.12415e-16)
(24.6695 3.76116 -5.94792e-16)
(24.6563 3.69499 3.09017e-16)
(24.6477 3.6373 -1.34334e-16)
(24.6426 3.58719 -1.75796e-16)
(24.6398 3.54295 1.92447e-16)
(24.6388 3.50315 -4.29939e-16)
(24.6393 3.46666 1.14444e-16)
(24.6409 3.43225 -1.55329e-16)
(24.6436 3.39878 -1.51802e-16)
(24.6476 3.36526 3.15933e-16)
(25.4531 4.62061 -2.1932e-17)
(25.3682 4.57948 8.41072e-17)
(25.2763 4.52517 7.41111e-17)
(25.1804 4.4561 2.19454e-16)
(25.0908 4.3781 7.31317e-16)
(25.006 4.28851 6.76431e-16)
(24.9292 4.18917 -2.58402e-16)
(24.8655 4.08818 2.93787e-16)
(24.8157 3.99168 -4.21435e-16)
(24.7778 3.901 1.08033e-16)
(24.7499 3.81851 9.05181e-16)
(24.7306 3.74639 5.92886e-16)
(24.7173 3.68359 -1.31497e-16)
(24.7086 3.62885 -3.48096e-16)
(24.7031 3.58135 -4.55791e-17)
(24.6999 3.53946 1.81867e-16)
(24.6984 3.50183 -2.63345e-16)
(24.6983 3.46738 2.86813e-17)
(24.6992 3.43493 -2.09757e-16)
(24.7012 3.40341 -7.0483e-17)
(24.7043 3.37182 8.93967e-17)
(25.4797 4.55667 -1.57081e-17)
(25.3992 4.51855 3.38198e-18)
(25.312 4.46793 -8.0998e-17)
(25.2207 4.40325 -3.54325e-17)
(25.1353 4.32997 -1.95858e-16)
(25.0544 4.24554 4.04787e-16)
(24.981 4.15167 -1.04562e-15)
(24.9198 4.05607 8.74814e-16)
(24.8718 3.96459 2.15668e-16)
(24.835 3.87854 -6.01661e-16)
(24.8078 3.8002 7.11825e-16)
(24.7887 3.7317 -3.56412e-16)
(24.7756 3.67205 1.28277e-16)
(24.7667 3.62008 3.60515e-16)
(24.7609 3.57501 1.28384e-16)
(24.7574 3.53532 -8.4762e-17)
(24.7555 3.49971 3.34444e-16)
(24.7548 3.46715 -4.68999e-16)
(24.7552 3.43653 2.85319e-16)
(24.7566 3.4068 -1.55229e-17)
(24.7589 3.37702 2.173e-16)
(24.7624 3.34621 -2.26598e-16)
(25.5043 4.49582 -1.12537e-17)
(25.428 4.46051 5.03529e-17)
(25.3453 4.41334 3.39018e-17)
(25.2585 4.35279 1.28421e-16)
(25.1773 4.28393 -1.94384e-16)
(25.1002 4.20435 -6.45394e-16)
(25.03 4.11564 8.5306e-16)
(24.9713 4.02512 -4.48699e-16)
(24.925 3.93837 -4.75811e-16)
(24.8894 3.85667 1.27841e-15)
(24.863 3.78224 -1.09662e-15)
(24.8442 3.71714 -2.12106e-16)
(24.8311 3.66044 6.89776e-16)
(24.8222 3.61106 -7.72053e-16)
(24.8162 3.56828 1.67596e-16)
(24.8124 3.53064 -2.62719e-16)
(24.8102 3.4969 5.72511e-17)
(24.8091 3.46611 7.76315e-17)
(24.8091 3.43719 -4.45156e-17)
(24.8099 3.40913 -1.55131e-16)
(24.8116 3.38103 -8.9354e-18)
(24.8143 3.35193 2.76292e-16)
(25.527 4.43792 3.36691e-17)
(25.4548 4.40524 -3e-17)
(25.3764 4.3613 8.1886e-17)
(25.294 4.30463 1.41327e-16)
(25.2168 4.23991 9.05446e-17)
(25.1435 4.1649 8.98933e-16)
(25.0764 4.08105 -1.21135e-16)
(25.0201 3.99531 -3.0627e-16)
(24.9757 3.91301 4.73386e-16)
(24.9412 3.83542 -1.72599e-15)
(24.9155 3.76466 9.19295e-16)
(24.8971 3.70275 5.68201e-16)
(24.8842 3.64883 -1.09205e-16)
(24.8752 3.60189 7.45004e-16)
(24.8691 3.56124 -6.83715e-16)
(24.8651 3.52551 4.07799e-16)
(24.8626 3.49353 5.03139e-16)
(24.8613 3.46439 -4.15372e-16)
(24.8608 3.43704 -3.6297e-17)
(24.8612 3.41054 -9.39921e-17)
(24.8624 3.384 1.70551e-16)
(24.8645 3.35651 -7.64012e-17)
(25.5479 4.38285 3.37591e-17)
(25.4797 4.35262 -2.49343e-17)
(25.4055 4.3117 -5.61071e-17)
(25.3274 4.25867 -3.28106e-16)
(25.2541 4.19786 3.33002e-17)
(25.1844 4.12714 -7.18114e-16)
(25.1204 4.04785 -7.51519e-16)
(25.0666 3.96661 -3.77359e-16)
(25.0238 3.8885 -7.42045e-16)
(24.9905 3.81477 -1.13511e-17)
(24.9655 3.74748 -3.99805e-16)
(24.9476 3.68858 -3.41733e-16)
(24.9349 3.63727 -1.01723e-16)
(24.926 3.59261 -4.96057e-16)
(24.9198 3.55397 4.22888e-17)
(24.9157 3.52003 1.4114e-16)
(24.913 3.4897 -3.26605e-16)
(24.9114 3.46208 -1.05211e-16)
(24.9106 3.4362 3.50988e-16)
(24.9106 3.41115 -1.07826e-16)
(24.9113 3.38608 1.98407e-16)
(24.9129 3.36008 7.53592e-17)
(25.5672 4.33049 -1.6839e-17)
(25.5028 4.30255 -3.59627e-18)
(25.4327 4.26445 -7.67409e-17)
(25.3588 4.21483 -2.06051e-16)
(25.2893 4.15769 -2.42529e-16)
(25.2231 4.091 9.09104e-17)
(25.1622 4.01601 6.89835e-16)
(25.1106 3.93902 1.7278e-15)
(25.0696 3.86486 -7.20506e-16)
(25.0375 3.79476 -4.18803e-17)
(25.0133 3.73074 2.47444e-16)
(24.9959 3.67466 -4.35417e-17)
(24.9834 3.62582 -6.99105e-17)
(24.9746 3.5833 -4.33327e-16)
(24.9684 3.54654 -2.80615e-16)
(24.9642 3.51428 5.0049e-16)
(24.9613 3.48548 -1.44338e-16)
(24.9595 3.45929 -4.70761e-17)
(24.9585 3.43479 1.29251e-18)
(24.9581 3.41109 -2.73093e-18)
(24.9585 3.38737 -8.08743e-17)
(24.9596 3.36278 -3.04466e-16)
(24.9616 3.33628 8.74653e-17)
(25.585 4.28073 -1.55318e-17)
(25.5242 4.25492 5.87474e-17)
(25.4582 4.21946 1.91359e-16)
(25.3883 4.17304 1.14265e-16)
(25.3226 4.11934 -1.97458e-16)
(25.2598 4.05645 -4.24376e-16)
(25.2018 3.9855 3.7512e-16)
(25.1525 3.9125 -1.21502e-15)
(25.1131 3.84206 1.96412e-15)
(25.0823 3.77539 5.11201e-16)
(25.0589 3.71444 -6.11057e-16)
(25.042 3.66104 1.39428e-16)
(25.0298 3.61451 9.56971e-16)
(25.0211 3.57401 -6.79955e-16)
(25.015 3.53901 2.08379e-17)
(25.0106 3.50833 1.63588e-16)
(25.0076 3.48096 2.2078e-16)
(25.0056 3.45611 -2.37328e-17)
(25.0044 3.43288 -3.36301e-16)
(25.0038 3.41044 5.16057e-16)
(25.0038 3.388 -4.03471e-16)
(25.0045 3.36472 3.22702e-16)
(25.006 3.3396 4.2359e-18)
(25.6013 4.23345 -3.96928e-17)
(25.5442 4.20963 9.40288e-17)
(25.482 4.17663 -5.57715e-18)
(25.4161 4.13322 -8.53667e-17)
(25.354 4.08276 -5.2181e-17)
(25.2947 4.02343 8.55749e-16)
(25.2394 3.95628 -2.32473e-16)
(25.1924 3.88705 5.83506e-16)
(25.1546 3.82011 -2.01072e-15)
(25.125 3.75667 -3.98422e-16)
(25.1025 3.69862 9.08868e-16)
(25.0861 3.64773 5.57244e-17)
(25.0742 3.60338 -1.81907e-16)
(25.0656 3.56478 -7.51058e-16)
(25.0595 3.53143 8.36137e-16)
(25.0551 3.50222 -2.65809e-17)
(25.052 3.47619 -2.98772e-16)
(25.0499 3.45259 -3.0047e-17)
(25.0484 3.43056 7.21979e-17)
(25.0476 3.40929 -9.63965e-17)
(25.0473 3.38804 3.29084e-16)
(25.0477 3.36599 -4.11263e-16)
(25.0487 3.34217 2.24567e-16)
(25.6164 4.18854 -5.21938e-18)
(25.5627 4.16659 7.75894e-18)
(25.5044 4.13588 -1.08334e-16)
(25.4422 4.09529 -2.43197e-16)
(25.3838 4.04787 2.35077e-16)
(25.3277 3.99189 -1.08064e-15)
(25.2752 3.92832 5.3599e-16)
(25.2303 3.86264 -4.61917e-17)
(25.1942 3.799 4.88239e-16)
(25.1658 3.73859 -1.52159e-16)
(25.1442 3.68327 6.00911e-16)
(25.1283 3.63475 -2.81109e-16)
(25.1167 3.59245 4.17014e-16)
(25.1082 3.55564 8.03399e-17)
(25.1021 3.52384 3.53147e-16)
(25.0976 3.49601 -2.35956e-16)
(25.0944 3.47123 -2.58014e-16)
(25.0921 3.44879 2.00185e-16)
(25.0905 3.42788 -1.78939e-16)
(25.0895 3.40771 1.14042e-16)
(25.089 3.38757 -1.53473e-16)
(25.089 3.36668 3.33425e-16)
(25.0897 3.34408 -1.75098e-16)
(25.6302 4.14591 -5.34539e-18)
(25.58 4.12569 1.18387e-17)
(25.5253 4.09713 -1.25767e-16)
(25.4669 4.0592 5.31151e-16)
(25.4119 4.01463 -1.94058e-16)
(25.359 3.9618 1.14217e-15)
(25.3091 3.90159 7.29548e-16)
(25.2664 3.83927 1.2436e-16)
(25.232 3.77872 9.97062e-16)
(25.2049 3.72117 3.24372e-17)
(25.184 3.66842 -8.37284e-16)
(25.1686 3.62213 -6.56462e-16)
(25.1572 3.58175 -4.13012e-16)
(25.1488 3.5466 4.86041e-16)
(25.1427 3.51626 -1.89672e-17)
(25.1382 3.48972 4.96722e-16)
(25.1348 3.46611 -4.75572e-16)
(25.1324 3.44477 6.22616e-18)
(25.1307 3.4249 -9.01481e-17)
(25.1294 3.40576 -1.42543e-16)
(25.1287 3.38666 6.15387e-18)
(25.1285 3.36685 -9.41611e-17)
(25.1288 3.3454 1.14827e-16)
(25.6429 4.10546 4.15486e-17)
(25.596 4.08687 -6.9872e-17)
(25.5449 4.06031 2.83792e-16)
(25.4901 4.02488 -5.38033e-16)
(25.4386 3.98298 1.96238e-16)
(25.3887 3.9331 -1.34412e-15)
(25.3414 3.87606 -6.61313e-16)
(25.3008 3.81692 5.04785e-16)
(25.2681 3.75927 -1.0954e-15)
(25.2422 3.70439 4.54554e-16)
(25.222 3.65406 8.12721e-17)
(25.207 3.60986 5.05253e-17)
(25.1958 3.57128 -2.38011e-16)
(25.1874 3.5377 -2.68395e-16)
(25.1813 3.50872 8.4502e-17)
(25.1767 3.48338 3.5338e-16)
(25.1733 3.46088 -3.03112e-16)
(25.1707 3.44056 4.03769e-16)
(25.1689 3.42167 -1.64216e-16)
(25.1675 3.4035 9.96359e-17)
(25.1666 3.38538 -2.44066e-16)
(25.1662 3.36658 3.00606e-16)
(25.1662 3.34623 -5.07365e-17)
(25.167 3.32379 -1.51486e-16)
(25.6546 4.0671 -2.30214e-17)
(25.6109 4.05002 4.04816e-17)
(25.5633 4.02532 -4.24496e-17)
(25.5121 3.99225 -1.82686e-16)
(25.4639 3.95286 -4.08425e-17)
(25.417 3.90576 8.44186e-16)
(25.372 3.85171 3.54628e-16)
(25.3336 3.79558 -1.28878e-15)
(25.3027 3.74061 -5.9366e-16)
(25.2778 3.68823 3.72549e-16)
(25.2582 3.64018 -5.3049e-16)
(25.2435 3.59794 8.41252e-16)
(25.2324 3.56104 1.22295e-16)
(25.2241 3.52893 1.04224e-16)
(25.2179 3.50123 -1.34557e-17)
(25.2133 3.47704 7.46545e-17)
(25.2098 3.45558 -7.22157e-16)
(25.2072 3.43622 2.07792e-16)
(25.2053 3.41826 8.09505e-17)
(25.2038 3.40099 8.96989e-17)
(25.2027 3.38379 -1.76745e-16)
(25.2021 3.36596 1.87407e-16)
(25.202 3.34663 6.65738e-17)
(25.2024 3.3253 -5.78966e-17)
(25.6653 4.03073 -1.15473e-17)
(25.6248 4.01506 -2.81251e-17)
(25.5806 3.99211 1.07471e-16)
(25.5328 3.96127 1.66346e-16)
(25.4879 3.92422 2.94825e-16)
(25.4438 3.87974 7.5535e-17)
(25.4012 3.82851 5.08791e-17)
(25.365 3.77524 2.84717e-16)
(25.3357 3.72274 1.65758e-15)
(25.3117 3.67269 8.27718e-17)
(25.2926 3.62677 6.80061e-16)
(25.2781 3.58636 -7.12608e-16)
(25.2671 3.55105 -1.35038e-16)
(25.2589 3.52032 1.16608e-16)
(25.2527 3.49384 -3.70734e-17)
(25.2481 3.47073 1.45158e-16)
(25.2446 3.45025 -6.67744e-17)
(25.242 3.43181 4.64688e-16)
(25.2399 3.41471 -4.94801e-16)
(25.2384 3.3983 3.11745e-16)
(25.2373 3.38197 -5.02546e-16)
(25.2365 3.36504 3.32221e-16)
(25.2362 3.34668 -2.5568e-16)
(25.2364 3.3264 -9.55435e-17)
(25.6751 3.99628 2.01779e-17)
(25.6377 3.98192 -1.02385e-17)
(25.5968 3.96061 -2.64324e-16)
(25.5524 3.93187 1.36036e-16)
(25.5107 3.89702 -5.66995e-16)
(25.4693 3.85502 1.67379e-16)
(25.429 3.80645 -1.53909e-17)
(25.3951 3.75588 1.24729e-15)
(25.3672 3.70562 -1.99865e-15)
(25.3439 3.65772 3.68845e-16)
(25.3251 3.61382 -7.08201e-16)
(25.3108 3.57514 5.41326e-16)
(25.3 3.54133 -2.6287e-16)
(25.2919 3.51191 -2.60781e-16)
(25.2858 3.48658 1.53451e-16)
(25.2812 3.46449 -2.40364e-17)
(25.2777 3.44494 -1.13447e-18)
(25.2751 3.42736 1.49344e-17)
(25.273 3.41108 3.15078e-16)
(25.2714 3.39548 -2.17553e-19)
(25.2702 3.37996 -2.91354e-17)
(25.2693 3.36387 -1.8215e-16)
(25.2688 3.34643 2.38524e-17)
(25.2688 3.32714 3.46102e-17)
(25.6841 3.96364 -4.59302e-17)
(25.6497 3.95052 -3.41957e-17)
(25.612 3.93073 2.81316e-17)
(25.5709 3.90399 -4.75126e-16)
(25.5323 3.87118 3.4581e-16)
(25.4935 3.83154 -5.51984e-16)
(25.4555 3.78548 -7.33087e-16)
(25.4239 3.7375 -7.89882e-16)
(25.3973 3.68923 1.12082e-15)
(25.3744 3.64335 -9.41319e-16)
(25.3559 3.60135 5.48318e-16)
(25.3418 3.56431 3.53982e-16)
(25.3313 3.5319 -4.01173e-17)
(25.3233 3.50373 1.64492e-16)
(25.3173 3.47948 -4.11824e-19)
(25.3127 3.45836 2.15611e-16)
(25.3093 3.43968 -1.19357e-17)
(25.3066 3.42289 -3.26868e-16)
(25.3044 3.40738 -4.78903e-17)
(25.3027 3.39252 8.64883e-17)
(25.3014 3.37776 -6.48902e-17)
(25.3004 3.36247 -5.50548e-18)
(25.2997 3.34588 5.69578e-17)
(25.2994 3.32753 4.62364e-17)
(25.6924 3.93274 2.35828e-17)
(25.6609 3.92076 -2.5929e-17)
(25.6264 3.90241 6.23069e-17)
(25.5884 3.87757 5.44455e-16)
(25.5529 3.84665 8.11022e-16)
(25.5165 3.80927 1.87538e-16)
(25.4807 3.76556 4.05946e-16)
(25.4514 3.7201 -2.02466e-16)
(25.4258 3.67352 9.48472e-16)
(25.4032 3.62953 -8.66535e-16)
(25.385 3.58938 1.84327e-16)
(25.3713 3.55388 -1.01981e-16)
(25.361 3.5228 -1.87692e-16)
(25.3531 3.49579 -1.59681e-16)
(25.3472 3.47255 -2.03998e-16)
(25.3426 3.45232 1.45128e-16)
(25.3391 3.43445 -1.09422e-16)
(25.3363 3.41841 -3.24843e-17)
(25.3341 3.4036 -8.90185e-17)
(25.3323 3.38944 2.59583e-16)
(25.3308 3.37539 2.18289e-16)
(25.3296 3.36083 -2.09007e-17)
(25.3287 3.34504 -5.78746e-17)
(25.3282 3.32756 -1.20061e-16)
(25.6999 3.90349 -2.46185e-18)
(25.6713 3.89257 -7.36842e-17)
(25.6399 3.87558 1.30758e-16)
(25.6051 3.85257 -3.88542e-16)
(25.5725 3.82343 -9.73579e-16)
(25.5383 3.78824 3.46175e-17)
(25.5049 3.74675 -1.34342e-15)
(25.4778 3.70378 3.06724e-16)
(25.4526 3.65832 -2.58657e-16)
(25.4303 3.61612 -2.72744e-16)
(25.4125 3.57782 1.70038e-16)
(25.3993 3.54379 1.0361e-16)
(25.3892 3.51394 -4.05201e-16)
(25.3813 3.48801 3.15804e-16)
(25.3753 3.46573 -3.54709e-16)
(25.3707 3.44633 -3.31984e-16)
(25.367 3.42921 7.57594e-16)
(25.3641 3.41387 -7.43965e-16)
(25.3618 3.39972 7.68525e-17)
(25.3598 3.38621 1.97616e-16)
(25.3582 3.37281 -3.44512e-17)
(25.3568 3.35895 -1.27025e-16)
(25.3557 3.3439 -2.8494e-16)
(25.3549 3.32725 2.56678e-16)
(25.3547 3.30953 1.66249e-18)
(25.7068 3.87576 7.44733e-18)
(25.6811 3.86585 4.70796e-17)
(25.6526 3.85017 -4.40692e-18)
(25.621 3.82892 -1.28294e-16)
(25.5913 3.80146 7.81688e-16)
(25.5593 3.76846 -3.05467e-16)
(25.5281 3.72907 4.99338e-16)
(25.5031 3.68864 -2.47902e-16)
(25.478 3.64359 1.9194e-17)
(25.4558 3.60311 8.97082e-16)
(25.4386 3.5667 1.91922e-17)
(25.4258 3.53403 4.86076e-16)
(25.4157 3.50529 8.11454e-16)
(25.4077 3.48035 -1.14556e-15)
(25.4015 3.45894 6.45449e-16)
(25.3967 3.44031 -5.31098e-16)
(25.3929 3.42388 1.65292e-16)
(25.3899 3.40918 -3.38218e-16)
(25.3874 3.39565 3.1261e-16)
(25.3852 3.38274 4.57386e-17)
(25.3835 3.36996 8.58159e-19)
(25.3819 3.35674 -3.01058e-16)
(25.3806 3.34241 1.54261e-16)
(25.3796 3.32653 -5.85663e-17)
(25.379 3.30965 -1.95263e-16)
(25.7121 3.85356 2.96182e-17)
(25.6888 3.8443 2.12774e-17)
(25.6629 3.82934 7.04364e-17)
(25.6342 3.80903 2.54202e-16)
(25.6075 3.78227 -3.26984e-16)
(25.5781 3.75031 4.66613e-16)
(25.5507 3.71176 -4.24227e-16)
(25.5296 3.67288 1.39862e-15)
(25.5053 3.62895 -1.55925e-15)
(25.481 3.59097 6.44567e-16)
(25.4627 3.5568 -7.80601e-16)
(25.4492 3.52552 2.9186e-16)
(25.4385 3.49783 -7.26364e-16)
(25.4299 3.4738 2.22846e-16)
(25.4232 3.45314 -2.77388e-16)
(25.418 3.43517 5.83832e-16)
(25.4138 3.41932 -1.50811e-17)
(25.4105 3.40515 -2.53898e-16)
(25.4077 3.39212 4.67042e-16)
(25.4054 3.37971 -3.71051e-16)
(25.4034 3.36742 2.61184e-16)
(25.4016 3.35473 -2.65876e-16)
(25.4001 3.34095 2.25068e-16)
(25.3988 3.3257 -6.24392e-18)
(25.3979 3.30948 -2.71476e-16)
(25.7163 3.83568 -1.78275e-17)
(25.695 3.82681 5.13868e-17)
(25.6714 3.81218 -2.04033e-18)
(25.6455 3.79226 -9.03758e-17)
(25.6219 3.76554 8.84249e-17)
(25.5958 3.734 -6.95421e-16)
(25.5733 3.69555 3.08779e-16)
(25.5572 3.65723 -2.605e-16)
(25.5339 3.61392 3.23586e-16)
(25.5059 3.57907 -1.49961e-16)
(25.4851 3.54736 1.3547e-15)
(25.4702 3.51759 1.85985e-16)
(25.4584 3.49104 3.34783e-17)
(25.4488 3.46792 4.16741e-16)
(25.4413 3.448 -5.89192e-16)
(25.4355 3.43063 1.69929e-16)
(25.431 3.41531 -8.24543e-17)
(25.4273 3.40161 1.49039e-16)
(25.4242 3.38901 1.63327e-16)
(25.4216 3.37701 -1.15659e-16)
(25.4193 3.36514 -5.446e-17)
(25.4173 3.35287 1.33821e-16)
(25.4154 3.33956 2.1962e-16)
(25.4138 3.32481 -1.0882e-16)
(25.4127 3.30914 -7.0863e-17)
(25.7205 3.81746 4.30303e-18)
(25.7012 3.809 -3.82469e-18)
(25.68 3.79479 1.51461e-17)
(25.657 3.77535 -4.84412e-17)
(25.6365 3.74881 1.04241e-17)
(25.6135 3.71797 6.36479e-16)
(25.5957 3.67966 -3.20501e-17)
(25.5833 3.64197 4.844e-16)
(25.5613 3.59978 -2.78519e-16)
(25.53 3.56757 -3.20112e-16)
(25.5066 3.53788 -9.11343e-16)
(25.4905 3.50948 5.39473e-16)
(25.4776 3.48399 -2.7546e-16)
(25.4671 3.46175 -6.37081e-16)
(25.459 3.44255 -6.09779e-17)
(25.4527 3.42578 2.67681e-18)
(25.4477 3.41099 9.36932e-17)
(25.4437 3.39776 5.75715e-18)
(25.4403 3.3856 -1.43841e-16)
(25.4374 3.37402 -6.39956e-17)
(25.4349 3.36257 -7.39465e-17)
(25.4326 3.35075 -1.02143e-16)
(25.4305 3.33791 6.76348e-17)
(25.4287 3.32368 -3.25018e-17)
(25.4273 3.30857 1.7562e-16)
(25.7245 3.79909 -2.64259e-17)
(25.7074 3.79107 1.38759e-17)
(25.6886 3.77737 -9.18143e-17)
(25.6685 3.75851 2.69216e-17)
(25.6509 3.73232 -3.7788e-16)
(25.6309 3.7025 -7.05458e-16)
(25.6176 3.66437 7.0168e-16)
(25.608 3.6277 -5.8285e-16)
(25.587 3.58651 -2.05182e-15)
(25.5529 3.55641 1.23315e-16)
(25.5272 3.52846 5.32843e-16)
(25.5097 3.50127 7.29389e-17)
(25.496 3.47676 -3.57862e-16)
(25.4848 3.45536 4.17445e-16)
(25.476 3.43685 -4.30049e-16)
(25.4692 3.42069 6.13082e-16)
(25.4639 3.4064 -5.56901e-16)
(25.4595 3.39364 -4.05214e-17)
(25.4559 3.38191 -8.19057e-17)
(25.4528 3.37076 3.13057e-17)
(25.4501 3.35973 6.42267e-17)
(25.4476 3.34834 1.31935e-16)
(25.4453 3.33598 1.58135e-17)
(25.4432 3.32229 2.65665e-17)
(25.4416 3.30773 -2.12708e-17)
(25.7285 3.7806 8.8675e-18)
(25.7135 3.77305 -6.7801e-17)
(25.6972 3.75997 1.63878e-16)
(25.68 3.7418 1.4524e-16)
(25.665 3.71616 2.53048e-16)
(25.648 3.6877 4.98823e-16)
(25.639 3.64971 8.88153e-16)
(25.6308 3.61461 -4.39422e-16)
(25.6108 3.57414 7.61511e-16)
(25.5745 3.54561 -1.68522e-16)
(25.5465 3.5191 -5.80345e-16)
(25.5279 3.49296 -3.00607e-16)
(25.5134 3.46932 2.417e-16)
(25.5015 3.44869 3.95878e-17)
(25.4922 3.43088 2.5809e-16)
(25.4851 3.4153 -4.5241e-16)
(25.4794 3.40154 5.19562e-16)
(25.4749 3.38924 -4.56509e-17)
(25.471 3.37795 1.34666e-16)
(25.4677 3.36721 -4.0033e-16)
(25.4648 3.3566 6.2266e-17)
(25.4622 3.34565 -4.75844e-17)
(25.4597 3.33377 -2.60243e-17)
(25.4574 3.32059 -9.92765e-17)
(25.4555 3.30661 9.0493e-17)
(25.7322 3.76207 -9.78263e-18)
(25.7195 3.75503 6.88952e-17)
(25.7056 3.74268 -8.79582e-17)
(25.6912 3.72531 -1.54123e-16)
(25.6788 3.7005 -1.59675e-16)
(25.6647 3.6737 -2.3078e-17)
(25.6595 3.63585 -8.22913e-16)
(25.6515 3.60308 9.73846e-16)
(25.6323 3.56281 6.10445e-16)
(25.5944 3.53519 4.7504e-16)
(25.5646 3.50985 6.61208e-16)
(25.5449 3.48463 -5.56121e-16)
(25.5298 3.46176 2.38326e-16)
(25.5174 3.44182 -3.47643e-16)
(25.5077 3.42462 7.52237e-16)
(25.5003 3.40961 -6.66838e-16)
(25.4944 3.39638 8.10577e-17)
(25.4897 3.38456 2.20563e-16)
(25.4857 3.37373 -2.62399e-16)
(25.4823 3.36342 2.04873e-16)
(25.4792 3.35325 -6.44829e-18)
(25.4764 3.34274 9.8517e-18)
(25.4737 3.33133 -6.88622e-17)
(25.4713 3.31868 -2.23635e-16)
(25.4692 3.30526 1.85361e-18)
(25.7358 3.74354 1.49297e-17)
(25.7252 3.73706 3.45193e-17)
(25.7138 3.72557 2.88733e-17)
(25.7022 3.70913 -1.17618e-16)
(25.6921 3.68551 -2.95882e-16)
(25.681 3.66065 2.6696e-16)
(25.6789 3.62303 -1.52877e-16)
(25.67 3.59357 -2.06298e-16)
(25.6516 3.55271 4.53508e-17)
(25.6126 3.52521 -7.12927e-16)
(25.5814 3.50068 4.19561e-16)
(25.5608 3.47628 -7.24248e-16)
(25.5454 3.45418 -2.73321e-17)
(25.5327 3.43492 5.34833e-16)
(25.5226 3.41829 -7.04582e-16)
(25.5149 3.40375 -2.05231e-16)
(25.5088 3.39093 7.70943e-16)
(25.5038 3.37951 -1.43258e-16)
(25.4997 3.36908 -1.55342e-16)
(25.4962 3.35919 2.38929e-16)
(25.493 3.34944 -2.4494e-16)
(25.4901 3.33938 2.80414e-16)
(25.4872 3.32845 -1.60229e-16)
(25.4845 3.31634 -2.17327e-17)
(25.4822 3.30349 6.20649e-17)
(25.7391 3.72505 -1.09361e-17)
(25.7306 3.71919 1.37844e-18)
(25.7217 3.7087 2.50229e-17)
(25.7126 3.69337 -6.31875e-17)
(25.7049 3.67142 2.89045e-16)
(25.6966 3.64873 -1.76942e-16)
(25.6967 3.61163 1.69182e-17)
(25.686 3.58666 -1.72698e-16)
(25.6689 3.54424 4.26491e-16)
(25.6295 3.51587 -8.41815e-16)
(25.5971 3.49154 -1.9146e-17)
(25.5757 3.4676 4.19347e-16)
(25.5601 3.44619 -4.64592e-16)
(25.5473 3.42781 -3.11486e-17)
(25.5371 3.41201 -2.05929e-16)
(25.5292 3.39811 1.23315e-16)
(25.5227 3.38574 -2.7276e-17)
(25.5174 3.37463 -5.40566e-17)
(25.513 3.36442 8.43327e-17)
(25.5091 3.35474 5.3606e-17)
(25.5056 3.34521 -4.86648e-17)
(25.5024 3.33541 -1.19712e-16)
(25.4993 3.32479 7.26072e-17)
(25.4962 3.31304 -3.39746e-19)
(25.4933 3.30059 1.35023e-16)
(25.491 3.28819 -6.70978e-17)
(25.7421 3.70658 1.30051e-17)
(25.7358 3.70143 -5.86516e-18)
(25.7291 3.69211 -3.35685e-17)
(25.7225 3.67816 -1.15414e-16)
(25.7168 3.65846 -2.82529e-16)
(25.7112 3.63805 2.42368e-16)
(25.7121 3.60214 1.0942e-16)
(25.6996 3.58303 2.10165e-16)
(25.6848 3.53788 4.74095e-16)
(25.6459 3.5079 8.21464e-17)
(25.6127 3.48313 3.13031e-16)
(25.5902 3.45878 -9.6232e-17)
(25.5734 3.43718 2.26807e-16)
(25.5597 3.41904 -6.67426e-16)
(25.5491 3.40392 9.41157e-16)
(25.5411 3.39099 -3.20175e-16)
(25.5348 3.37966 -1.40325e-16)
(25.5294 3.3695 3.51204e-16)
(25.5247 3.36009 -2.22052e-16)
(25.5204 3.35105 7.7337e-18)
(25.5164 3.34203 -3.1938e-17)
(25.5125 3.33267 2.94812e-16)
(25.5086 3.32248 -2.76122e-16)
(25.5048 3.31117 -2.27946e-17)
(25.5012 3.29919 2.24057e-16)
(25.498 3.28725 -7.70372e-17)
(25.7448 3.68813 6.39753e-18)
(25.7406 3.68378 -2.53804e-17)
(25.7361 3.6758 8.0162e-17)
(25.7316 3.66359 -1.0254e-16)
(25.7276 3.64672 3.83997e-16)
(25.724 3.62863 -1.83468e-16)
(25.7242 3.59538 -2.99836e-16)
(25.7109 3.58362 3.26262e-16)
(25.6998 3.53373 -8.22967e-16)
(25.6621 3.50181 5.69398e-16)
(25.6286 3.4769 -6.27587e-16)
(25.605 3.45248 1.05056e-15)
(25.5864 3.43038 -7.18356e-16)
(25.5702 3.41115 -2.40769e-17)
(25.5569 3.39467 1.35012e-16)
(25.5467 3.38056 -3.4121e-16)
(25.539 3.36853 4.96219e-16)
(25.5331 3.35823 -1.53081e-16)
(25.5283 3.34911 -2.2706e-17)
(25.5241 3.34065 1.93705e-16)
(25.52 3.33236 -9.81576e-17)
(25.5158 3.32373 -4.30558e-16)
(25.5114 3.3142 1.71513e-16)
(25.5068 3.30349 -6.45873e-18)
(25.5023 3.29219 -4.65816e-17)
(25.4984 3.2812 1.13021e-16)
(25.747 3.66961 -4.87091e-18)
(25.7445 3.66616 2.00221e-17)
(25.742 3.65973 -3.50229e-17)
(25.7394 3.64975 1.97797e-17)
(25.737 3.63625 1.43226e-16)
(25.7349 3.62079 -2.87284e-16)
(25.7341 3.59298 2.97639e-17)
(25.7225 3.58921 5.76207e-17)
(25.7145 3.5316 6.22023e-16)
(25.676 3.4949 -7.01677e-16)
(25.6406 3.4685 4.73942e-16)
(25.6157 3.4458 -3.55791e-16)
(25.5967 3.42729 6.36328e-16)
(25.5806 3.41157 -9.99179e-16)
(25.5666 3.39712 9.28499e-17)
(25.5543 3.38316 3.0429e-16)
(25.5435 3.36958 4.51945e-16)
(25.5343 3.35661 -4.51047e-16)
(25.5267 3.34426 -2.94439e-17)
(25.5206 3.33246 -1.48264e-16)
(25.5156 3.32101 2.44792e-16)
(25.5113 3.30962 -4.60628e-16)
(25.5071 3.29786 4.56674e-17)
(25.5023 3.28538 2.74724e-16)
(25.497 3.27227 6.17081e-17)
(25.4917 3.25899 -7.84605e-17)
(25.7484 3.65062 3.26707e-17)
(25.7471 3.64826 4.02382e-17)
(25.7459 3.6438 5.53868e-17)
(25.7449 3.63681 -1.94372e-16)
(25.7442 3.62748 2.30114e-16)
(25.7441 3.616 -1.25133e-16)
(25.7443 3.59739 -2.45631e-16)
(25.7377 3.59932 2.62503e-16)
(25.7309 3.53431 5.54621e-18)
(25.6882 3.48416 -3.419e-16)
(25.6457 3.4439 7.45013e-16)
(25.6132 3.41274 4.08872e-16)
(25.5893 3.39243 -1.07558e-15)
(25.5731 3.38124 7.05275e-16)
(25.5634 3.37609 -1.44905e-16)
(25.5583 3.37409 -1.25467e-16)
(25.555 3.37345 2.60016e-16)
(25.5518 3.37313 -7.00735e-17)
(25.5477 3.37238 -1.59146e-16)
(25.5426 3.3709 -3.81017e-16)
(25.5367 3.36835 2.68729e-16)
(25.5301 3.36456 2.14918e-16)
(25.5236 3.35916 -1.3058e-16)
(25.5185 3.35234 -1.02516e-16)
(25.5156 3.34554 1.40032e-17)
(25.5141 3.33995 -1.55815e-17)
(25.7493 3.6304 2.18731e-17)
(25.7487 3.62951 9.06403e-17)
(25.7483 3.6278 -9.43466e-17)
(25.7482 3.6251 1.08729e-16)
(25.7487 3.62151 -2.30303e-16)
(25.75 3.61683 2.05819e-16)
(25.7523 3.61044 -1.00108e-16)
(25.7519 3.61224 2.01317e-16)
(25.7488 3.55853 -6.3159e-16)
(25.7129 3.50419 -2.36756e-16)
(25.6735 3.44695 9.5212e-16)
(25.6366 3.39148 1.27507e-16)
(25.6025 3.34263 -1.2126e-15)
(25.5725 3.3017 8.96988e-16)
(25.5492 3.26841 3.3471e-16)
(25.5335 3.24121 -3.26864e-16)
(25.5252 3.21864 8.7205e-17)
(25.5231 3.19931 -4.98972e-16)
(25.5258 3.18193 -7.17661e-17)
(25.5316 3.16554 5.48078e-16)
(25.5391 3.14934 -9.35673e-16)
(25.5472 3.13254 4.22793e-16)
(25.5538 3.11425 2.91827e-16)
(25.5564 3.09423 2.26303e-16)
(25.5545 3.07376 -3.29993e-16)
(25.5516 3.05415 -2.71323e-17)
)
;

boundaryField
{
    inlet
    {
        type            freestreamVelocity;
        freestreamValue uniform (25.75 3.62 0);
        value           nonuniform List<vector> 
26
(
(25.75 3.62005 1.06499e-19)
(25.75 3.62005 4.41322e-19)
(25.75 3.62004 -4.59366e-19)
(25.75 3.62002 5.29388e-19)
(25.75 3.62001 -1.12131e-18)
(25.75 3.61998 1.00208e-18)
(25.75 3.61995 -4.87392e-19)
(25.75 3.61996 9.80156e-19)
(25.7495 3.59351 -2.72146e-16)
(25.734 3.57005 -1.02111e-16)
(25.717 3.54529 4.11046e-16)
(25.701 3.52125 5.50997e-17)
(25.6862 3.50004 -5.24443e-16)
(25.6732 3.48224 3.88213e-16)
(25.663 3.46775 1.44945e-16)
(25.6562 3.45589 -1.41615e-16)
(25.6526 3.44604 3.77973e-17)
(25.6516 3.43759 -2.16348e-16)
(25.6528 3.42999 -3.11275e-17)
(25.6553 3.42282 2.37799e-16)
(25.6585 3.41572 -4.06101e-16)
(25.6619 3.40836 1.83564e-16)
(25.6648 3.40034 1.26749e-16)
(25.6659 3.39156 9.83282e-17)
(25.665 3.38257 -1.43437e-16)
(25.6638 3.37395 -1.17978e-17)
)
;
    }
    outlet
    {
        type            freestreamVelocity;
        freestreamValue nonuniform List<vector> 0();
        value           nonuniform List<vector> 0();
    }
    walls
    {
        type            noSlip;
    }
    frontAndBack
    {
        type            empty;
    }
    procBoundary0to1
    {
        type            processor;
        value           nonuniform List<vector> 
94
(
(14.7929 11.177 -4.67269e-16)
(15.3202 9.70821 -7.70645e-16)
(15.3202 9.70821 -7.70645e-16)
(15.8482 8.37768 -1.4017e-15)
(15.8482 8.37768 -1.4017e-15)
(16.3868 7.17534 7.09283e-17)
(16.3868 7.17534 7.09283e-17)
(16.9405 6.13591 -1.71346e-15)
(16.9405 6.13591 -1.71346e-15)
(17.5023 5.26798 1.03703e-16)
(17.5023 5.26798 1.03703e-16)
(18.0616 4.54842 -8.61502e-17)
(18.5362 4.58465 4.06018e-16)
(18.5362 4.58465 4.06018e-16)
(19.03 4.02862 7.18973e-16)
(19.4254 4.07998 5.43161e-16)
(19.4254 4.07998 5.43161e-16)
(19.8615 3.66111 1.22809e-15)
(20.1948 3.72178 2.16532e-17)
(20.5082 3.77242 -8.67817e-17)
(20.5082 3.77242 -8.67817e-17)
(20.8633 3.47388 -5.26718e-16)
(21.1307 3.53062 4.48095e-16)
(21.1307 3.53062 4.48095e-16)
(21.4445 3.30851 -1.03642e-16)
(21.6738 3.36814 -9.98494e-18)
(21.8908 3.4203 -5.72764e-17)
(21.8908 3.4203 -5.72764e-17)
(22.1468 3.26559 2.11845e-16)
(22.334 3.31861 -6.21546e-17)
(22.5114 3.36532 -2.24737e-16)
(22.5114 3.36532 -2.24737e-16)
(22.7204 3.25736 1.40172e-16)
(22.8742 3.30333 1.27014e-16)
(22.8742 3.30333 1.27014e-16)
(23.057 3.22383 -2.3167e-16)
(23.1907 3.2677 3.54701e-16)
(23.3179 3.30643 1.05246e-16)
(23.3179 3.30643 1.05246e-16)
(23.4669 3.24948 3.51832e-16)
(23.5781 3.28546 1.41293e-17)
(23.6842 3.31703 -4.13044e-16)
(23.6842 3.31703 -4.13044e-16)
(23.8063 3.27427 -8.06613e-17)
(23.8997 3.30287 1.08664e-16)
(23.9891 3.32775 2.32632e-17)
(23.9891 3.32775 2.32632e-17)
(24.0899 3.29345 1.11728e-16)
(24.1694 3.31548 2.78438e-16)
(24.2456 3.33445 1.97889e-16)
(24.2456 3.33445 1.97889e-16)
(24.3299 3.3049 9.09988e-17)
(24.3983 3.3214 2.88808e-16)
(24.4642 3.33545 8.98744e-17)
(24.4642 3.33545 8.98744e-17)
(24.5357 3.30828 2.03353e-16)
(24.5954 3.32041 2.22292e-16)
(24.653 3.33064 1.82951e-16)
(24.7086 3.33917 1.34295e-17)
(24.7086 3.33917 1.34295e-17)
(24.7674 3.31322 -9.42593e-17)
(24.8184 3.32072 1.44247e-16)
(24.8677 3.32696 -3.84325e-16)
(24.9155 3.33211 -3.18675e-17)
(24.9155 3.33211 -3.18675e-17)
(24.9648 3.30729 8.17913e-17)
(25.0086 3.31207 2.2441e-16)
(25.0508 3.31602 6.17158e-17)
(25.0912 3.31923 -2.782e-18)
(25.1299 3.32179 -8.17792e-17)
(25.1299 3.32179 -8.17792e-17)
(25.1686 3.29995 -2.36076e-16)
(25.2037 3.30264 -1.33733e-17)
(25.2373 3.30485 -6.21243e-17)
(25.2694 3.30663 -6.45678e-17)
(25.2998 3.308 -2.27252e-17)
(25.3282 3.30897 -5.95612e-17)
(25.3282 3.30897 -5.95612e-17)
(25.355 3.2917 6.80893e-17)
(25.379 3.29267 -1.54458e-16)
(25.3977 3.29319 -5.31119e-17)
(25.4122 3.2934 -6.16398e-17)
(25.4265 3.2934 1.06937e-16)
(25.4405 3.29315 -9.31268e-17)
(25.4543 3.2926 -6.7673e-18)
(25.4677 3.29183 -2.17454e-16)
(25.4803 3.29067 -3.84801e-17)
(25.4803 3.29067 -3.84801e-17)
(25.4892 3.27611 -7.01943e-17)
(25.4954 3.27559 3.53828e-17)
(25.4951 3.27083 2.42146e-17)
(25.4869 3.2458 1.90619e-17)
(25.5132 3.33554 -5.51197e-17)
(25.5503 3.03571 -2.1109e-17)
)
;
    }
    procBoundary0to4
    {
        type            processor;
        value           nonuniform List<vector> 
72
(
(18.5699 14.7768 -5.35165e-19)
(19.233 14.0623 1.40651e-17)
(19.8241 13.4136 1.20147e-17)
(20.3531 12.821 -1.82858e-17)
(20.8288 12.2767 2.68585e-17)
(21.258 11.7744 3.84747e-18)
(21.6466 11.309 -5.45676e-17)
(21.9994 10.8762 2.41561e-17)
(22.3204 10.4726 -2.15115e-17)
(22.6132 10.0952 2.39145e-17)
(22.8806 9.74142 -5.20762e-18)
(23.1252 9.40918 -4.01422e-17)
(23.3493 9.09656 9.92895e-20)
(23.5549 8.80196 4.96951e-18)
(23.7435 8.52395 2.526e-17)
(23.9168 8.26126 -1.81621e-17)
(24.0761 8.0128 1.97078e-17)
(24.2226 7.77759 2.30064e-17)
(24.3573 7.55472 -4.65813e-17)
(24.4812 7.34341 1.21025e-17)
(24.5952 7.14291 4.2659e-18)
(24.7001 6.95259 1.20085e-17)
(24.5709 6.64191 -7.55993e-19)
(24.5709 6.64191 -7.55993e-19)
(24.6694 6.4795 6.28697e-18)
(24.7605 6.325 -2.71492e-18)
(24.8446 6.17799 -3.83961e-18)
(24.9222 6.03807 -6.45864e-18)
(24.9938 5.90488 1.18973e-18)
(25.0599 5.77808 -2.09969e-18)
(25.1208 5.65735 5.00808e-18)
(25.177 5.54239 -5.31117e-18)
(25.2288 5.43292 -8.3201e-18)
(25.2765 5.32869 -5.22322e-18)
(25.3204 5.22944 -9.85637e-18)
(25.3608 5.13494 1.22283e-17)
(25.3979 5.04497 -2.62971e-18)
(25.432 4.95933 6.82458e-19)
(25.4633 4.87782 -4.22803e-19)
(25.492 4.80025 -4.69064e-18)
(25.5183 4.72645 -1.28177e-18)
(25.5424 4.65624 2.37028e-19)
(25.5644 4.58947 -1.0564e-18)
(25.5845 4.52598 -1.51692e-18)
(25.6028 4.46564 2.22694e-18)
(25.6195 4.40829 -7.32152e-19)
(25.6347 4.35382 -6.03961e-18)
(25.6485 4.30209 1.32843e-18)
(25.661 4.25298 -3.31268e-18)
(25.6723 4.20638 2.33435e-18)
(25.6825 4.16218 1.75906e-18)
(25.6917 4.12028 5.13707e-19)
(25.7 4.08056 1.20886e-18)
(25.7073 4.04294 -3.97888e-18)
(25.7139 4.00732 1.80286e-18)
(25.7198 3.9736 -2.26187e-18)
(25.7249 3.9417 5.68545e-19)
(25.7294 3.91151 -1.06549e-18)
(25.7334 3.88291 -4.98183e-18)
(25.7363 3.86007 1.70537e-18)
(25.7384 3.8417 -2.7778e-19)
(25.7405 3.82299 5.52348e-20)
(25.7424 3.8041 4.39866e-19)
(25.7441 3.7851 1.03269e-18)
(25.7456 3.76606 -3.32296e-18)
(25.7469 3.74703 -5.34251e-20)
(25.7479 3.72802 1.17169e-19)
(25.7487 3.70904 -7.84937e-19)
(25.7493 3.69007 1.66433e-18)
(25.7496 3.67104 -4.70217e-18)
(25.7498 3.65153 -2.49039e-18)
(25.7499 3.63072 9.01565e-18)
)
;
    }
    procBoundary0to5
    {
        type            processor;
        value           nonuniform List<vector> 4((17.092 14.8222 -1.38929e-17) (16.4571 14.0507 8.5832e-18) (15.8768 13.2391 1.22423e-16) (15.3189 12.273 -4.23131e-17));
    }
}


// ************************************************************************* //
