/*--------------------------------*- C++ -*----------------------------------*\
| =========                 |                                                 |
| \\      /  F ield         | OpenFOAM: The Open Source CFD Toolbox           |
|  \\    /   O peration     | Version:  2306                                  |
|   \\  /    A nd           | Website:  www.openfoam.com                      |
|    \\/     M anipulation  |                                                 |
\*---------------------------------------------------------------------------*/
FoamFile
{
    version     2.0;
    format      ascii;
    arch        "LSB;label=32;scalar=64";
    class       volVectorField;
    location    "375";
    object      U;
}
// * * * * * * * * * * * * * * * * * * * * * * * * * * * * * * * * * * * * * //

dimensions      [0 1 -1 0 0 0 0];

internalField   nonuniform List<vector> 
1340
(
(18.5696 14.7733 -5.33024e-19)
(19.3778 15.4682 1.84315e-17)
(20.2845 16.1308 -1.85442e-17)
(19.2328 14.0589 1.4083e-17)
(19.986 14.6962 -3.90004e-18)
(20.8284 15.3042 1.82328e-17)
(21.7226 15.8363 -9.97006e-17)
(22.7075 16.3087 1.14633e-17)
(19.8238 13.4104 1.20226e-17)
(20.5292 13.9965 -1.90863e-17)
(21.3156 14.5552 -1.78513e-17)
(22.1463 15.0435 1.25256e-17)
(23.0596 15.4782 3.23903e-17)
(24.0293 15.8385 -1.42086e-16)
(25.0358 16.1081 -5.85431e-17)
(20.3529 12.8179 -1.83009e-17)
(21.0159 13.358 -5.3578e-17)
(21.7528 13.8724 9.37711e-18)
(22.5277 14.3211 -3.23887e-18)
(23.3781 14.721 -9.54718e-17)
(24.2786 15.0533 1.93475e-16)
(25.2109 15.3034 -3.20931e-16)
(26.1789 15.4684 1.02748e-15)
(20.8285 12.2738 2.68853e-17)
(21.4536 12.7723 1.42208e-17)
(22.1466 13.2464 1.96712e-17)
(22.8721 13.6589 3.29174e-17)
(23.6666 14.0269 -5.55758e-17)
(24.506 14.3327 9.19316e-17)
(25.3725 14.5634 4.30732e-16)
(26.2708 14.7173 -5.73964e-16)
(27.1884 14.7879 -2.69485e-16)
(21.2578 11.7717 3.84406e-18)
(21.8486 12.2325 -5.91275e-19)
(22.5021 12.6698 -1.38543e-17)
(23.1832 13.0495 1.45973e-18)
(23.9279 13.3879 8.65779e-17)
(24.7126 13.6688 -1.90615e-16)
(25.5204 13.8809 -3.65097e-17)
(26.3564 14.0231 -1.53802e-16)
(27.209 14.0898 -1.7847e-16)
(21.6464 11.3064 -5.46179e-17)
(22.2061 11.7328 5.05423e-17)
(22.8236 12.1367 -1.32994e-18)
(23.4648 12.4862 4.56049e-18)
(24.1646 12.7972 1.61173e-16)
(24.9 13.0549 -9.25563e-17)
(25.6551 13.2492 -4.5649e-16)
(26.435 13.3794 7.12017e-16)
(27.229 13.4409 4.93621e-16)
(28.0321 13.4299 -3.85644e-16)
(21.9991 10.8737 2.41806e-17)
(22.5303 11.2687 3.24915e-18)
(23.115 11.642 6.90266e-18)
(23.72 11.9638 3.33192e-17)
(24.3789 12.2495 -1.66932e-16)
(25.0698 12.4855 4.56035e-16)
(25.7772 12.6628 3.03211e-16)
(26.5064 12.7812 -4.36061e-16)
(27.2473 12.8367 -3.16747e-16)
(27.9957 12.8263 2.6255e-16)
(28.7519 12.7468 9.45781e-17)
(22.3201 10.4702 -2.15356e-17)
(22.825 10.8364 -8.36857e-18)
(23.3795 11.1815 -1.85551e-18)
(23.9512 11.4778 -1.01406e-17)
(24.5729 11.7401 -4.68083e-17)
(25.2232 11.956 -6.65282e-16)
(25.8873 12.1171 -1.93101e-16)
(26.5704 12.224 -1.64251e-16)
(27.2631 12.2731 1.61124e-16)
(27.9616 12.2621 1.61021e-16)
(28.6668 12.1881 2.02744e-16)
(22.6129 10.0929 2.39343e-17)
(23.0933 10.4325 4.57955e-17)
(23.6198 10.7516 4.0006e-18)
(24.1611 11.0245 2.238e-17)
(24.7486 11.2652 1.29375e-16)
(25.3617 11.4622 1.56271e-16)
(25.9861 11.6082 1.99181e-16)
(26.6272 11.7039 1.81891e-16)
(27.2758 11.7465 -3.05759e-16)
(27.9287 11.7339 -1.97003e-17)
(28.5871 11.6639 -1.04062e-16)
(29.2469 11.5339 2.06619e-16)
(22.8803 9.73925 -5.21535e-18)
(23.3378 10.0543 -3.66531e-17)
(23.8384 10.3495 5.58e-18)
(24.3515 10.6007 1.73806e-17)
(24.9074 10.8213 -5.29347e-17)
(25.4863 11.0008 5.74929e-17)
(26.0744 11.1326 -3.54736e-16)
(26.6769 11.2177 3.11637e-16)
(27.2851 11.2536 6.45108e-17)
(27.8962 11.2388 1.49208e-16)
(28.5117 11.1716 -1.46862e-16)
(29.1278 11.0496 3.20612e-16)
(23.1249 9.40711 -4.01776e-17)
(23.5611 9.69952 1.76494e-17)
(24.0375 9.9725 -1.43049e-17)
(24.5244 10.2037 -4.34652e-18)
(25.051 10.4057 7.36637e-17)
(25.5983 10.5689 9.59193e-17)
(26.1528 10.6874 -1.39313e-16)
(26.7198 10.7623 -1.29278e-16)
(27.2909 10.7917 2.11432e-16)
(27.8635 10.7744 -7.55492e-16)
(28.4394 10.709 1.09636e-15)
(29.0154 10.5935 -1.20749e-15)
(29.5901 10.4249 1.08444e-15)
(23.3491 9.09458 9.7034e-20)
(23.7652 9.36596 -1.42162e-17)
(24.2188 9.61841 9.39594e-18)
(24.6812 9.83102 -8.91293e-18)
(25.1807 10.0158 -1.42535e-17)
(25.6986 10.1638 -1.35497e-16)
(26.2221 10.27 -2.85097e-16)
(26.7562 10.3353 -1.74079e-16)
(27.2931 10.3584 2.1643e-16)
(27.8302 10.3383 5.33588e-17)
(28.3697 10.274 -1.11762e-16)
(28.9084 10.1639 4.20873e-16)
(29.4456 10.0052 -1.17305e-15)
(23.5546 8.80007 4.98043e-18)
(23.9518 9.05192 -4.36659e-17)
(24.3841 9.28532 -8.88169e-19)
(24.8236 9.48075 2.52971e-17)
(25.2977 9.64952 6.45994e-17)
(25.7882 9.78351 -1.3661e-16)
(26.2828 9.87803 3.12453e-16)
(26.7865 9.93431 1.30791e-16)
(27.2917 9.95129 -6.48189e-16)
(27.7961 9.9284 3.15445e-16)
(28.3017 9.86475 -1.0491e-15)
(28.806 9.75899 6.25224e-16)
(29.3084 9.60881 5.36332e-17)
(29.8078 9.41139 -1.81512e-16)
(23.7433 8.52214 2.52918e-17)
(24.1225 8.75584 -1.59049e-17)
(24.5347 8.97157 2.83363e-18)
(24.9528 9.15103 4.74259e-17)
(25.403 9.30498 1.31616e-16)
(25.868 9.42587 -1.17891e-16)
(26.3357 9.50961 3.37679e-16)
(26.8111 9.55743 1.84963e-16)
(27.2868 9.56863 6.60735e-16)
(27.7608 9.54286 2.09147e-16)
(28.2352 9.47945 1.18733e-15)
(28.7075 9.37735 -4.11958e-16)
(29.1775 9.23453 1.93302e-15)
(29.6445 9.04846 -4.02868e-16)
(23.9166 8.25954 -1.8183e-17)
(24.2789 8.47636 1.74162e-17)
(24.672 8.6756 -1.01158e-17)
(25.0699 8.84029 9.03051e-17)
(25.4977 8.98046 -1.75457e-16)
(25.9387 9.08921 3.52417e-16)
(26.3813 9.16289 -3.81431e-16)
(26.8303 9.20284 7.76324e-17)
(27.2786 9.20858 -5.18374e-16)
(27.7244 9.18001 4.12071e-16)
(28.1696 9.1166 3.99561e-16)
(28.6123 9.01758 -7.37248e-16)
(29.0522 8.88116 -1.62964e-15)
(29.489 8.7051 -1.26798e-15)
(24.0759 8.01116 1.97292e-17)
(24.422 8.21228 -3.67094e-18)
(24.7971 8.39617 -1.00489e-17)
(25.1759 8.54714 -3.24181e-17)
(25.5826 8.67451 9.69948e-17)
(26.0011 8.77196 1.68956e-16)
(26.4202 8.83634 1.82846e-16)
(26.8444 8.86895 6.23685e-17)
(27.2672 8.86958 -2.41459e-17)
(27.6867 8.83827 -8.90409e-18)
(28.1048 8.77471 -8.17293e-16)
(28.5199 8.67834 -1.68954e-16)
(28.9318 8.54757 4.11139e-16)
(29.3404 8.38045 3.16791e-16)
(29.7436 8.17471 1.83207e-15)
(24.2223 7.77602 2.3035e-17)
(24.5531 7.96249 2.22937e-17)
(24.9111 8.1321 1.6041e-17)
(25.2718 8.27031 -9.43453e-17)
(25.6586 8.38581 -1.91634e-17)
(26.0558 8.47279 -3.06546e-16)
(26.4529 8.52854 -3.08371e-16)
(26.854 8.55432 -3.09874e-16)
(27.2528 8.55019 -5.52782e-16)
(27.6477 8.51633 1.96853e-16)
(28.0407 8.45253 3.68731e-16)
(28.43 8.35842 5.66031e-16)
(28.8158 8.2327 -6.70738e-16)
(29.1981 8.07354 -2.87275e-16)
(29.575 7.87897 -7.75398e-16)
(24.357 7.55322 -4.66344e-17)
(24.6732 7.72601 -7.35399e-18)
(25.0149 7.88233 -3.21812e-17)
(25.3585 8.00869 -3.17353e-18)
(25.7264 8.11316 6.89169e-17)
(26.1036 8.19046 3.93774e-17)
(26.4798 8.23821 4.29371e-16)
(26.8592 8.25768 -1.44266e-16)
(27.2357 8.24913 6.3527e-16)
(27.6076 8.21288 -1.6537e-16)
(27.977 8.1488 3.16744e-16)
(28.3422 8.05674 8.62077e-18)
(28.7037 7.93552 9.5216e-16)
(29.0614 7.78357 6.01565e-16)
(29.4137 7.59912 -6.30442e-16)
(24.481 7.34198 1.21131e-17)
(24.7832 7.50199 -8.74921e-18)
(25.1093 7.64593 3.57401e-17)
(25.4367 7.76128 2.19789e-17)
(25.7867 7.85551 -1.41663e-16)
(26.145 7.92385 1.89934e-16)
(26.5016 7.96421 9.98916e-18)
(26.8605 7.97788 -5.47561e-16)
(27.2159 7.96525 -5.36295e-16)
(27.5663 7.92679 6.39662e-16)
(27.9137 7.86245 -3.32873e-16)
(28.2565 7.77223 -2.54654e-16)
(28.5952 7.65512 6.68152e-16)
(28.9299 7.50972 -8.26236e-16)
(29.2593 7.33446 7.98268e-16)
(29.5818 7.12758 -7.94326e-16)
(24.595 7.14155 4.27142e-18)
(24.8838 7.28965 2.03138e-18)
(25.1952 7.42205 1.55804e-17)
(25.5071 7.52716 -1.14706e-17)
(25.8401 7.61191 9.85258e-17)
(26.1805 7.67193 -2.9353e-16)
(26.5185 7.70549 -2.6893e-16)
(26.8582 7.71382 9.72777e-16)
(27.1938 7.69746 -1.15087e-16)
(27.524 7.65698 -7.19678e-17)
(27.8507 7.59244 -7.0557e-16)
(28.1726 7.50391 -4.51296e-16)
(28.49 7.39056 -1.12461e-15)
(28.8031 7.25117 3.13663e-16)
(29.111 7.08434 5.00854e-16)
(29.4122 6.88848 -1.09465e-15)
(24.6999 6.95129 1.20236e-17)
(24.976 7.08826 1.78889e-17)
(25.2731 7.2099 4.58956e-18)
(25.5703 7.30551 -8.02221e-17)
(25.8872 7.38146 -3.78439e-17)
(26.2105 7.4338 1.40076e-16)
(26.5311 7.46109 4.0859e-16)
(26.8525 7.46454 4.66555e-17)
(27.1695 7.44479 -4.83191e-16)
(27.4808 7.40251 2.69665e-16)
(27.7881 7.3378 5.28714e-16)
(28.0903 7.25088 1.35037e-15)
(28.3877 7.14103 -6.80739e-16)
(28.6808 7.00717 -9.19833e-16)
(28.9685 6.84811 2.3534e-16)
(29.2497 6.66236 2.0711e-16)
(24.5707 6.64066 -7.58575e-19)
(24.7964 6.77059 7.09335e-18)
(25.0602 6.89718 -9.5307e-18)
(25.3438 7.0088 1.99864e-17)
(25.627 7.09558 -9.86319e-17)
(25.9286 7.16338 2.05982e-16)
(26.2357 7.20864 -5.32672e-18)
(26.5396 7.23018 8.22086e-17)
(26.8438 7.22915 -2.83171e-16)
(27.1433 7.20634 -2.4482e-16)
(27.4367 7.16245 -3.5638e-16)
(27.7258 7.09768 -1.88566e-17)
(28.0096 7.01231 -6.8356e-17)
(28.2883 6.90575 1.52209e-16)
(28.5626 6.77703 1.10768e-15)
(28.8314 6.62513 1.37904e-16)
(29.0939 6.44874 -1.21979e-15)
(29.3482 6.24663 -1.69332e-16)
(24.6693 6.47831 6.29372e-18)
(24.8851 6.59892 -2.18391e-17)
(25.1372 6.7158 3.0664e-18)
(25.4079 6.81809 -2.46503e-17)
(25.6777 6.89667 4.73366e-17)
(25.9646 6.95693 -1.44317e-16)
(26.2563 6.99567 -1.01664e-16)
(26.5445 7.01193 -4.53672e-16)
(26.8324 7.00684 4.12013e-16)
(27.1153 6.98128 4.26008e-17)
(27.3919 6.936 -2.65083e-16)
(27.664 6.87125 6.41103e-16)
(27.9304 6.78739 -9.72682e-17)
(28.1917 6.68393 -9.07878e-18)
(28.4482 6.56004 -6.58895e-16)
(28.6994 6.41481 -6.40003e-16)
(28.9443 6.24709 1.1478e-15)
(29.1813 6.05578 7.34851e-16)
(24.7603 6.32387 -2.71642e-18)
(24.9667 6.43575 1.01529e-18)
(25.2076 6.54358 7.20139e-18)
(25.4658 6.63718 -5.32236e-17)
(25.7228 6.70815 -2.90723e-17)
(25.9958 6.76144 -6.69413e-17)
(26.2729 6.79416 4.64339e-17)
(26.5461 6.80561 -1.03657e-16)
(26.8186 6.79684 -6.87554e-17)
(27.0858 6.76882 1.54866e-16)
(27.3465 6.72237 5.70217e-16)
(27.6025 6.65775 -5.82234e-16)
(27.8526 6.5754 5.05163e-17)
(28.0975 6.4749 -3.45168e-16)
(28.3375 6.35555 5.01648e-16)
(28.5721 6.21656 1.31902e-15)
(28.8005 6.0569 -7.56035e-16)
(29.0214 5.87561 -1.70472e-15)
(24.8444 6.17691 -3.84279e-18)
(25.0417 6.28064 1.73322e-17)
(25.2717 6.38001 -7.62549e-18)
(25.5181 6.46551 1.49723e-17)
(25.7628 6.52945 6.4471e-17)
(26.0225 6.57629 2.35233e-16)
(26.2856 6.6035 1.18808e-16)
(26.5446 6.61055 -9.04845e-16)
(26.8025 6.59846 -1.16559e-16)
(27.0549 6.56827 1.89285e-16)
(27.3007 6.52084 1.03781e-16)
(27.5415 6.45646 -3.2573e-16)
(27.7763 6.37561 -3.56158e-16)
(28.0058 6.27797 7.30108e-16)
(28.2303 6.16292 -2.96443e-16)
(28.4494 6.02979 8.20003e-16)
(28.6624 5.87768 2.34088e-16)
(28.868 5.70573 9.41601e-16)
(29.0644 5.5134 -8.7833e-16)
(24.922 6.03705 -6.46767e-18)
(25.1106 6.13315 -7.22976e-18)
(25.3302 6.22463 -8.98135e-18)
(25.5652 6.3026 -3.03033e-17)
(25.7982 6.36 -7.49505e-17)
(26.0451 6.40091 -2.64758e-16)
(26.295 6.42307 -5.77429e-17)
(26.5405 6.42613 2.87022e-16)
(26.7845 6.41105 4.54472e-16)
(27.0228 6.37896 1.68374e-16)
(27.2545 6.33075 -2.6368e-16)
(27.481 6.26671 7.72776e-16)
(27.7015 6.18738 7.83849e-19)
(27.9165 6.09251 5.5007e-16)
(28.1265 5.98156 1.85278e-16)
(28.331 5.85396 -1.04836e-16)
(28.5294 5.70892 -1.36577e-15)
(28.7208 5.5457 -1.87799e-15)
(28.9034 5.36384 1.17562e-15)
(24.9936 5.90391 1.19163e-18)
(25.1738 5.99288 6.0499e-18)
(25.3835 6.07701 2.64652e-18)
(25.6075 6.14796 -3.79278e-17)
(25.8293 6.19932 1.18062e-16)
(26.0641 6.23476 -1.90992e-16)
(26.3013 6.25229 8.33523e-16)
(26.5339 6.25173 -3.18547e-17)
(26.7647 6.234 1.47924e-16)
(26.9898 6.20027 -9.97438e-16)
(27.208 6.15146 3.23946e-16)
(27.4211 6.08787 -9.84298e-17)
(27.628 6.01008 -6.15897e-19)
(27.8295 5.91791 -4.57989e-16)
(28.0258 5.8109 9.06262e-16)
(28.2166 5.68854 5.04428e-16)
(28.4016 5.55016 -5.77435e-16)
(28.5796 5.39512 8.36175e-16)
(28.7491 5.22307 -1.2842e-15)
(25.0597 5.77716 -2.10436e-18)
(25.2318 5.85947 -1.12049e-17)
(25.4319 5.93673 7.99122e-19)
(25.6454 6.00117 5.08617e-17)
(25.8565 6.04694 -1.74283e-16)
(26.0796 6.07736 4.67036e-17)
(26.3047 6.09066 -6.42195e-17)
(26.5251 6.08683 -6.57192e-17)
(26.7434 6.06675 1.43058e-16)
(26.9558 6.03162 6.35416e-16)
(27.1615 5.98238 8.07488e-17)
(27.3618 5.91935 -6.00006e-17)
(27.556 5.84314 -3.59302e-16)
(27.7447 5.75362 -7.39261e-16)
(27.9282 5.65037 4.39705e-16)
(28.1063 5.53301 -5.74347e-16)
(28.2785 5.40092 -6.62648e-17)
(28.444 5.25358 3.95607e-16)
(28.6014 5.09069 9.89065e-16)
(25.1207 5.65647 5.01564e-18)
(25.285 5.73256 6.63658e-18)
(25.4758 5.80341 2.15115e-18)
(25.6793 5.86182 -4.04496e-18)
(25.8801 5.90242 4.18126e-17)
(26.0921 5.92822 9.8296e-17)
(26.3056 5.93767 -5.6513e-17)
(26.5143 5.93091 -3.83738e-16)
(26.7207 5.90875 2.49134e-16)
(26.9212 5.87246 -9.4603e-16)
(27.115 5.82296 5.32481e-16)
(27.3033 5.76059 -4.58333e-16)
(27.4855 5.68599 -3.59595e-16)
(27.6621 5.59906 -1.09991e-15)
(27.8336 5.49946 3.78204e-16)
(27.9997 5.38687 -1.06347e-15)
(28.16 5.26075 1.4343e-16)
(28.3138 5.12066 1.10986e-16)
(28.4598 4.96638 5.00451e-16)
(25.1769 5.54156 -5.31952e-18)
(25.3337 5.61183 1.11636e-18)
(25.5157 5.67672 2.45009e-18)
(25.7094 5.72953 -5.55318e-17)
(25.9004 5.76536 4.85358e-18)
(26.1017 5.78692 7.93671e-17)
(26.3042 5.79289 1.33897e-16)
(26.5018 5.7835 4.98346e-16)
(26.6969 5.75954 -7.29407e-16)
(26.8861 5.72228 3.3878e-16)
(27.0685 5.67269 -3.30038e-16)
(27.2455 5.61107 8.55257e-16)
(27.4164 5.53811 7.21197e-16)
(27.5817 5.45374 1.12847e-15)
(27.7419 5.35767 7.69192e-16)
(27.8968 5.24964 9.45727e-16)
(28.046 5.12919 -2.35608e-16)
(28.1888 4.99596 1.13404e-16)
(28.3241 4.84978 -1.39026e-16)
(28.4505 4.69085 -3.90176e-16)
(25.2287 5.43213 -8.32917e-18)
(25.3783 5.49698 2.1614e-17)
(25.5517 5.55632 -2.32222e-18)
(25.7361 5.60393 3.6105e-17)
(25.9177 5.63537 1.37856e-16)
(26.1088 5.65305 -2.86695e-16)
(26.3008 5.65586 2.08355e-17)
(26.4878 5.64413 5.37281e-16)
(26.6721 5.61861 -1.315e-16)
(26.8505 5.5806 -2.88237e-16)
(27.0222 5.53105 7.64955e-16)
(27.1885 5.47029 -2.50312e-16)
(27.3488 5.39899 -8.38026e-17)
(27.5035 5.31715 -7.5503e-16)
(27.6531 5.2245 3.2654e-16)
(27.7974 5.12085 -1.03817e-15)
(27.9362 5.0058 -1.04151e-15)
(28.0687 4.87906 5.98397e-16)
(28.1941 4.74053 -2.65168e-16)
(28.311 4.59043 -5.5482e-16)
(25.2764 5.32794 -5.23065e-18)
(25.419 5.38771 -1.90151e-18)
(25.5842 5.4419 -3.69724e-17)
(25.7597 5.48469 3.00323e-17)
(25.9322 5.5121 -6.40197e-17)
(26.1135 5.52624 2.88228e-16)
(26.2954 5.52619 2.70323e-17)
(26.4724 5.51239 -3.11944e-16)
(26.6465 5.48554 5.02101e-16)
(26.8147 5.44696 -6.93917e-16)
(26.9762 5.39759 -3.81253e-16)
(27.1324 5.33777 2.6395e-16)
(27.2826 5.26817 -3.86513e-16)
(27.4274 5.18882 -3.08927e-16)
(27.567 5.09951 -4.02209e-16)
(27.7015 5.00006 -1.7604e-16)
(27.8305 4.89016 2.3319e-16)
(27.9534 4.76958 -9.79887e-16)
(28.0695 4.63827 -1.13533e-17)
(28.1775 4.49648 2.49575e-16)
(25.3203 5.22873 -9.87312e-18)
(25.4562 5.28378 1.67655e-18)
(25.6135 5.33317 1.45683e-17)
(25.7804 5.3715 4.84384e-17)
(25.9442 5.3952 -1.70413e-16)
(26.1162 5.40612 7.69155e-17)
(26.2885 5.4035 -3.93672e-17)
(26.4558 5.38788 -5.41439e-16)
(26.6201 5.35991 3.53256e-16)
(26.7786 5.32092 3.0523e-16)
(26.9306 5.27187 4.87877e-16)
(27.0773 5.21306 -4.29737e-16)
(27.218 5.14519 -3.37261e-17)
(27.3533 5.06831 6.5666e-16)
(27.4837 4.98223 2.65232e-16)
(27.6089 4.88684 -5.32135e-16)
(27.7287 4.78187 3.69463e-16)
(27.8428 4.66714 1.40582e-15)
(27.9502 4.54265 -3.63539e-17)
(28.0499 4.40869 3.2293e-16)
(25.3607 5.13427 1.22448e-17)
(25.4901 5.18491 -5.50617e-18)
(25.6398 5.22985 -2.29034e-17)
(25.7984 5.26407 -4.09775e-17)
(25.9539 5.28436 1.51418e-16)
(26.117 5.29234 9.49961e-17)
(26.28 5.28743 5.30537e-17)
(26.4381 5.27021 1.04449e-16)
(26.5932 5.24132 -5.85712e-16)
(26.7425 5.20209 -4.08024e-16)
(26.8854 5.15346 -4.11256e-16)
(27.023 5.09574 8.41945e-16)
(27.1549 5.02962 -2.18219e-16)
(27.2814 4.95517 -3.57215e-16)
(27.4029 4.87225 -9.03889e-16)
(27.5195 4.78077 6.98712e-16)
(27.6308 4.68052 5.09385e-16)
(27.7365 4.57136 -1.9243e-16)
(27.8359 4.45333 -7.77199e-16)
(27.9279 4.32675 2.60254e-16)
(25.3978 5.04434 -2.63136e-18)
(25.521 5.09088 -4.85097e-18)
(25.6633 5.13167 3.02544e-17)
(25.814 5.1621 -2.95421e-18)
(25.9615 5.17927 -3.73703e-17)
(26.116 5.1846 1.12115e-16)
(26.2703 5.17763 -5.97929e-16)
(26.4196 5.15904 5.73079e-17)
(26.5659 5.12941 1.85391e-16)
(26.7065 5.09007 5.0788e-16)
(26.8408 5.04197 3.33986e-16)
(26.9698 4.9854 -4.2488e-17)
(27.0933 4.92105 -6.9881e-16)
(27.2114 4.84901 4.80428e-16)
(27.3248 4.76916 3.52391e-16)
(27.4332 4.68146 4.16331e-16)
(27.5366 4.58572 -3.79222e-16)
(27.6345 4.48186 -1.2257e-15)
(27.7264 4.36995 3.73206e-16)
(27.8112 4.25034 -6.01803e-17)
(27.8879 4.12392 -1.13193e-16)
(25.4319 4.95874 6.82785e-19)
(25.5491 5.00145 4.87506e-18)
(25.6844 5.03841 -4.64686e-18)
(25.8274 5.06533 6.85556e-18)
(25.9672 5.07965 -6.35694e-17)
(26.1135 5.08258 -3.58948e-17)
(26.2594 5.07378 1.79313e-16)
(26.4004 5.05401 -6.09429e-17)
(26.5382 5.02381 5.2719e-17)
(26.6705 4.98451 1.29609e-16)
(26.7966 4.93702 -1.29592e-16)
(26.9177 4.88165 -2.40138e-16)
(27.0332 4.81909 -1.71287e-16)
(27.1435 4.74943 -5.18819e-16)
(27.2492 4.67257 3.39186e-16)
(27.35 4.58852 4.64248e-16)
(27.446 4.49711 3.29401e-16)
(27.5367 4.3983 7.54725e-16)
(27.6215 4.29219 -2.34432e-16)
(27.6997 4.17916 3.55216e-16)
(27.7701 4.06009 -4.78248e-16)
(25.4632 4.87726 -4.26278e-19)
(25.5746 4.91641 -3.77659e-18)
(25.7031 4.94982 3.91778e-18)
(25.8387 4.97352 1.87728e-17)
(25.9712 4.98523 -1.53586e-16)
(26.1096 4.98599 2.77029e-16)
(26.2474 4.97559 -2.47559e-16)
(26.3804 4.95482 1.92461e-16)
(26.5103 4.92419 5.70978e-17)
(26.6347 4.88504 1.17144e-16)
(26.7531 4.83826 1.55244e-16)
(26.8666 4.78414 8.0025e-16)
(26.9746 4.72337 -4.13608e-16)
(27.0776 4.65606 5.85521e-16)
(27.1761 4.58212 -8.6506e-16)
(27.2698 4.50158 -3.7746e-16)
(27.3588 4.41433 2.94059e-16)
(27.4428 4.32033 -9.83108e-16)
(27.5211 4.21973 4.70442e-16)
(27.5931 4.11291 -4.14945e-16)
(27.6578 4.00074 -2.90817e-16)
(25.4919 4.79972 -4.69649e-18)
(25.5978 4.83557 -7.69325e-19)
(25.7196 4.86569 2.07985e-17)
(25.8482 4.88642 1.00434e-16)
(25.9736 4.89575 -3.19959e-17)
(26.1044 4.89457 -1.40482e-16)
(26.2346 4.88276 6.87065e-16)
(26.36 4.86115 -3.85128e-16)
(26.4823 4.83024 -1.16319e-16)
(26.5992 4.79134 6.68915e-16)
(26.7103 4.74534 -1.32321e-15)
(26.8165 4.69251 1.53147e-15)
(26.9175 4.63354 -2.20477e-16)
(27.0137 4.56853 -4.07421e-16)
(27.1053 4.49743 -8.58194e-16)
(27.1925 4.42029 -1.71211e-16)
(27.275 4.33702 1.84252e-16)
(27.3526 4.24761 -5.92085e-16)
(27.4249 4.15224 1.11114e-15)
(27.4912 4.05129 -6.74179e-16)
(27.5506 3.94562 2.79808e-16)
(25.5182 4.72595 -1.28414e-18)
(25.6187 4.75872 3.29299e-18)
(25.7342 4.7858 -2.60107e-17)
(25.856 4.8038 -4.35706e-18)
(25.9746 4.81098 -5.92307e-17)
(26.0982 4.80805 -1.6664e-16)
(26.221 4.79501 -5.21179e-16)
(26.3391 4.77272 1.36837e-16)
(26.4542 4.74165 -4.52238e-16)
(26.564 4.7031 -3.3416e-17)
(26.6682 4.65794 -5.91925e-16)
(26.7676 4.60643 -6.00834e-16)
(26.862 4.54925 1.09406e-15)
(26.9516 4.48651 6.05376e-16)
(27.037 4.41818 -1.5353e-16)
(27.1179 4.34432 1.23525e-15)
(27.1944 4.26486 5.55004e-16)
(27.2662 4.17984 3.95569e-16)
(27.3329 4.08942 -1.4086e-16)
(27.3939 3.99402 -4.89092e-16)
(27.4484 3.89447 7.07321e-17)
(25.5423 4.65577 2.32163e-19)
(25.6375 4.68568 -2.55689e-19)
(25.7469 4.70995 3.80696e-18)
(25.8622 4.72546 -5.88586e-17)
(25.9742 4.73067 -7.83225e-17)
(26.0909 4.72619 1.61818e-16)
(26.2067 4.71208 1.14881e-16)
(26.3179 4.68925 9.17921e-17)
(26.4261 4.65814 -1.03012e-16)
(26.5291 4.62002 -7.4199e-16)
(26.6268 4.57575 7.49033e-16)
(26.7198 4.52559 1.83625e-16)
(26.8079 4.4702 -8.37937e-16)
(26.8915 4.40969 -2.34097e-16)
(26.9709 4.34405 -1.96973e-16)
(27.046 4.27335 3.77742e-16)
(27.1169 4.19754 -7.55426e-16)
(27.1833 4.11669 4.09545e-16)
(27.2448 4.03097 3.49515e-16)
(27.3009 3.94081 1.23132e-16)
(27.3509 3.84702 3.68998e-16)
(27.3941 3.75111 2.97411e-16)
(25.5643 4.58903 -1.05954e-18)
(25.6545 4.61629 1.48808e-18)
(25.758 4.63796 1.63622e-17)
(25.867 4.65118 3.66615e-17)
(25.9727 4.65462 2.63218e-16)
(26.0828 4.64875 -2.97359e-17)
(26.1918 4.63373 -3.31856e-16)
(26.2965 4.61049 1.69489e-16)
(26.398 4.57943 3.09949e-16)
(26.4947 4.54182 4.64559e-16)
(26.5861 4.49849 7.84076e-16)
(26.6731 4.44969 9.63575e-16)
(26.7553 4.39607 -8.64739e-16)
(26.8332 4.33774 -4.22555e-17)
(26.907 4.27471 -5.2671e-16)
(26.9767 4.20706 -2.65111e-16)
(27.0424 4.13476 6.8647e-17)
(27.1037 4.05788 1.44264e-15)
(27.1604 3.97662 -1.13683e-15)
(27.212 3.89141 -5.79528e-16)
(27.2579 3.80303 4.95643e-16)
(27.2974 3.71294 -2.76476e-16)
(25.5844 4.52557 -1.51566e-18)
(25.6697 4.55037 -3.94128e-18)
(25.7676 4.56965 -2.01995e-17)
(25.8704 4.58077 -3.55892e-18)
(25.9702 4.58262 -2.77646e-17)
(26.0739 4.57552 1.29379e-16)
(26.1765 4.55973 1.74483e-16)
(26.2748 4.53618 1.33124e-16)
(26.3701 4.50527 -3.82284e-16)
(26.4607 4.46823 -2.02806e-16)
(26.5463 4.42588 -2.37062e-16)
(26.6275 4.37845 -3.16452e-16)
(26.7042 4.32657 1.05525e-15)
(26.7767 4.27039 -2.16178e-16)
(26.8453 4.20988 7.34604e-16)
(26.91 4.14516 -1.16054e-16)
(26.9708 4.07621 7.19798e-18)
(27.0274 4.00312 -9.5074e-16)
(27.0797 3.92609 1.58501e-15)
(27.1271 3.84555 -8.74127e-17)
(27.1692 3.76227 1.86149e-16)
(27.2053 3.67763 -1.84048e-16)
(25.6028 4.46525 2.23731e-18)
(25.6834 4.48777 -1.917e-18)
(25.7757 4.50485 2.38183e-17)
(25.8727 4.51406 -6.60554e-17)
(25.9667 4.51445 1.02307e-16)
(26.0642 4.50628 -3.48839e-16)
(26.1607 4.48984 7.28727e-17)
(26.253 4.4661 -5.57355e-16)
(26.3424 4.43541 5.6415e-16)
(26.4272 4.399 -6.95617e-16)
(26.5072 4.35765 -4.45223e-16)
(26.583 4.31159 3.71222e-16)
(26.6545 4.26144 -7.31295e-16)
(26.722 4.20734 -3.60958e-16)
(26.7857 4.14928 -1.02024e-15)
(26.8457 4.08738 6.46329e-17)
(26.9019 4.02164 4.63484e-17)
(26.9543 3.95215 1.57964e-16)
(27.0024 3.87913 -4.37638e-16)
(27.046 3.803 -2.15387e-16)
(27.0846 3.7245 3.17477e-16)
(27.1176 3.64496 6.44725e-18)
(25.6195 4.40793 -7.28451e-19)
(25.6955 4.42834 -6.97386e-18)
(25.7826 4.44339 9.43894e-18)
(25.8739 4.45085 -2.92133e-17)
(25.9623 4.44995 -5.19896e-17)
(26.054 4.44084 1.86342e-18)
(26.1446 4.42387 -2.26696e-16)
(26.2311 4.40002 6.06442e-16)
(26.3148 4.36962 1.95602e-16)
(26.3942 4.33388 4.86998e-16)
(26.4689 4.29355 -3.89686e-16)
(26.5397 4.24887 4.00729e-16)
(26.6063 4.20042 -2.42336e-16)
(26.669 4.14835 1.56796e-15)
(26.7282 4.09266 3.56431e-16)
(26.7837 4.03346 5.75298e-16)
(26.8357 3.97078 5.47666e-17)
(26.884 3.90472 -5.04788e-16)
(26.9284 3.83549 3.92302e-16)
(26.9685 3.76351 4.47183e-18)
(27.0039 3.6895 -2.33167e-16)
(27.0341 3.61474 -2.25223e-16)
(25.6347 4.35348 -6.05565e-18)
(25.7063 4.37194 -3.26577e-18)
(25.7883 4.38512 5.11031e-17)
(25.8742 4.39099 1.16178e-16)
(25.9572 4.38893 1.82608e-17)
(26.0432 4.379 -1.21147e-16)
(26.1281 4.3616 5.67588e-16)
(26.2092 4.33773 -5.9693e-16)
(26.2875 4.30769 -6.53162e-16)
(26.3617 4.27265 -2.4619e-16)
(26.4314 4.23337 5.50291e-16)
(26.4974 4.19004 8.08125e-17)
(26.5594 4.14326 5.00247e-16)
(26.6177 4.09316 -7.69669e-16)
(26.6725 4.03975 -9.49953e-16)
(26.724 3.98315 6.87337e-16)
(26.7721 3.92339 -1.30569e-15)
(26.8167 3.86058 3.63789e-16)
(26.8576 3.79495 -5.17976e-16)
(26.8944 3.72688 7.19494e-17)
(26.9268 3.65709 6.29047e-16)
(26.9544 3.58679 1.86324e-16)
(25.6484 4.30178 1.33395e-18)
(25.7159 4.31842 7.02714e-18)
(25.7929 4.32989 -6.2792e-17)
(25.8735 4.33432 -3.67966e-17)
(25.9514 4.33122 -1.04112e-16)
(26.032 4.32058 4.95389e-16)
(26.1115 4.30286 -1.01856e-16)
(26.1873 4.27903 -3.3202e-17)
(26.2605 4.2494 -9.86401e-17)
(26.3297 4.2151 7.93939e-16)
(26.3947 4.17686 -1.01814e-15)
(26.4562 4.13488 8.69545e-16)
(26.5138 4.08973 4.75415e-17)
(26.5679 4.04154 2.09869e-16)
(26.6188 3.99033 7.58973e-16)
(26.6665 3.93622 -5.3747e-16)
(26.7109 3.87924 1.005e-15)
(26.7521 3.81952 -1.01584e-16)
(26.7897 3.75727 -4.55181e-16)
(26.8236 3.69289 1.27115e-16)
(26.8533 3.62705 -2.04339e-16)
(26.8786 3.56092 5.78274e-16)
(25.6609 4.25269 -3.31683e-18)
(25.7242 4.26767 -1.02559e-17)
(25.7965 4.27756 2.98081e-17)
(25.872 4.28068 -9.4021e-17)
(25.9449 4.27666 -1.78679e-17)
(26.0203 4.26542 -1.19483e-17)
(26.0946 4.24745 -6.21771e-16)
(26.1654 4.22374 5.9095e-16)
(26.2337 4.19455 -3.89392e-16)
(26.2983 4.16102 -8.31756e-16)
(26.3589 4.12383 4.26835e-16)
(26.416 4.08318 -9.50853e-16)
(26.4696 4.03962 7.28847e-16)
(26.5198 3.99328 -3.60521e-16)
(26.567 3.94418 -1.29524e-15)
(26.611 3.89245 5.54409e-16)
(26.6521 3.83812 -7.2258e-17)
(26.6901 3.78132 -1.8546e-16)
(26.7247 3.72227 -1.8244e-16)
(26.7558 3.66135 1.42509e-16)
(26.7831 3.59921 -4.22798e-16)
(26.8062 3.53697 2.32539e-17)
(26.8249 3.47606 -1.31715e-16)
(25.6723 4.20612 2.33985e-18)
(25.7315 4.21955 -4.73807e-18)
(25.7991 4.228 2.53324e-17)
(25.8698 4.22993 1.04808e-16)
(25.9379 4.2251 -2.41436e-16)
(26.0083 4.21335 -1.32919e-16)
(26.0776 4.19521 5.15274e-16)
(26.1437 4.17167 -5.42316e-16)
(26.2073 4.14298 1.01593e-15)
(26.2674 4.11022 -7.34031e-16)
(26.3238 4.07408 -9.21647e-17)
(26.3769 4.03473 -6.74436e-16)
(26.4266 3.99272 -6.49444e-16)
(26.4732 3.94816 4.02736e-16)
(26.5168 3.90109 -1.18876e-16)
(26.5576 3.85162 -8.89118e-16)
(26.5955 3.79981 -4.99103e-16)
(26.6305 3.74578 5.55944e-16)
(26.6624 3.68974 -1.94885e-17)
(26.691 3.63207 -4.22379e-16)
(26.716 3.5734 3.94507e-16)
(26.7372 3.51479 2.35415e-16)
(26.7543 3.45759 4.49711e-17)
(25.6825 4.16194 1.7646e-18)
(25.7379 4.17394 2.54835e-18)
(25.801 4.18108 7.22386e-18)
(25.8668 4.18194 -9.32189e-17)
(25.9303 4.17639 1.34277e-16)
(25.996 4.16422 1.25894e-16)
(26.0605 4.14599 -6.29483e-16)
(26.122 4.12267 3.53476e-16)
(26.1812 4.0945 -4.70204e-16)
(26.2371 4.06253 7.7788e-16)
(26.2894 4.02743 1.23914e-16)
(26.3387 3.98936 5.42236e-16)
(26.3848 3.94884 7.92271e-17)
(26.428 3.906 -5.07559e-16)
(26.4684 3.86086 8.79695e-16)
(26.5061 3.81356 9.91404e-17)
(26.5411 3.76413 -4.25205e-16)
(26.5733 3.71271 7.17733e-16)
(26.6027 3.65951 2.32919e-16)
(26.629 3.60489 -5.53947e-16)
(26.6519 3.54946 9.8087e-17)
(26.6713 3.49423 2.56456e-17)
(26.687 3.44048 2.25708e-17)
(25.6917 4.12005 5.14394e-19)
(25.7433 4.13074 2.09234e-18)
(25.802 4.13667 3.81108e-17)
(25.8633 4.13657 -1.01499e-16)
(25.9224 4.13039 -1.28916e-16)
(25.9834 4.11789 2.9327e-16)
(26.0434 4.09962 -8.9778e-17)
(26.1005 4.07657 4.67734e-16)
(26.1555 4.04895 4.96488e-16)
(26.2074 4.01778 -1.20084e-16)
(26.2559 3.9837 2.91317e-16)
(26.3016 3.94687 9.9314e-17)
(26.3443 3.9078 -4.8354e-16)
(26.3842 3.86661 7.86066e-16)
(26.4216 3.82333 -7.53076e-16)
(26.4564 3.77808 1.57404e-15)
(26.4887 3.73091 -7.14037e-16)
(26.5184 3.68195 -2.65114e-16)
(26.5454 3.63141 9.90049e-16)
(26.5695 3.57965 -1.14239e-16)
(26.5906 3.52724 4.51479e-17)
(26.6084 3.47515 -6.52121e-16)
(26.6227 3.4246 2.67169e-16)
(25.6999 4.08035 1.21191e-18)
(25.7479 4.08983 -3.01088e-18)
(25.8024 4.09467 -8.06518e-17)
(25.8592 4.0937 1.24805e-16)
(25.914 4.08698 7.30123e-17)
(25.9706 4.07421 1.1154e-16)
(26.0262 4.05597 -6.59246e-17)
(26.0791 4.03323 -7.84803e-17)
(26.1301 4.00617 -7.27037e-16)
(26.1782 3.97581 6.82107e-16)
(26.2231 3.94274 2.57853e-16)
(26.2654 3.90712 -4.06422e-17)
(26.3049 3.86945 -3.97276e-16)
(26.3418 3.82984 -5.26473e-16)
(26.3763 3.78832 8.91652e-16)
(26.4084 3.74501 -7.69265e-16)
(26.4382 3.69998 3.49741e-18)
(26.4656 3.65334 5.26087e-16)
(26.4904 3.6053 -2.02965e-16)
(26.5127 3.55621 5.37602e-16)
(26.532 3.50662 -3.41918e-16)
(26.5484 3.45745 -9.08081e-17)
(26.5615 3.40986 3.05714e-16)
(25.7073 4.04275 -3.98845e-18)
(25.7517 4.05111 8.51103e-18)
(25.8021 4.05495 2.38998e-17)
(25.8546 4.05321 4.94794e-17)
(25.9053 4.04604 -4.99281e-17)
(25.9575 4.03307 -1.50885e-16)
(26.009 4.01491 -2.70091e-17)
(26.058 3.99252 1.11798e-16)
(26.1051 3.96604 -4.60662e-17)
(26.1495 3.93648 -6.68767e-16)
(26.1911 3.9044 4.2959e-16)
(26.2302 3.86994 3.1323e-17)
(26.2667 3.83361 3.674e-16)
(26.3007 3.79552 7.5621e-16)
(26.3326 3.75568 -8.78545e-16)
(26.3622 3.71422 1.29305e-15)
(26.3896 3.6712 -2.00337e-16)
(26.4149 3.62674 4.86062e-16)
(26.4378 3.58105 -4.87848e-16)
(26.4583 3.53445 -7.18846e-16)
(26.4761 3.48748 3.91812e-16)
(26.4911 3.44102 4.0247e-16)
(26.5032 3.39616 -2.45667e-16)
(25.7139 4.00714 1.80832e-18)
(25.7548 4.01447 4.50622e-19)
(25.8012 4.01741 1.34646e-17)
(25.8496 4.015 5.76694e-17)
(25.8962 4.00744 -2.07032e-16)
(25.9444 3.99434 2.85896e-16)
(25.9918 3.97631 -1.96682e-16)
(26.037 3.95431 -1.60797e-16)
(26.0805 3.92842 1.21562e-16)
(26.1215 3.89967 2.98054e-17)
(26.1598 3.86854 -1.1556e-15)
(26.1958 3.8352 1.03996e-15)
(26.2295 3.80015 -4.84541e-16)
(26.261 3.76352 7.19797e-16)
(26.2903 3.72529 -2.13779e-16)
(26.3177 3.68557 -6.09627e-16)
(26.343 3.64444 -2.87133e-16)
(26.3663 3.60203 2.26082e-16)
(26.3875 3.55852 2.66605e-16)
(26.4064 3.51425 -1.35606e-16)
(26.4228 3.46971 1.94594e-16)
(26.4366 3.42576 -4.4027e-16)
(26.4477 3.38343 -1.56143e-16)
(25.7197 3.97344 -2.27574e-18)
(25.7573 3.97983 6.20464e-20)
(25.7998 3.98195 -1.23801e-17)
(25.8441 3.97894 -7.84839e-17)
(25.8869 3.97107 -3.85176e-18)
(25.9311 3.95789 -1.72237e-16)
(25.9748 3.94006 1.21656e-17)
(26.0162 3.91847 3.27732e-16)
(26.0562 3.89317 -2.05888e-16)
(26.094 3.86525 5.03081e-16)
(26.1292 3.83505 1.07291e-15)
(26.1624 3.80276 -1.54027e-15)
(26.1935 3.76897 3.6972e-16)
(26.2226 3.73374 -1.51236e-16)
(26.2497 3.69703 -6.77202e-17)
(26.275 3.65895 4.55304e-16)
(26.2984 3.61959 -3.3416e-16)
(26.32 3.57909 1.41986e-16)
(26.3395 3.53762 -7.33407e-16)
(26.3569 3.4955 4.90387e-18)
(26.372 3.45322 8.47884e-17)
(26.3848 3.41158 1.69623e-16)
(26.3951 3.37158 -4.75756e-17)
(25.7249 3.94156 5.66992e-19)
(25.7591 3.94707 4.26906e-18)
(25.7979 3.94846 -3.34449e-18)
(25.8384 3.94493 2.71993e-16)
(25.8774 3.93683 -3.07247e-16)
(25.9178 3.92363 4.19628e-17)
(25.9578 3.90604 2.53748e-16)
(25.9957 3.8849 -1.70453e-16)
(26.0325 3.86019 3.51898e-17)
(26.067 3.83314 -7.70952e-16)
(26.0993 3.80381 -2.62826e-16)
(26.1299 3.77252 5.20688e-16)
(26.1587 3.73996 -8.01536e-16)
(26.1856 3.70609 3.63996e-16)
(26.2107 3.67081 1.29606e-16)
(26.2341 3.63427 -1.26954e-16)
(26.2557 3.59657 5.364e-16)
(26.2756 3.55784 1.961e-16)
(26.2936 3.51825 -2.85011e-16)
(26.3097 3.47812 -1.85257e-16)
(26.3237 3.43791 5.71088e-17)
(26.3355 3.3984 2.95445e-16)
(26.345 3.36053 4.42844e-17)
(26.3522 3.32542 2.41839e-16)
(25.7294 3.91138 -1.06984e-18)
(25.7604 3.9161 -1.09524e-17)
(25.7955 3.91684 -6.16172e-17)
(25.8322 3.91289 -2.51251e-16)
(25.8676 3.90461 3.58839e-16)
(25.9044 3.89146 4.15117e-16)
(25.9409 3.87419 -2.50714e-16)
(25.9754 3.85349 3.10226e-16)
(26.0092 3.82938 -2.33409e-16)
(26.0406 3.80334 7.30356e-16)
(26.0702 3.7747 -3.88418e-16)
(26.0986 3.74428 -1.61152e-16)
(26.1253 3.71295 5.70369e-16)
(26.1502 3.6804 -5.90476e-16)
(26.1733 3.64646 3.87753e-16)
(26.1948 3.61134 8.37987e-17)
(26.2148 3.57519 -3.22971e-16)
(26.2331 3.53811 5.42779e-16)
(26.2497 3.50028 3.53586e-16)
(26.2645 3.46199 -4.89281e-16)
(26.2775 3.42369 -1.60879e-16)
(26.2884 3.38614 -3.99547e-16)
(26.2972 3.35023 7.13163e-17)
(26.3039 3.31702 6.61281e-17)
(25.7333 3.88279 -4.99519e-18)
(25.7612 3.88679 -5.09611e-18)
(25.7927 3.88697 -2.53074e-18)
(25.8257 3.88268 -1.88692e-17)
(25.8576 3.87432 -9.60421e-17)
(25.8908 3.8613 1.21029e-16)
(25.924 3.84443 1.94628e-16)
(25.9553 3.82419 -1.78475e-16)
(25.9865 3.80081 -1.01086e-16)
(26.0146 3.77588 -1.06302e-16)
(26.042 3.74757 -4.26669e-16)
(26.0687 3.71786 2.79019e-16)
(26.0934 3.68781 1.18631e-16)
(26.1162 3.65655 1.09495e-15)
(26.1374 3.62383 6.45782e-17)
(26.1571 3.59002 2.28767e-16)
(26.1755 3.5553 -1.77915e-16)
(26.1924 3.51974 -3.66441e-16)
(26.2077 3.48352 2.53653e-16)
(26.2214 3.44691 1.2607e-16)
(26.2334 3.41037 -9.16597e-17)
(26.2435 3.37462 -2.42947e-17)
(26.2517 3.3405 9.37291e-17)
(26.258 3.30902 1.0983e-16)
(25.7362 3.85996 1.71017e-18)
(25.7616 3.86332 1.45427e-19)
(25.7901 3.86281 2.99382e-17)
(25.82 3.85787 6.56235e-17)
(25.8488 3.84889 -1.12961e-16)
(25.8787 3.83527 -1.56943e-16)
(25.9083 3.81791 -3.05515e-16)
(25.9358 3.79702 7.12202e-16)
(25.9636 3.77343 -4.83545e-17)
(25.9868 3.74766 1.11872e-16)
(26.0113 3.71973 -1.98772e-16)
(26.0372 3.69213 -5.05419e-16)
(26.0616 3.66458 -2.38104e-16)
(26.0836 3.63534 -3.5511e-16)
(26.104 3.60427 2.37634e-16)
(26.1232 3.57204 -5.37037e-16)
(26.141 3.53887 -7.8632e-17)
(26.1574 3.50483 2.85169e-16)
(26.1723 3.47009 -2.45451e-17)
(26.1856 3.43495 -5.2408e-16)
(26.1972 3.39989 2.20329e-16)
(26.207 3.36558 1.10902e-16)
(26.215 3.33288 -7.37449e-17)
(26.2211 3.30276 5.98177e-17)
(25.7384 3.84161 -2.76492e-19)
(25.7616 3.84438 -1.41372e-18)
(25.7877 3.84309 1.78228e-17)
(25.8148 3.83725 2.88033e-18)
(25.8407 3.82727 -3.83051e-17)
(25.8673 3.81253 1.1718e-16)
(25.8931 3.794 1.24808e-16)
(25.9164 3.77178 2.516e-16)
(25.9399 3.74729 -6.20746e-16)
(25.9573 3.71924 3.58455e-18)
(25.9782 3.69112 5.8598e-16)
(26.0041 3.66683 -1.04097e-15)
(26.0296 3.64247 -1.37509e-16)
(26.0519 3.6156 -2.07373e-16)
(26.0724 3.58652 4.20654e-16)
(26.0919 3.55611 -8.01712e-16)
(26.1101 3.52461 -3.99353e-16)
(26.1267 3.4921 5.53215e-16)
(26.1418 3.45878 -4.62649e-16)
(26.1552 3.42499 9.25065e-17)
(26.1669 3.3912 -1.14897e-16)
(26.1767 3.35811 -2.21919e-16)
(26.1847 3.32657 -7.40166e-18)
(26.1908 3.29755 2.23045e-16)
(25.7405 3.8229 5.4669e-20)
(25.7614 3.82511 1.38891e-18)
(25.7849 3.82311 -4.81591e-17)
(25.8092 3.81647 5.71277e-17)
(25.8322 3.80564 1.39051e-16)
(25.8555 3.79004 1.99786e-17)
(25.8775 3.7706 5.07959e-16)
(25.8969 3.74749 -2.35868e-16)
(25.9162 3.72244 -1.75836e-16)
(25.9285 3.69282 -1.71465e-16)
(25.9458 3.66489 -6.37958e-16)
(25.9716 3.64357 -2.08353e-16)
(25.9979 3.6218 4.84049e-16)
(26.0205 3.59687 1.58604e-16)
(26.041 3.56948 -1.32699e-16)
(26.0606 3.54067 9.97075e-16)
(26.079 3.51068 7.30736e-16)
(26.0958 3.47957 2.30167e-16)
(26.111 3.44758 -4.49712e-16)
(26.1245 3.41506 2.43895e-16)
(26.1362 3.3825 2.13454e-17)
(26.1461 3.3506 1.90642e-16)
(26.1541 3.3202 -3.03158e-16)
(26.1602 3.29223 -4.60113e-17)
(25.7424 3.80402 4.43166e-19)
(25.761 3.8057 6.75397e-18)
(25.7819 3.80306 3.08419e-17)
(25.8033 3.79576 -9.13732e-17)
(25.8233 3.78426 -6.99417e-17)
(25.8433 3.76806 -1.23796e-16)
(25.8616 3.74798 -4.29141e-16)
(25.8775 3.72445 2.45168e-16)
(25.8926 3.69914 1.41238e-16)
(25.9005 3.6688 7.43562e-16)
(25.9146 3.6412 9.23862e-17)
(25.9398 3.62234 7.42726e-16)
(25.9667 3.60266 -1.71205e-16)
(25.9895 3.57932 -1.21097e-16)
(26.0099 3.55336 -6.089e-16)
(26.0295 3.52595 1.90627e-16)
(26.048 3.49728 1.06354e-16)
(26.0648 3.46743 3.39306e-16)
(26.08 3.43665 -1.3609e-17)
(26.0935 3.40532 2.03865e-16)
(26.1053 3.3739 -2.68146e-16)
(26.1152 3.34312 7.37813e-17)
(26.1232 3.31379 1.00866e-16)
(26.1293 3.28685 -4.99311e-17)
(25.7441 3.78503 1.04232e-18)
(25.7604 3.7862 -3.94486e-18)
(25.7786 3.78301 -5.1844e-18)
(25.797 3.7752 1.729e-17)
(25.8141 3.76323 1.96753e-16)
(25.8308 3.74672 -1.49388e-17)
(25.8456 3.7263 1.36117e-16)
(25.8582 3.70285 -3.70867e-16)
(25.8695 3.67756 -1.66611e-16)
(25.8738 3.64741 -6.27812e-16)
(25.8849 3.62032 -1.56018e-17)
(25.9094 3.60338 5.03353e-16)
(25.9364 3.58528 -1.98457e-16)
(25.9591 3.56316 -2.91059e-16)
(25.9793 3.53835 7.21193e-16)
(25.9987 3.51207 -4.51299e-16)
(26.0171 3.48452 -1.82532e-16)
(26.034 3.45576 -5.83235e-16)
(26.0491 3.42605 -1.77503e-16)
(26.0626 3.39577 -4.77708e-17)
(26.0743 3.36542 -2.20912e-16)
(26.0842 3.33567 2.35775e-16)
(26.0922 3.30734 2.69563e-17)
(26.0983 3.28133 -9.0693e-17)
(25.7456 3.766 -3.33757e-18)
(25.7595 3.7667 2.64597e-18)
(25.7749 3.76306 -1.52842e-17)
(25.7905 3.7549 6.49151e-17)
(25.8046 3.74269 -1.33947e-16)
(25.8183 3.72618 -3.99803e-17)
(25.8298 3.70576 2.92006e-17)
(25.8394 3.68292 -1.69677e-17)
(25.847 3.65796 2.09892e-16)
(25.8487 3.62897 8.22359e-17)
(25.8572 3.60251 -7.37135e-16)
(25.8805 3.58694 5.15591e-16)
(25.9072 3.56986 -2.44129e-16)
(25.9296 3.5486 -2.99647e-16)
(25.9495 3.52462 8.76787e-16)
(25.9686 3.49923 -6.88764e-16)
(25.9867 3.47257 -6.63339e-17)
(26.0034 3.4447 1.86543e-16)
(26.0185 3.4159 8.3946e-16)
(26.0319 3.38653 5.80725e-17)
(26.0436 3.35711 1.00663e-16)
(26.0534 3.32832 -2.6634e-16)
(26.0613 3.30097 1.04022e-16)
(26.0674 3.27598 -5.74609e-17)
(25.7469 3.74697 -5.12942e-20)
(25.7584 3.74725 5.71397e-19)
(25.7711 3.74329 -5.90566e-18)
(25.7838 3.73497 3.83336e-17)
(25.7951 3.72279 9.9963e-18)
(25.8057 3.7066 -5.54394e-17)
(25.8142 3.68659 -3.25464e-17)
(25.8214 3.66489 -3.98324e-17)
(25.8257 3.64062 4.73384e-16)
(25.8257 3.61381 5.09878e-17)
(25.8321 3.58813 -6.44381e-16)
(25.8537 3.57333 1.3097e-16)
(25.8795 3.55669 6.16108e-16)
(25.9013 3.53589 -1.44727e-18)
(25.9206 3.51244 -2.22157e-16)
(25.9392 3.48762 -6.12555e-17)
(25.957 3.46159 3.17605e-16)
(25.9735 3.4344 -2.08597e-16)
(25.9883 3.40631 3.93781e-17)
(26.0016 3.37768 -2.58683e-16)
(26.0132 3.34898 3.40162e-17)
(26.0231 3.32086 -2.19684e-16)
(26.0312 3.29409 3.08035e-17)
(26.0375 3.26952 1.05138e-16)
(25.7479 3.72798 1.11236e-19)
(25.7571 3.72789 -2.45842e-18)
(25.7671 3.72375 -9.48746e-19)
(25.777 3.7155 -1.10738e-16)
(25.7857 3.70367 1.20665e-16)
(25.7935 3.68816 -1.22395e-17)
(25.7994 3.66905 -2.33935e-16)
(25.8043 3.64908 -9.52045e-17)
(25.8058 3.62589 1.13736e-16)
(25.8053 3.60233 6.28682e-17)
(25.8098 3.57756 -2.94355e-16)
(25.8295 3.5629 6.10801e-16)
(25.8538 3.54611 -5.15272e-16)
(25.8746 3.52535 -3.78873e-17)
(25.8931 3.50207 1.79691e-17)
(25.911 3.47749 3.74842e-16)
(25.9283 3.45178 -6.0403e-16)
(25.9443 3.42498 3.75909e-16)
(25.9588 3.39738 8.30676e-17)
(25.9718 3.36943 -5.23056e-18)
(25.9832 3.34164 -2.21564e-16)
(25.9927 3.31469 8.00143e-17)
(26.0003 3.28937 1.30046e-16)
(26.0061 3.26654 -1.6999e-17)
(26.0102 3.24635 -4.0419e-18)
(25.7487 3.70901 -7.96761e-19)
(25.7556 3.70862 1.9709e-18)
(25.763 3.70449 1.0993e-17)
(25.7703 3.69659 6.32573e-17)
(25.7765 3.68549 -7.6853e-17)
(25.7818 3.67109 -9.26624e-17)
(25.7856 3.65351 -2.10056e-16)
(25.7886 3.6358 4.72968e-16)
(25.7881 3.61411 -2.79169e-16)
(25.7882 3.59497 -1.2545e-16)
(25.7911 3.57112 1.12557e-15)
(25.8083 3.55603 -7.47725e-16)
(25.8304 3.53852 -2.4545e-16)
(25.8498 3.51732 1.60068e-16)
(25.8672 3.49383 6.15437e-16)
(25.8841 3.46918 -1.18785e-16)
(25.9005 3.44346 -4.55619e-16)
(25.9161 3.4166 1.08893e-16)
(25.9304 3.3888 4.37876e-16)
(25.9435 3.36041 -5.49536e-17)
(25.9553 3.33187 -3.33964e-16)
(25.9657 3.30383 1.62575e-16)
(25.9745 3.27701 1.22143e-16)
(25.9817 3.25223 -1.25521e-16)
(25.9873 3.22977 -2.069e-17)
(25.7493 3.69004 1.6629e-18)
(25.7539 3.68945 3.24146e-18)
(25.7589 3.68553 -2.70157e-17)
(25.7637 3.67833 -3.16048e-18)
(25.7677 3.66839 1.25315e-16)
(25.7711 3.65562 -1.8478e-16)
(25.7734 3.64029 2.16734e-16)
(25.7751 3.62525 7.93691e-17)
(25.7737 3.60568 -3.97661e-17)
(25.775 3.59228 5.65099e-17)
(25.776 3.56903 1.54155e-16)
(25.7902 3.55302 -1.07625e-15)
(25.8096 3.53433 5.1496e-16)
(25.827 3.51218 -2.60258e-16)
(25.843 3.48795 1.55665e-16)
(25.8586 3.46286 4.37409e-16)
(25.8737 3.43716 -3.15953e-16)
(25.8879 3.411 7.27631e-17)
(25.9008 3.38469 -1.57041e-16)
(25.9125 3.35864 -1.78018e-17)
(25.9227 3.33333 1.71091e-16)
(25.9312 3.30944 -2.57619e-16)
(25.9376 3.2877 1.40244e-16)
(25.9421 3.26883 -1.88143e-17)
(25.9455 3.25273 1.58164e-17)
(25.7496 3.67102 -4.71392e-18)
(25.7523 3.67032 -4.31333e-19)
(25.7551 3.66687 -1.36905e-18)
(25.7578 3.66076 7.0687e-17)
(25.76 3.65247 4.45646e-18)
(25.7618 3.64194 -7.28489e-17)
(25.7631 3.62963 -1.57014e-16)
(25.764 3.61763 3.14982e-16)
(25.7627 3.60151 -2.15565e-16)
(25.7652 3.59497 -8.50528e-17)
(25.7644 3.57152 -7.802e-17)
(25.7754 3.5541 3.8922e-16)
(25.7913 3.53395 -2.88227e-16)
(25.806 3.51069 3.64748e-16)
(25.8202 3.48507 -2.1588e-16)
(25.835 3.45774 3.05989e-16)
(25.8501 3.42862 -1.26883e-16)
(25.865 3.39779 -2.74264e-16)
(25.8795 3.3656 2.56741e-16)
(25.8933 3.33256 -4.34231e-17)
(25.9065 3.29924 -7.61049e-18)
(25.9189 3.26635 -1.25142e-16)
(25.9305 3.23464 -4.99563e-17)
(25.9406 3.20505 8.37711e-17)
(25.9485 3.17808 -2.394e-17)
(25.7498 3.65152 -2.50971e-18)
(25.7511 3.65089 6.4215e-18)
(25.7525 3.6483 3.81378e-18)
(25.7537 3.64387 -2.62733e-18)
(25.7545 3.63794 6.70586e-19)
(25.755 3.63053 -4.15426e-17)
(25.7552 3.62214 1.0065e-16)
(25.7551 3.61386 -2.36315e-16)
(25.7539 3.60327 1.82492e-16)
(25.7563 3.60295 -7.03729e-17)
(25.7549 3.57932 1.3867e-16)
(25.7639 3.55953 -7.35827e-17)
(25.7766 3.53689 3.16187e-16)
(25.7875 3.51351 -2.65341e-16)
(25.7972 3.49058 9.55819e-17)
(25.8068 3.46852 -6.93369e-17)
(25.8164 3.44704 -9.46774e-18)
(25.8258 3.42607 5.7603e-17)
(25.835 3.40577 -7.35634e-18)
(25.8436 3.38655 -1.20165e-16)
(25.851 3.36891 4.44794e-17)
(25.8565 3.35357 -3.93394e-17)
(25.8597 3.34106 3.46675e-17)
(25.8613 3.3314 -1.00291e-17)
(25.8629 3.32382 1.93648e-17)
(25.7499 3.63072 9.04128e-18)
(25.7506 3.63043 -1.8849e-18)
(25.7511 3.62937 -6.04714e-18)
(25.7515 3.62758 8.96262e-17)
(25.7515 3.62523 -1.65771e-16)
(25.7512 3.62235 3.44707e-17)
(25.7505 3.61918 9.00166e-17)
(25.7494 3.61599 1.0058e-16)
(25.748 3.61253 -1.14684e-16)
(25.7486 3.61417 -1.20505e-17)
(25.7451 3.59379 4.83012e-17)
(25.7516 3.57289 -8.83595e-18)
(25.7632 3.54253 -1.59059e-16)
(25.7758 3.50666 -4.34377e-17)
(25.7891 3.46692 2.10936e-16)
(25.8031 3.42413 -9.3498e-17)
(25.8179 3.37857 1.59331e-16)
(25.8336 3.3306 1.06764e-16)
(25.8502 3.28072 -3.8215e-17)
(25.868 3.22967 -1.82499e-16)
(25.8874 3.17847 1.65885e-16)
(25.9082 3.12873 -1.50637e-16)
(25.9293 3.08222 -5.35005e-17)
(25.9478 3.0408 -2.44974e-17)
(25.9609 3.00486 6.60536e-17)
)
;

boundaryField
{
    inlet
    {
        type            freestreamVelocity;
        freestreamValue uniform (25.75 3.62 0);
        value           nonuniform List<vector> 
25
(
(25.75 3.62005 4.40215e-20)
(25.75 3.62005 -9.17746e-21)
(25.75 3.62005 -2.94431e-20)
(25.75 3.62004 4.36382e-19)
(25.75 3.62003 -8.07118e-19)
(25.75 3.62001 1.67832e-19)
(25.75 3.62 4.38273e-19)
(25.75 3.61998 4.89698e-19)
(25.75 3.61996 -5.58363e-19)
(25.75 3.61997 -5.86708e-20)
(25.7472 3.60508 2.74995e-17)
(25.7509 3.59319 -5.02853e-18)
(25.7575 3.57594 -9.04655e-17)
(25.7646 3.55558 -2.46879e-17)
(25.7722 3.53307 1.19792e-16)
(25.7801 3.50886 -5.30537e-17)
(25.7885 3.48313 9.03288e-17)
(25.7973 3.45609 6.04701e-17)
(25.8067 3.42802 -2.16235e-17)
(25.8167 3.39936 -1.03162e-16)
(25.8276 3.37067 9.36762e-17)
(25.8392 3.34285 -8.4982e-17)
(25.8511 3.31689 -3.01546e-17)
(25.8614 3.29381 -1.37962e-17)
(25.8687 3.27381 3.71735e-17)
)
;
    }
    outlet
    {
        type            freestreamVelocity;
        freestreamValue nonuniform List<vector> 0();
        value           nonuniform List<vector> 0();
    }
    walls
    {
        type            noSlip;
    }
    frontAndBack
    {
        type            empty;
    }
    procBoundary4to0
    {
        type            processor;
        value           nonuniform List<vector> 
72
(
(17.8937 14.0912 -4.02588e-18)
(18.602 13.4344 1.5626e-17)
(19.2324 12.8368 -1.08267e-17)
(19.7963 12.2897 1.0247e-17)
(20.3031 11.7863 9.63418e-18)
(20.7605 11.3209 1.2931e-17)
(21.1748 10.8889 -1.09553e-17)
(21.5512 10.4867 -3.20557e-18)
(21.8939 10.111 1.86372e-17)
(22.2069 9.75923 -2.12583e-17)
(22.4932 9.42907 1.16812e-17)
(22.7556 9.11864 -1.25689e-17)
(22.9964 8.82623 -1.10033e-17)
(23.2176 8.55037 1.31596e-17)
(23.4212 8.28978 -1.02747e-17)
(23.6086 8.0433 1.13939e-17)
(23.7813 7.80993 -9.21856e-19)
(23.9406 7.5888 -1.64697e-18)
(24.0875 7.37906 1.21006e-17)
(24.2231 7.18001 9.46536e-18)
(24.3483 6.99099 -4.48881e-18)
(24.4639 6.81139 -1.2107e-20)
(24.4639 6.81139 -1.2107e-20)
(24.3629 6.50135 -3.12872e-17)
(24.4703 6.34854 -1.98309e-17)
(24.5699 6.20303 -9.15652e-17)
(24.6622 6.06445 6.71702e-17)
(24.7477 5.93242 -1.50372e-17)
(24.8269 5.80663 -4.03931e-17)
(24.9003 5.68675 1.35105e-18)
(24.9683 5.5725 -1.10584e-17)
(25.0313 5.46361 4.15246e-17)
(25.0897 5.35983 -4.71379e-17)
(25.1437 5.26091 -9.02365e-17)
(25.1937 5.16663 5.4263e-17)
(25.24 5.07677 -1.23489e-17)
(25.2828 4.99115 3.65735e-18)
(25.3224 4.90956 -3.46545e-18)
(25.359 4.83183 -2.05629e-17)
(25.3929 4.75779 1.53403e-17)
(25.4242 4.68728 -2.2641e-17)
(25.453 4.62014 -2.19474e-17)
(25.4797 4.55623 -1.57228e-17)
(25.5043 4.4954 -1.12652e-17)
(25.527 4.43753 3.36964e-17)
(25.5479 4.38249 3.37937e-17)
(25.5672 4.33015 -1.68559e-17)
(25.5849 4.28041 -1.5542e-17)
(25.6013 4.23315 -3.97326e-17)
(25.6163 4.18827 -5.22474e-18)
(25.6301 4.14566 -5.34913e-18)
(25.6429 4.10523 4.15981e-17)
(25.6545 4.06689 -2.30551e-17)
(25.6652 4.03054 -1.15535e-17)
(25.6751 3.9961 2.02029e-17)
(25.6841 3.96348 -4.59904e-17)
(25.6923 3.93259 2.36097e-17)
(25.6999 3.90335 -2.46203e-18)
(25.7068 3.87564 7.45639e-18)
(25.7121 3.85345 2.96587e-17)
(25.7163 3.83558 -1.78556e-17)
(25.7205 3.81737 4.30724e-18)
(25.7245 3.799 -2.64622e-17)
(25.7284 3.78052 8.88479e-18)
(25.7322 3.762 -9.79403e-18)
(25.7358 3.74349 1.49435e-17)
(25.7391 3.725 -1.09471e-17)
(25.7421 3.70654 1.30212e-17)
(25.7448 3.6881 6.40769e-18)
(25.747 3.66959 -4.88109e-18)
(25.7484 3.65061 3.27054e-17)
(25.7493 3.63039 2.19003e-17)
)
;
    }
    procBoundary4to5
    {
        type            processor;
        value           nonuniform List<vector> 
95
(
(17.8198 15.5666 -2.59223e-17)
(18.6912 16.3267 1.07596e-17)
(19.6724 17.0509 7.9629e-18)
(21.2523 16.711 -1.01335e-17)
(21.2523 16.711 -1.01335e-17)
(22.3201 17.2238 -3.78522e-17)
(23.7558 16.6984 1.3422e-16)
(23.7558 16.6984 1.3422e-16)
(24.8465 16.9875 2.05395e-16)
(26.0821 16.283 4.40915e-16)
(26.0821 16.283 4.40915e-16)
(27.1688 15.5411 4.27986e-16)
(27.1688 15.5411 4.27986e-16)
(28.1184 14.7699 8.39838e-17)
(28.0723 14.0764 -3.10967e-16)
(28.0723 14.0764 -3.10967e-16)
(28.8442 13.3427 3.49863e-16)
(28.8442 13.3427 3.49863e-16)
(29.5102 12.5947 -1.58877e-16)
(29.3738 12.0482 1.89535e-16)
(29.3738 12.0482 1.89535e-16)
(29.9055 11.34 2.41658e-16)
(29.7429 10.8694 1.23972e-15)
(29.7429 10.8694 1.23972e-15)
(30.1614 10.1998 -8.25879e-17)
(29.9797 9.79489 -7.99314e-16)
(29.9797 9.79489 -7.99314e-16)
(30.3008 9.16377 -9.01337e-16)
(30.1056 8.81643 7.3324e-16)
(29.9202 8.48695 2.50428e-16)
(29.9202 8.48695 2.50428e-16)
(30.1388 7.92799 1.08912e-15)
(29.9444 7.64682 -3.22564e-16)
(29.759 7.3802 -3.65669e-16)
(29.759 7.3802 -3.65669e-16)
(29.8949 6.88736 6.38683e-17)
(29.7045 6.66205 3.56403e-16)
(29.5225 6.44857 -2.32097e-16)
(29.5225 6.44857 -2.32097e-16)
(29.5918 6.01793 -3.95134e-16)
(29.4082 5.84011 9.93368e-17)
(29.2326 5.67204 -2.48605e-15)
(29.2326 5.67204 -2.48605e-15)
(29.2493 5.30055 -3.64012e-16)
(29.075 5.16329 4.58756e-16)
(28.9084 5.03397 5.77388e-16)
(28.7489 4.91233 -1.47335e-15)
(28.5964 4.79805 1.3376e-15)
(28.5964 4.79805 1.3376e-15)
(28.5662 4.52001 8.07601e-16)
(28.4177 4.42963 -7.89147e-16)
(28.2759 4.3451 9.37984e-16)
(28.1405 4.26616 3.44375e-17)
(28.0112 4.19252 3.38989e-16)
(28.0112 4.19252 3.38989e-16)
(27.9551 3.99247 1.3459e-16)
(27.8317 3.9367 -5.88958e-16)
(27.7142 3.8849 3.68261e-16)
(27.6023 3.83686 -5.70776e-16)
(27.4956 3.79234 -2.18938e-16)
(27.4956 3.79234 -2.18938e-16)
(27.4298 3.65509 4.71482e-17)
(27.33 3.62306 -2.76153e-16)
(27.235 3.59347 1.54171e-16)
(27.1446 3.56614 1.58624e-16)
(27.0587 3.54089 6.56599e-18)
(26.9769 3.51757 2.33297e-16)
(26.8991 3.496 1.27841e-16)
(26.8991 3.496 1.27841e-16)
(26.8392 3.4182 4.44151e-17)
(26.7673 3.40345 1.63622e-16)
(26.6989 3.38977 -7.54189e-17)
(26.6336 3.37706 1.24097e-16)
(26.5715 3.36523 1.27114e-16)
(26.5124 3.35423 -1.84632e-16)
(26.4562 3.34397 5.17279e-17)
(26.4029 3.33439 4.29326e-17)
(26.4029 3.33439 4.29326e-17)
(26.3575 3.29334 1.18506e-16)
(26.3089 3.28677 9.97488e-17)
(26.2626 3.28043 7.53116e-17)
(26.2255 3.27545 -1.0383e-16)
(26.1953 3.27127 2.59397e-17)
(26.1647 3.26695 -1.74182e-19)
(26.1337 3.26255 -4.63343e-17)
(26.1028 3.25789 -8.59343e-17)
(26.0718 3.25357 4.81662e-17)
(26.0422 3.24738 2.19815e-17)
(26.0422 3.24738 2.19815e-17)
(26.0134 3.22778 -2.02396e-18)
(25.9917 3.20875 -4.21797e-17)
(25.9483 3.23816 1.73422e-18)
(25.9541 3.15316 2.3052e-17)
(25.8659 3.31636 -1.5461e-17)
(25.97 2.97172 -1.9608e-17)
)
;
    }
}


// ************************************************************************* //
