/*--------------------------------*- C++ -*----------------------------------*\
| =========                 |                                                 |
| \\      /  F ield         | OpenFOAM: The Open Source CFD Toolbox           |
|  \\    /   O peration     | Version:  2306                                  |
|   \\  /    A nd           | Website:  www.openfoam.com                      |
|    \\/     M anipulation  |                                                 |
\*---------------------------------------------------------------------------*/
FoamFile
{
    version     2.0;
    format      ascii;
    arch        "LSB;label=32;scalar=64";
    class       volVectorField;
    location    "950";
    object      momentError;
}
// * * * * * * * * * * * * * * * * * * * * * * * * * * * * * * * * * * * * * //

dimensions      [0 1 -2 0 0 0 0];

internalField   nonuniform List<vector> 
1340
(
(-0.000178126 0.00130507 1.15496e-13)
(0.00115997 0.0115181 -1.13959e-14)
(0.0524215 0.0722329 -4.53038e-16)
(1.09048 -0.120009 -6.74695e-14)
(3.85129e-05 0.000403659 -3.94954e-14)
(-0.000976647 0.00223018 3.30544e-14)
(-0.0317689 0.0142603 -1.41193e-14)
(-0.893063 0.108622 -3.85092e-14)
(-0.000825394 0.000445391 -3.61659e-14)
(-0.00254295 0.00126136 -9.9807e-14)
(-0.0164293 0.00207457 2.77746e-14)
(-0.113452 0.00993018 9.91239e-15)
(-0.00132979 0.000534499 -1.16597e-13)
(-0.00173397 0.000666405 1.66349e-14)
(-0.00692556 -0.000138573 -2.8297e-14)
(-0.0339973 0.00930279 4.56601e-14)
(-0.00283748 0.000506892 1.18032e-13)
(-0.00117586 0.000361344 -3.96452e-14)
(-0.00420892 -0.00055996 -1.66194e-14)
(-0.0207266 0.00963557 -5.31737e-16)
(-0.00165549 -0.000323804 7.32822e-14)
(-0.000583545 0.000284159 8.46297e-14)
(-0.00367433 -0.000460138 3.84861e-14)
(-0.0176078 0.0101816 2.85636e-14)
(0.022866 -0.00761112 -1.0184e-13)
(-0.00676591 0.00276586 -5.77974e-14)
(-0.00247023 -0.000581737 6.50759e-15)
(-0.0138995 0.00938042 -2.58436e-14)
(-0.0143568 0.00214246 6.9418e-14)
(-0.00372409 -0.00112563 5.85357e-14)
(-0.00327815 0.00256184 -3.5051e-14)
(-0.0103935 0.00731179 -2.773e-14)
(-0.00941813 0.00551969 -8.23521e-14)
(0.00452494 -0.0018667 -1.57867e-14)
(-0.012083 0.00584933 2.61655e-14)
(-0.00488415 0.00176129 -4.9996e-15)
(0.000945732 -0.000773862 3.04292e-14)
(-0.000442457 -0.00121525 5.39703e-15)
(0.00539871 -0.00576605 -1.69097e-14)
(0.00515766 0.00385992 4.25592e-14)
(-4.25975e-06 0.000139466 -2.02337e-14)
(0.000529375 -0.000652745 2.06718e-14)
(0.000410848 -0.00356437 1.51109e-14)
(0.00108675 0.00755032 7.65092e-15)
(0.000123689 -1.2425e-05 5.9771e-14)
(-0.000588436 -5.52079e-05 3.47064e-14)
(-0.00357257 0.00272289 1.50388e-14)
(0.00102481 0.00441542 -3.55944e-14)
(1.62634e-05 3.98109e-05 -5.60547e-14)
(-0.000446337 -2.71014e-05 -4.43373e-14)
(-0.000925974 -0.000131102 3.17812e-15)
(0.00108296 0.003061 1.54153e-15)
(-2.95752e-05 3.9329e-05 4.06997e-14)
(-0.000463579 3.23442e-05 5.33807e-14)
(-0.00117545 0.000526695 -3.67085e-14)
(0.000827162 0.00279909 2.00115e-15)
(-6.46091e-05 5.05319e-05 3.92949e-15)
(-0.000462848 7.38724e-05 -6.59998e-14)
(-0.000893735 0.000490206 2.42852e-14)
(0.000820073 0.00233974 1.063e-15)
(-8.42572e-05 6.20865e-05 -6.65107e-14)
(-0.000440944 9.95172e-05 2.3376e-14)
(-0.00069698 0.000520593 -1.72109e-15)
(0.000799479 0.00199005 9.70134e-15)
(-9.45341e-05 7.76112e-05 1.19833e-14)
(-0.000413718 0.000129455 6.26861e-15)
(-0.000547753 0.000540772 -1.69638e-14)
(0.000753909 0.00168705 -6.57503e-15)
(-0.000101423 9.31501e-05 1.63919e-14)
(-0.000378262 0.000156228 -5.47978e-15)
(-0.000416031 0.000548033 4.63663e-15)
(0.000699006 0.00142847 7.86098e-15)
(-0.000103536 0.000107538 9.12056e-15)
(-0.000339224 0.000179518 -2.65003e-14)
(-0.00030673 0.000545608 2.60767e-14)
(0.000639358 0.00120416 -6.30454e-15)
(-0.000105011 0.0001204 -7.04785e-15)
(-0.00029858 0.00019775 7.41985e-15)
(-0.000212962 0.000533672 2.22068e-15)
(0.000581647 0.00101136 -4.58374e-15)
(-0.000102415 0.000132212 -1.26024e-14)
(-0.000258213 0.000211332 -4.93425e-15)
(-0.000137886 0.000512312 -1.86645e-14)
(0.000527034 0.0008456 -2.96286e-15)
(-9.97956e-05 0.000142656 -1.59415e-14)
(-0.00021971 0.000220082 -1.05187e-14)
(-7.52199e-05 0.000484756 4.47035e-15)
(0.000475615 0.000705332 3.08255e-15)
(-9.37202e-05 0.000151356 3.96841e-14)
(-0.000183159 0.000225522 2.06254e-14)
(-2.72648e-05 0.000453929 -1.04228e-14)
(0.00042769 0.00058671 -6.60993e-16)
(-8.8276e-05 0.000158361 -9.38222e-15)
(-0.000149921 0.00022722 -2.36001e-15)
(1.18421e-05 0.000421189 6.0161e-15)
(0.000383207 0.0004885 2.02941e-15)
(-8.01986e-05 0.000162993 -1.58347e-14)
(-0.000119127 0.000226992 -6.53384e-15)
(3.95265e-05 0.000388057 -1.41015e-14)
(0.000342154 0.000406099 -2.54048e-15)
(-7.31165e-05 0.000165732 1.09341e-14)
(-9.24627e-05 0.000223316 -1.87188e-14)
(6.07819e-05 0.000354023 9.63738e-15)
(0.000305288 0.000340399 8.39692e-15)
(-6.42463e-05 0.000165815 -8.56774e-15)
(-6.85634e-05 0.000217809 2.79153e-14)
(7.40306e-05 0.000322378 2.35241e-14)
(0.000272098 0.000286396 -1.29425e-15)
(-5.66666e-05 0.000163714 -3.35906e-15)
(-4.86325e-05 0.000209694 1.2138e-14)
(8.33247e-05 0.000291311 -6.79402e-15)
(0.000241868 0.000243852 1.43692e-15)
(-4.82332e-05 0.000157893 8.39486e-15)
(-3.10433e-05 0.000201004 -2.55936e-14)
(8.72019e-05 0.000263013 -1.03705e-14)
(0.000214459 0.000207937 -4.82197e-15)
(-3.97652e-05 0.000152942 1.56399e-15)
(-1.66716e-05 0.000189213 1.4904e-14)
(8.8577e-05 0.000235965 5.0313e-15)
(0.000189427 0.00017944 -2.62776e-15)
(-3.18808e-05 0.000144942 -1.22345e-14)
(-4.77238e-06 0.000178261 -1.42128e-14)
(8.67143e-05 0.000210991 -1.5364e-14)
(0.000166909 0.00015503 -2.148e-15)
(-2.35165e-05 0.000139374 2.87533e-15)
(4.87247e-06 0.000165048 3.18501e-15)
(8.3152e-05 0.000187615 3.17362e-15)
(0.000146534 0.000135619 9.70918e-15)
(-1.74341e-05 0.000130115 2.95559e-15)
(1.1253e-05 0.00015254 1.41167e-15)
(7.82837e-05 0.000166316 -4.31646e-16)
(0.000128368 0.00011855 1.29273e-15)
(-3.07469e-05 0.000108083 -1.97104e-14)
(-1.07544e-05 0.00012235 -1.93897e-14)
(1.72307e-05 0.000139585 -6.15374e-15)
(7.23456e-05 0.000146881 -4.92813e-15)
(0.000112135 0.000104844 -9.69929e-15)
(-2.35157e-05 0.000102679 5.06123e-16)
(-5.93505e-06 0.000115094 7.17224e-15)
(1.93955e-05 0.0001264 3.05126e-15)
(6.62723e-05 0.000129538 9.99531e-15)
(9.78074e-05 9.25526e-05 8.02818e-15)
(-1.93884e-05 9.58101e-05 1.21922e-14)
(-2.31479e-06 0.000105203 -1.76859e-15)
(2.18098e-05 0.00011431 1.26577e-14)
(5.99367e-05 0.000113994 3.10565e-15)
(8.51299e-05 8.24785e-05 4.0437e-15)
(-1.42994e-05 8.79354e-05 -2.57709e-15)
(6.11901e-07 9.63386e-05 8.36212e-15)
(2.18813e-05 0.000102721 -1.09722e-14)
(5.38525e-05 0.000100239 -9.65511e-15)
(7.40762e-05 7.33618e-05 -1.02541e-14)
(-1.14627e-05 8.09816e-05 -6.76973e-15)
(2.99865e-06 8.74774e-05 -9.61809e-15)
(2.23895e-05 9.19799e-05 6.82867e-15)
(4.79145e-05 8.81905e-05 3.87738e-16)
(6.44468e-05 6.58384e-05 -8.13552e-15)
(-7.63556e-06 7.40664e-05 5.88257e-15)
(4.60717e-06 7.92809e-05 1.06237e-14)
(2.10872e-05 8.20424e-05 -5.77734e-15)
(4.25537e-05 7.75936e-05 -1.18706e-14)
(5.6091e-05 5.89752e-05 1.84193e-15)
(-6.01968e-06 6.76035e-05 4.73079e-15)
(5.74784e-06 7.13954e-05 8.08507e-15)
(2.05814e-05 7.29973e-05 2.49884e-15)
(3.75017e-05 6.84653e-05 1.35837e-14)
(4.8868e-05 5.31432e-05 1.12741e-14)
(-3.47794e-06 6.09091e-05 -2.57359e-15)
(6.42204e-06 6.43929e-05 3.51225e-16)
(1.86498e-05 6.48183e-05 3.74442e-15)
(3.31318e-05 6.04513e-05 2.61127e-16)
(4.25842e-05 4.77988e-05 -9.84125e-17)
(-2.44506e-06 5.49385e-05 -2.1006e-15)
(6.81021e-06 5.70651e-05 -1.30006e-14)
(1.7721e-05 5.76892e-05 -1.04391e-14)
(2.90829e-05 5.35785e-05 -6.33848e-15)
(3.71655e-05 4.3193e-05 -1.92001e-15)
(-7.07474e-07 4.90767e-05 -5.32635e-15)
(7.1554e-06 5.15599e-05 -6.09507e-16)
(1.60075e-05 5.12415e-05 7.86428e-15)
(2.55937e-05 4.75711e-05 2.50866e-15)
(3.24206e-05 3.89763e-05 -6.70939e-15)
(2.44786e-07 4.49273e-05 1.45765e-14)
(7.42653e-06 4.60183e-05 8.57739e-15)
(1.48091e-05 4.57059e-05 -5.60723e-15)
(2.24089e-05 4.23686e-05 -9.32794e-16)
(2.83015e-05 3.52819e-05 5.34821e-15)
(1.39553e-06 4.0363e-05 3.09159e-15)
(7.03874e-06 4.15122e-05 -5.72135e-15)
(1.32314e-05 4.06808e-05 -6.92775e-15)
(1.96039e-05 3.77362e-05 -7.29546e-16)
(2.46642e-05 3.18795e-05 1.5437e-15)
(-3.25189e-06 3.53732e-05 -3.78294e-15)
(1.74758e-06 3.66604e-05 2.57784e-16)
(7.06165e-06 3.71276e-05 1.66664e-15)
(1.19306e-05 3.62425e-05 -3.9078e-15)
(1.70726e-05 3.36643e-05 -2.75813e-15)
(2.15017e-05 2.88484e-05 -1.06556e-15)
(-1.91786e-06 3.21353e-05 -5.49411e-15)
(2.3879e-06 3.32123e-05 -4.78829e-16)
(6.16876e-06 3.31519e-05 -2.67703e-15)
(1.04443e-05 3.22228e-05 1.37367e-15)
(1.48449e-05 2.99859e-05 7.65642e-15)
(1.86891e-05 2.60312e-05 -1.86012e-16)
(-1.32903e-06 2.89438e-05 -4.3125e-15)
(2.03727e-06 2.9502e-05 -8.37706e-16)
(5.79911e-06 2.94254e-05 -4.39822e-15)
(9.3013e-06 2.86149e-05 6.74975e-15)
(1.28515e-05 2.67185e-05 -9.3213e-16)
(1.6271e-05 2.3513e-05 -2.95273e-15)
(-7.15822e-07 2.56721e-05 3.83209e-15)
(2.32416e-06 2.62214e-05 3.20935e-15)
(5.01143e-06 2.61452e-05 5.0028e-15)
(8.04441e-06 2.5356e-05 -3.17273e-16)
(1.11363e-05 2.37838e-05 -2.12917e-15)
(1.41183e-05 2.11968e-05 6.3783e-15)
(-4.79392e-07 2.2814e-05 -3.49103e-15)
(1.95091e-06 2.30935e-05 -2.69836e-15)
(4.62895e-06 2.30661e-05 -2.41894e-15)
(7.13267e-06 2.2459e-05 -2.57371e-15)
(9.63475e-06 2.11963e-05 7.96877e-15)
(1.22924e-05 1.91226e-05 -1.18809e-16)
(-1.71927e-07 2.01929e-05 -1.36027e-15)
(2.14828e-06 2.04747e-05 6.04795e-16)
(4.061e-06 2.04376e-05 -3.90069e-15)
(6.18573e-06 1.98853e-05 1.55229e-15)
(8.35977e-06 1.88713e-05 -1.03102e-15)
(1.06513e-05 1.72371e-05 -5.31544e-15)
(-2.02049e-08 1.81432e-05 2.53369e-15)
(1.80072e-06 1.81454e-05 -1.21748e-15)
(3.70364e-06 1.7993e-05 1.44273e-15)
(5.49339e-06 1.75818e-05 4.04517e-16)
(7.24618e-06 1.67939e-05 -7.24595e-16)
(9.28469e-06 1.55465e-05 2.24736e-15)
(-8.65968e-08 1.62145e-05 5.40616e-15)
(1.69876e-06 1.60744e-05 7.2442e-15)
(3.19811e-06 1.58837e-05 1.71377e-16)
(4.79652e-06 1.54925e-05 -1.12137e-15)
(6.33e-06 1.49234e-05 -3.94141e-15)
(8.03922e-06 1.40069e-05 -1.80423e-15)
(-2.44989e-07 1.42544e-05 -1.00206e-15)
(1.18259e-06 1.41224e-05 -1.0394e-15)
(2.85034e-06 1.39782e-05 -2.22142e-16)
(4.3184e-06 1.37198e-05 5.71444e-16)
(5.56871e-06 1.3264e-05 3.77164e-15)
(7.07578e-06 1.26333e-05 3.55411e-15)
(-1.65986e-06 1.25195e-05 5.26509e-16)
(-4.17945e-07 1.24989e-05 2.38453e-15)
(1.14858e-06 1.26733e-05 2.19318e-15)
(2.65723e-06 1.25027e-05 -1.95191e-15)
(3.85036e-06 1.21849e-05 -1.52071e-15)
(4.92286e-06 1.18146e-05 -6.27469e-16)
(6.17162e-06 1.1349e-05 -2.49758e-15)
(-1.40764e-06 1.10576e-05 -1.97568e-15)
(-2.27378e-07 1.14481e-05 -7.87514e-17)
(1.04016e-06 1.14186e-05 5.91045e-16)
(2.29602e-06 1.11735e-05 -3.25812e-15)
(3.3848e-06 1.08652e-05 -7.85786e-16)
(4.32412e-06 1.0475e-05 1.43119e-15)
(5.44466e-06 1.01363e-05 -6.14609e-16)
(-1.00797e-06 9.94231e-06 5.98295e-17)
(-1.52281e-07 1.01342e-05 1.78201e-16)
(7.72126e-07 1.02172e-05 -4.70595e-15)
(1.98536e-06 9.97407e-06 3.58628e-15)
(2.9235e-06 9.63862e-06 1.30018e-15)
(3.73856e-06 9.26278e-06 -2.44772e-15)
(4.75112e-06 9.00481e-06 3.88546e-15)
(-8.16849e-07 8.72509e-06 3.17929e-15)
(-1.23845e-07 8.92012e-06 1.56857e-15)
(7.15236e-07 9.03386e-06 6.76205e-16)
(1.59526e-06 8.82768e-06 -1.42895e-15)
(2.42019e-06 8.5198e-06 -5.36101e-15)
(3.22012e-06 8.20075e-06 3.45824e-15)
(4.18916e-06 8.0066e-06 -5.07549e-16)
(-5.37726e-07 7.61887e-06 1.04153e-15)
(-1.44452e-08 7.84261e-06 2.15003e-16)
(4.88821e-07 7.95401e-06 -1.23472e-15)
(1.30429e-06 7.79895e-06 -4.72934e-16)
(2.06339e-06 7.6054e-06 -2.66621e-16)
(2.78693e-06 7.34703e-06 2.48605e-16)
(3.65611e-06 7.19152e-06 1.27748e-16)
(-3.73751e-07 6.73148e-06 -1.36053e-16)
(2.58661e-08 6.85367e-06 1.1142e-15)
(4.87281e-07 7.01945e-06 1.0616e-15)
(1.11635e-06 6.9601e-06 7.57901e-16)
(1.76663e-06 6.82257e-06 -1.23198e-16)
(2.37708e-06 6.60174e-06 1.4956e-15)
(3.17108e-06 6.51636e-06 6.59426e-16)
(-2.15532e-07 5.89379e-06 -2.19077e-15)
(1.10373e-07 6.04133e-06 -2.93148e-16)
(4.51294e-07 6.16974e-06 1.86391e-15)
(9.81386e-07 6.13299e-06 -9.87131e-16)
(1.48399e-06 6.04163e-06 -4.85205e-15)
(2.02746e-06 5.89243e-06 -5.82488e-17)
(2.7247e-06 5.83692e-06 7.55427e-16)
(-3.62413e-07 4.97245e-06 -9.42022e-16)
(-9.73679e-08 5.07548e-06 -8.33244e-16)
(7.57561e-08 5.28912e-06 -3.75404e-16)
(4.69685e-07 5.29487e-06 4.39307e-16)
(8.2393e-07 5.32243e-06 -1.89488e-15)
(1.2719e-06 5.25543e-06 -6.34758e-16)
(1.6915e-06 5.15897e-06 2.87666e-16)
(2.29866e-06 5.13947e-06 -1.68532e-16)
(-2.41312e-07 4.26828e-06 5.58477e-16)
(-5.21347e-08 4.36005e-06 1.88143e-15)
(1.12315e-07 4.52567e-06 1.1529e-15)
(4.31941e-07 4.53575e-06 -2.97252e-15)
(7.37014e-07 4.57653e-06 -1.58564e-15)
(1.06603e-06 4.54464e-06 1.09782e-15)
(1.41579e-06 4.47411e-06 4.98007e-16)
(1.98345e-06 4.53059e-06 -2.80239e-16)
(-1.68194e-07 3.62757e-06 1.2232e-15)
(3.81983e-09 3.72502e-06 3.12105e-16)
(1.62592e-07 3.87038e-06 -1.59626e-15)
(4.25591e-07 3.89366e-06 1.13548e-15)
(6.56896e-07 3.94078e-06 1.23028e-15)
(9.26969e-07 3.92521e-06 -1.01586e-15)
(1.21814e-06 3.9041e-06 -1.08835e-15)
(1.69311e-06 3.97506e-06 -1.43832e-16)
(-5.89644e-08 3.07962e-06 -2.14932e-16)
(9.55307e-08 3.14477e-06 6.00606e-16)
(1.91564e-07 3.33585e-06 -7.16243e-16)
(4.38427e-07 3.33471e-06 2.276e-15)
(6.14767e-07 3.39336e-06 -1.97666e-15)
(8.23523e-07 3.40592e-06 -2.48293e-15)
(1.0414e-06 3.38912e-06 3.28714e-15)
(1.4352e-06 3.47552e-06 3.49246e-16)
(-9.17387e-09 2.66589e-06 -9.87352e-16)
(1.66892e-07 2.71854e-06 -9.28727e-16)
(2.91316e-07 2.88693e-06 -1.95347e-16)
(4.55874e-07 2.87668e-06 2.23537e-16)
(6.01271e-07 2.94272e-06 8.72017e-16)
(7.39725e-07 2.94767e-06 7.91889e-16)
(8.7585e-07 2.9342e-06 -3.25111e-16)
(1.19903e-06 3.03797e-06 -7.14594e-16)
(8.74559e-08 2.36564e-06 1.04478e-15)
(2.4765e-07 2.43194e-06 -1.16523e-15)
(3.17557e-07 2.56087e-06 1.08291e-15)
(4.94517e-07 2.54417e-06 1.72151e-15)
(5.77984e-07 2.5807e-06 -1.06537e-15)
(6.31574e-07 2.56998e-06 1.44383e-16)
(7.41535e-07 2.57528e-06 1.42403e-15)
(1.01101e-06 2.67379e-06 -1.72767e-16)
(1.53097e-07 2.17815e-06 -1.03061e-15)
(2.88797e-07 2.22805e-06 1.05954e-16)
(3.83506e-07 2.31653e-06 3.59372e-16)
(4.79776e-07 2.28358e-06 -1.86536e-15)
(5.0808e-07 2.29556e-06 7.74842e-16)
(5.74509e-07 2.29488e-06 1.6924e-15)
(6.42766e-07 2.29515e-06 -1.04774e-15)
(8.55156e-07 2.37519e-06 -5.94046e-16)
(3.27682e-08 1.94765e-06 5.56522e-16)
(2.11191e-07 1.93247e-06 3.61932e-16)
(2.4824e-07 2.1007e-06 6.44842e-16)
(3.74386e-07 2.00528e-06 -1.10245e-15)
(4.0751e-07 2.01402e-06 5.2071e-16)
(4.6057e-07 2.01269e-06 1.1002e-15)
(4.92632e-07 2.00906e-06 -2.15655e-15)
(5.50403e-07 2.02092e-06 -3.79948e-16)
(7.64949e-07 2.16632e-06 1.79402e-15)
(6.16104e-08 1.74099e-06 1.33327e-16)
(1.902e-07 1.74403e-06 -1.08539e-16)
(2.33163e-07 1.82616e-06 6.60707e-16)
(3.2922e-07 1.76095e-06 8.97306e-16)
(3.70223e-07 1.78121e-06 -9.21413e-16)
(4.07353e-07 1.785e-06 -8.56222e-16)
(4.52402e-07 1.77983e-06 4.83294e-16)
(5.10666e-07 1.81093e-06 1.54897e-15)
(6.77485e-07 1.94615e-06 -2.14006e-15)
(7.60963e-08 1.51974e-06 -2.57376e-16)
(1.93847e-07 1.49716e-06 -4.27567e-16)
(2.09301e-07 1.59276e-06 -1.51641e-15)
(3.02589e-07 1.53573e-06 -5.20009e-16)
(3.34864e-07 1.5625e-06 1.58963e-16)
(3.75334e-07 1.56371e-06 2.31971e-16)
(4.11611e-07 1.5679e-06 -2.9438e-16)
(4.41322e-07 1.57476e-06 9.6634e-16)
(5.92781e-07 1.70749e-06 2.32826e-15)
(6.55763e-08 1.31894e-06 8.98998e-16)
(1.82945e-07 1.2828e-06 -1.22801e-15)
(2.03772e-07 1.37651e-06 9.97351e-17)
(2.81574e-07 1.31965e-06 2.44982e-15)
(3.07042e-07 1.34509e-06 -1.23351e-15)
(3.37556e-07 1.34879e-06 3.07784e-16)
(3.56427e-07 1.34153e-06 -6.3106e-16)
(3.6928e-07 1.34976e-06 1.52895e-16)
(5.01597e-07 1.47291e-06 7.00609e-16)
(4.75633e-08 1.1533e-06 -4.90291e-17)
(1.70263e-07 1.1025e-06 7.01139e-16)
(1.80954e-07 1.19625e-06 4.34095e-16)
(2.5683e-07 1.1321e-06 -1.78028e-15)
(2.79371e-07 1.15131e-06 1.2911e-15)
(2.95911e-07 1.14923e-06 1.91716e-15)
(3.04294e-07 1.14343e-06 -3.08796e-15)
(3.05828e-07 1.14997e-06 -4.89167e-16)
(4.18615e-07 1.27333e-06 1.14767e-15)
(1.31535e-08 1.01422e-06 2.36387e-16)
(1.42501e-07 9.67336e-07 3.93653e-16)
(1.65434e-07 1.05946e-06 -2.84328e-16)
(2.28511e-07 9.96107e-07 -7.30792e-16)
(2.46026e-07 1.00914e-06 6.8215e-16)
(2.61175e-07 1.00362e-06 1.19007e-15)
(2.6376e-07 9.97132e-07 -1.70864e-16)
(2.51228e-07 1.00685e-06 -1.14179e-15)
(3.36518e-07 1.13885e-06 4.61155e-16)
(7.14598e-09 9.16603e-07 -5.18653e-16)
(1.40865e-07 8.5799e-07 -1.9122e-16)
(1.36508e-07 9.86739e-07 6.00469e-16)
(2.09836e-07 9.08647e-07 8.63568e-16)
(2.21148e-07 9.21535e-07 -6.36463e-18)
(2.30555e-07 9.12105e-07 -3.38268e-17)
(2.29645e-07 9.03761e-07 -3.78386e-16)
(2.13708e-07 9.14274e-07 7.09022e-17)
(2.92612e-07 1.05083e-06 -1.08981e-16)
(-2.30406e-08 9.19227e-07 2.78213e-16)
(1.47411e-07 8.43381e-07 2.64152e-16)
(1.4651e-07 9.66562e-07 6.16539e-16)
(1.82748e-07 8.8251e-07 -1.08046e-16)
(1.91357e-07 8.87715e-07 -5.41492e-16)
(2.01335e-07 8.71766e-07 1.17602e-16)
(2.00966e-07 8.60252e-07 -3.56964e-16)
(1.75999e-07 8.70592e-07 -5.41394e-16)
(2.39136e-07 1.00644e-06 8.30238e-16)
(-3.78691e-08 9.43454e-07 -1.21448e-15)
(1.1882e-07 8.7428e-07 -6.19575e-16)
(9.43798e-08 9.65142e-07 2.60059e-16)
(1.39669e-07 8.75903e-07 4.19369e-16)
(1.49126e-07 8.72398e-07 1.67543e-15)
(1.62328e-07 8.49912e-07 -4.30974e-16)
(1.63223e-07 8.33703e-07 -1.90535e-15)
(1.40198e-07 8.41537e-07 4.09591e-17)
(1.95588e-07 9.64627e-07 1.22756e-15)
(-6.17444e-08 9.43333e-07 -1.68431e-16)
(-2.52256e-08 9.1414e-07 -3.89375e-16)
(3.00842e-08 1.06818e-06 1.08123e-16)
(5.813e-08 9.54857e-07 -6.00878e-16)
(7.79875e-08 9.56849e-07 8.88666e-17)
(9.6536e-08 9.30727e-07 3.67238e-16)
(1.13012e-07 9.06391e-07 -1.35318e-15)
(1.18847e-07 8.85327e-07 6.93583e-16)
(8.84606e-08 8.89899e-07 1.16813e-15)
(1.21667e-07 1.00305e-06 1.09955e-16)
(-4.25153e-08 9.87669e-07 2.82653e-16)
(-4.27828e-08 9.66549e-07 -1.23913e-16)
(2.19537e-08 1.10769e-06 -6.96389e-17)
(1.94237e-08 1.01524e-06 1.5406e-16)
(3.39508e-08 1.02367e-06 4.99819e-16)
(5.06027e-08 9.99317e-07 9.74527e-18)
(6.50038e-08 9.74098e-07 -7.42977e-17)
(6.84526e-08 9.49744e-07 3.37758e-16)
(3.66934e-08 9.55073e-07 6.09362e-17)
(4.57193e-08 1.11403e-06 -5.45591e-16)
(-4.2923e-08 8.56332e-07 1.4332e-17)
(-6.45892e-08 7.77594e-07 3.06157e-16)
(1.11069e-08 1.0416e-06 5.72173e-16)
(-1.35832e-08 9.31113e-07 -1.43785e-15)
(-5.38742e-09 9.55877e-07 2.64091e-16)
(4.53497e-10 9.42778e-07 2.48938e-15)
(6.885e-09 9.31433e-07 -2.66416e-15)
(5.83375e-09 9.22053e-07 -7.81144e-16)
(-1.59002e-08 9.50866e-07 1.89202e-15)
(-5.48382e-09 1.12825e-06 -7.50624e-16)
(-0.0313208 -0.0242198 -5.98704e-14)
(0.0297127 -0.0325642 -1.63591e-14)
(0.0461016 -0.0185077 2.7209e-14)
(0.0326402 -0.0120274 -1.54366e-14)
(0.0247315 -0.00875325 2.45637e-14)
(0.0211668 -0.00664472 -7.79229e-15)
(0.0180796 -0.004946 -5.75055e-15)
(0.0155066 -0.00353418 -1.74077e-14)
(0.0122248 -0.0016895 1.2437e-14)
(0.00241364 -0.000926952 1.77287e-14)
(0.00244523 -0.00116019 -7.50408e-15)
(0.00264673 -0.000716994 -1.68132e-14)
(0.00220339 -0.000322345 1.75009e-14)
(0.00194775 -0.000154479 -1.71668e-14)
(0.0016614 -4.05696e-05 1.55481e-14)
(0.00140045 2.97409e-05 -3.35763e-15)
(0.00118356 7.74008e-05 1.46516e-15)
(0.000995401 0.000108657 -5.20735e-15)
(0.000837596 0.000125886 -6.52736e-15)
(0.000703293 0.000134744 1.51621e-15)
(0.000591379 0.000136234 3.74368e-15)
(0.000496283 0.000133688 -3.62527e-16)
(0.000417845 0.000127467 1.15425e-15)
(0.000351248 0.000119922 -1.26741e-15)
(0.000297439 0.000111817 3.45615e-15)
(0.000252892 0.0001049 -3.87006e-15)
(0.000217264 9.89696e-05 1.64565e-15)
(0.000186353 9.32818e-05 -3.60107e-15)
(0.000161058 8.76716e-05 4.44559e-15)
(0.000138878 8.20579e-05 -7.23757e-15)
(0.000120736 7.68947e-05 1.39577e-14)
(0.00010458 7.16214e-05 -6.13977e-15)
(9.13429e-05 6.6987e-05 1.98206e-15)
(7.94026e-05 6.22314e-05 6.70154e-16)
(6.95703e-05 5.80923e-05 4.1265e-15)
(6.06262e-05 5.39175e-05 -2.09365e-15)
(5.32497e-05 5.02634e-05 -6.21595e-15)
(4.6498e-05 4.66608e-05 3.91948e-15)
(4.08744e-05 4.33406e-05 -2.62757e-16)
(3.5712e-05 4.01551e-05 7.41971e-16)
(3.13854e-05 3.71239e-05 3.82649e-15)
(2.74114e-05 3.43001e-05 3.0465e-15)
(2.4064e-05 3.15865e-05 -6.07414e-15)
(2.09821e-05 2.91009e-05 5.36776e-15)
(1.83829e-05 2.67081e-05 4.82789e-16)
(1.59772e-05 2.4518e-05 -7.41929e-15)
(1.39602e-05 2.24147e-05 4.1819e-15)
(1.20944e-05 2.04958e-05 -1.2808e-15)
(1.05412e-05 1.86734e-05 9.43568e-16)
(9.10773e-06 1.70219e-05 -1.81597e-15)
(7.91337e-06 1.5483e-05 -3.48368e-15)
(6.80336e-06 1.40734e-05 2.4166e-15)
(5.87584e-06 1.28241e-05 4.72565e-17)
(5.05188e-06 1.16819e-05 2.57525e-15)
(4.36197e-06 1.05987e-05 -3.94598e-15)
(3.77952e-06 9.5523e-06 -2.18955e-15)
(3.31059e-06 8.51218e-06 1.60619e-15)
(2.91937e-06 7.58331e-06 -5.17205e-15)
(2.57166e-06 6.77848e-06 -1.25226e-15)
(2.23841e-06 6.12871e-06 -3.37043e-15)
(1.88845e-06 5.49572e-06 1.70979e-15)
(1.61933e-06 4.87633e-06 -1.62624e-15)
(1.38267e-06 4.29876e-06 3.26228e-15)
(1.17648e-06 3.7845e-06 5.53056e-16)
(9.85607e-07 3.30511e-06 1.46337e-15)
(8.16211e-07 2.88835e-06 -1.41036e-15)
(6.73484e-07 2.57486e-06 1.71674e-15)
(5.64084e-07 2.28156e-06 1.4192e-15)
(5.11965e-07 2.11524e-06 -2.03759e-15)
(4.90281e-07 1.89818e-06 1.60393e-15)
(4.60165e-07 1.6549e-06 -2.49077e-15)
(4.28667e-07 1.42434e-06 -4.35045e-15)
(3.92466e-07 1.22752e-06 1.72319e-16)
(3.39099e-07 1.11237e-06 -6.5852e-16)
(3.41446e-07 1.0275e-06 -9.67795e-16)
(3.10258e-07 9.61871e-07 8.71799e-16)
(2.98711e-07 8.7847e-07 -1.1572e-15)
(2.165e-07 8.91974e-07 -3.82741e-16)
(1.07999e-07 1.01674e-06 -2.52916e-16)
(2.47302e-08 9.54733e-07 4.6862e-16)
(0.0804065 -0.00842916 1.85701e-14)
(-0.0395849 0.00474661 4.29945e-15)
(-0.00578407 -0.000927944 -5.81933e-15)
(-0.00328148 -0.00233035 2.64659e-15)
(-0.000923161 -0.00296045 -4.2879e-15)
(0.000270508 -0.00321341 1.07082e-15)
(0.000993224 -0.00330036 6.67206e-16)
(0.00171121 -0.00322775 3.01926e-15)
(0.0016051 -0.00320292 -1.79468e-15)
(0.00189242 -0.00321147 -2.39075e-15)
(0.00172741 -0.00253498 1.42523e-15)
(0.00108071 -0.00217688 2.92452e-15)
(0.00113538 -0.00183527 -2.81088e-15)
(0.00115692 -0.00153711 3.13586e-15)
(0.00106067 -0.00127347 -3.00083e-15)
(0.000945325 -0.00105268 8.08259e-16)
(0.000868458 -0.000858992 -3.12452e-16)
(0.000782937 -0.000686355 7.07011e-16)
(0.000705317 -0.00053754 1.09043e-15)
(0.000632693 -0.000411077 -1.60464e-16)
(0.000564708 -0.000305383 -1.63571e-16)
(0.000501601 -0.000218501 -2.6392e-16)
(0.000443441 -0.000148174 1.53552e-16)
(0.000390803 -9.18884e-05 -1.5887e-16)
(0.000341963 -4.78394e-05 -7.6241e-17)
(0.000296004 -1.40643e-05 1.90941e-16)
(0.00025396 1.05314e-05 -1.72548e-16)
(0.000218141 2.81679e-05 6.52175e-16)
(0.000186937 4.00691e-05 -3.2501e-16)
(0.00016056 4.76562e-05 1.4492e-15)
(0.000137581 5.19539e-05 -1.87728e-15)
(0.000118267 5.38037e-05 7.71568e-16)
(0.000101455 5.40225e-05 -3.52688e-16)
(8.73175e-05 5.28809e-05 3.26101e-16)
(7.50458e-05 5.11262e-05 -1.40603e-15)
(6.46642e-05 4.87366e-05 1.57095e-16)
(5.56719e-05 4.6152e-05 1.34699e-15)
(4.79647e-05 4.33648e-05 -4.78543e-17)
(4.13189e-05 4.05882e-05 1.88526e-16)
(3.55532e-05 3.78024e-05 -1.17531e-15)
(3.06049e-05 3.50852e-05 -1.72214e-16)
(2.62781e-05 3.24819e-05 7.30211e-16)
(2.25753e-05 2.99601e-05 6.85827e-16)
(1.93178e-05 2.75842e-05 -1.53319e-15)
(1.65393e-05 2.52964e-05 2.46043e-16)
(1.4087e-05 2.31678e-05 1.61505e-15)
(1.20048e-05 2.11286e-05 -1.32354e-15)
(1.01672e-05 1.92458e-05 9.19107e-16)
(8.62532e-06 1.74839e-05 -7.35857e-16)
(7.25256e-06 1.58564e-05 -1.78357e-16)
(6.11497e-06 1.43438e-05 1.20735e-15)
(5.07222e-06 1.29642e-05 -2.58735e-15)
(4.23558e-06 1.17373e-05 -2.34136e-16)
(3.40667e-06 1.06638e-05 -5.25143e-16)
(2.77646e-06 9.64161e-06 2.11039e-15)
(2.16862e-06 8.69564e-06 7.36534e-16)
(1.77052e-06 7.74624e-06 -1.58831e-16)
(1.44019e-06 6.86556e-06 1.24679e-15)
(1.22286e-06 6.07477e-06 1.2894e-16)
(1.02038e-06 5.39658e-06 3.66483e-16)
(7.8918e-07 4.7948e-06 1.8465e-15)
(6.05474e-07 4.21546e-06 2.80621e-16)
(4.55793e-07 3.69176e-06 -2.6933e-15)
(3.50518e-07 3.20193e-06 -5.02221e-16)
(2.5359e-07 2.7618e-06 2.91819e-15)
(1.79386e-07 2.37947e-06 -8.10177e-16)
(1.28401e-07 2.08641e-06 -2.49366e-16)
(9.82202e-08 1.92367e-06 -2.4651e-16)
(8.74223e-08 1.72471e-06 2.31231e-16)
(1.07935e-07 1.5005e-06 2.39668e-15)
(1.07269e-07 1.27023e-06 1.01818e-15)
(1.24563e-07 1.05159e-06 3.80047e-16)
(1.46233e-07 8.67211e-07 -6.66455e-16)
(1.20393e-07 7.70312e-07 8.45608e-16)
(1.61231e-07 6.86417e-07 6.25752e-16)
(1.7255e-07 6.11468e-07 -3.25583e-17)
(1.87602e-07 5.24469e-07 -1.99362e-16)
(1.54362e-07 5.1324e-07 -3.09696e-16)
(6.66971e-08 5.52923e-07 4.28201e-16)
(-0.00224451 -0.000371343 2.67417e-16)
(-0.0050815 -0.000536396 4.79791e-17)
(-0.00103305 -0.000719095 -2.31194e-16)
(-0.000337073 -0.000593973 9.14046e-17)
(0.000189006 -0.00051671 2.52575e-16)
(0.000455173 -0.000482627 7.81605e-18)
(0.000519855 -0.000485598 1.78173e-17)
(0.000525147 -0.000500973 7.57375e-17)
(0.000350951 -0.000504866 3.72744e-16)
(0.000104247 -0.000433495 3.44204e-16)
(-3.73033e-05 -0.000383448 -2.29361e-16)
(-0.000378108 -0.000422609 3.95283e-16)
(-0.000341966 -0.000455699 4.3579e-17)
(-0.000114617 -0.000471862 -2.6663e-18)
(-3.95164e-05 -0.000457249 -3.06272e-16)
(-2.20493e-05 -0.000448861 2.45178e-16)
(7.82397e-05 -0.000448557 3.26768e-16)
(0.000113112 -0.000427031 -1.40846e-16)
(0.000147036 -0.000398208 -4.84452e-16)
(0.00017068 -0.000364507 3.20452e-17)
(0.000186192 -0.000327737 -8.81993e-18)
(0.00019404 -0.000290219 1.69187e-17)
(0.000196227 -0.000252455 -1.44326e-16)
(0.000193495 -0.000215996 3.12975e-16)
(0.000187951 -0.000180987 -1.67373e-16)
(0.000180627 -0.000147925 -8.38843e-17)
(0.00017161 -0.00011773 -1.88947e-16)
(0.000160507 -9.11099e-05 4.96064e-17)
(0.000148372 -6.79461e-05 -6.69451e-18)
(0.000135684 -4.82055e-05 -4.74014e-17)
(0.00012306 -3.16798e-05 2.86934e-17)
(0.000110799 -1.81956e-05 -9.27361e-17)
(9.91729e-05 -7.34127e-06 2.64651e-16)
(8.83566e-05 1.12586e-06 -2.35249e-18)
(7.84026e-05 7.63133e-06 -1.82751e-16)
(6.93713e-05 1.24273e-05 -1.17691e-16)
(6.12214e-05 1.59367e-05 7.08662e-17)
(5.39363e-05 1.82966e-05 1.59873e-16)
(4.74372e-05 1.98016e-05 -2.91967e-17)
(4.1673e-05 2.06031e-05 -3.12305e-16)
(3.65651e-05 2.08764e-05 2.8751e-16)
(3.20496e-05 2.07466e-05 -1.43798e-15)
(2.80539e-05 2.02962e-05 5.86319e-17)
(2.45323e-05 1.96394e-05 -5.82171e-16)
(2.14136e-05 1.87974e-05 -1.93721e-17)
(1.86736e-05 1.78515e-05 9.48455e-16)
(1.62457e-05 1.68252e-05 1.00414e-15)
(1.41233e-05 1.57777e-05 1.86099e-16)
(1.22468e-05 1.47039e-05 -2.23615e-16)
(1.06094e-05 1.36541e-05 -8.7268e-17)
(9.16906e-06 1.26117e-05 -4.91664e-16)
(7.90519e-06 1.16144e-05 -2.50413e-17)
(6.77976e-06 1.0681e-05 -5.107e-16)
(5.76161e-06 9.82562e-06 9.64033e-16)
(4.81158e-06 9.05222e-06 4.67892e-16)
(3.99907e-06 8.3005e-06 1.00892e-15)
(3.28407e-06 7.59809e-06 -2.40979e-16)
(2.75086e-06 6.89237e-06 3.02527e-16)
(2.32995e-06 6.23556e-06 1.00363e-16)
(1.98033e-06 5.60137e-06 1.61418e-16)
(1.65608e-06 5.00785e-06 -2.57147e-15)
(1.36257e-06 4.4713e-06 1.16241e-15)
(1.11995e-06 3.96672e-06 5.65201e-16)
(9.10007e-07 3.49278e-06 1.09684e-15)
(7.43021e-07 3.04032e-06 -1.54284e-15)
(6.21169e-07 2.64744e-06 -2.74728e-17)
(5.12142e-07 2.34137e-06 -2.07296e-16)
(4.26585e-07 2.11695e-06 -9.75091e-17)
(3.71323e-07 1.94283e-06 8.46578e-19)
(3.11011e-07 1.72947e-06 -3.06954e-15)
(2.78126e-07 1.48805e-06 -2.58207e-15)
(2.60987e-07 1.26694e-06 2.5979e-16)
(2.5635e-07 1.0523e-06 1.52522e-15)
(1.99027e-07 9.49603e-07 -1.81492e-16)
(2.21321e-07 8.81804e-07 7.56046e-16)
(2.37486e-07 8.17936e-07 -1.61783e-15)
(2.47751e-07 7.66876e-07 5.7219e-16)
(2.24532e-07 7.89311e-07 6.99687e-17)
(0.00164517 -0.000704853 -4.87521e-17)
(-0.00157207 -0.000369996 -4.7566e-18)
(-0.000636062 -0.000461178 1.55655e-16)
(-0.00040378 -0.000429445 1.17034e-16)
(-7.27766e-05 -0.000402402 -6.2128e-18)
(0.000180944 -0.000369123 -1.97916e-17)
(0.000349431 -0.000343792 7.60825e-18)
(0.000474389 -0.000329425 -1.06447e-17)
(0.000503669 -0.000328901 -8.31474e-17)
(0.000327423 -0.000345551 -1.797e-16)
(0.000304404 -0.000314074 1.86233e-16)
(0.000106799 -0.000293696 -4.4085e-17)
(-6.80934e-05 -0.000294943 -2.8423e-16)
(-8.48601e-05 -0.000289422 5.19774e-17)
(-1.10965e-05 -0.000203961 -2.05613e-17)
(-3.88875e-06 -0.000243912 3.56623e-16)
(3.62606e-05 -0.000255576 1.20077e-16)
(3.69454e-05 -0.00025032 -1.57338e-16)
(5.01948e-05 -0.000242371 -1.78578e-16)
(6.3327e-05 -0.000230436 -3.56017e-18)
(7.60952e-05 -0.000216054 -1.53103e-16)
(8.67731e-05 -0.000200574 2.30576e-16)
(9.53679e-05 -0.000183759 -1.11883e-17)
(0.000101627 -0.000166629 3.22167e-16)
(0.000105721 -0.000149159 -3.28722e-16)
(0.000107401 -0.000131872 -3.71672e-17)
(0.000107238 -0.000114613 7.9619e-17)
(0.000105461 -9.78928e-05 -1.22475e-16)
(0.00010243 -8.18622e-05 4.78971e-17)
(9.82426e-05 -6.70735e-05 -5.62341e-19)
(9.32448e-05 -5.34612e-05 4.06965e-17)
(8.759e-05 -4.13218e-05 -2.36148e-18)
(8.15748e-05 -3.05283e-05 -6.52449e-17)
(7.53364e-05 -2.12665e-05 6.17306e-19)
(6.90974e-05 -1.32942e-05 -8.15712e-17)
(6.29578e-05 -6.70946e-06 2.90764e-16)
(5.7056e-05 -1.27738e-06 -2.51e-16)
(5.14404e-05 3.03534e-06 -3.96468e-18)
(4.61892e-05 6.42685e-06 2.02293e-16)
(4.13094e-05 8.96883e-06 7.64949e-16)
(3.68322e-05 1.08217e-05 2.64401e-16)
(3.27385e-05 1.2088e-05 1.63829e-15)
(2.9025e-05 1.28653e-05 -1.05084e-16)
(2.56657e-05 1.32637e-05 -2.21266e-16)
(2.26389e-05 1.33403e-05 -1.33121e-16)
(1.9925e-05 1.31959e-05 -1.75665e-16)
(1.74908e-05 1.28472e-05 -1.3142e-15)
(1.53254e-05 1.23828e-05 2.86948e-16)
(1.33905e-05 1.18175e-05 -2.61564e-16)
(1.16829e-05 1.11919e-05 -6.54257e-17)
(1.01606e-05 1.05154e-05 2.77085e-16)
(8.8289e-06 9.80097e-06 2.82147e-16)
(7.62994e-06 9.11114e-06 3.23187e-16)
(6.54986e-06 8.42618e-06 6.33925e-16)
(5.55671e-06 7.8096e-06 1.7119e-16)
(4.64959e-06 7.25044e-06 -9.73673e-16)
(3.85411e-06 6.70975e-06 2.09942e-16)
(3.1706e-06 6.20878e-06 1.18566e-15)
(2.63505e-06 5.67594e-06 2.58615e-16)
(2.18582e-06 5.15651e-06 -2.37095e-16)
(1.80622e-06 4.64033e-06 1.13918e-15)
(1.48117e-06 4.14628e-06 -1.00217e-15)
(1.21819e-06 3.68895e-06 2.01112e-15)
(9.93387e-07 3.25162e-06 -4.02011e-16)
(8.2431e-07 2.84971e-06 -1.18377e-15)
(7.08854e-07 2.47919e-06 -8.87238e-16)
(5.94473e-07 2.18571e-06 2.24889e-16)
(4.94409e-07 1.98715e-06 1.72902e-16)
(3.92679e-07 1.81622e-06 -2.93932e-16)
(3.24117e-07 1.62097e-06 -1.1213e-15)
(2.83785e-07 1.40864e-06 -7.70201e-16)
(2.71202e-07 1.18782e-06 6.43397e-17)
(2.43316e-07 9.74112e-07 3.42843e-16)
(2.24458e-07 8.65523e-07 -6.38087e-16)
(2.23039e-07 8.14366e-07 -2.06211e-15)
(2.35884e-07 7.54976e-07 -1.8756e-15)
(2.40277e-07 6.99531e-07 -1.34457e-17)
(-0.000400427 -0.000389106 8.8493e-17)
(-0.000460012 -0.000369353 -5.14812e-19)
(-0.000351532 -0.000399486 6.93784e-17)
(-0.000264941 -0.000378954 -2.24096e-17)
(-0.000118918 -0.00035325 -1.39637e-17)
(4.45876e-05 -0.000315063 1.39655e-18)
(0.000192039 -0.000271557 -7.83426e-17)
(0.000295866 -0.00022989 1.42905e-17)
(0.000331193 -0.000198874 2.26299e-17)
(0.000322876 -0.000178306 3.02903e-16)
(0.000337289 -0.000142003 6.98093e-17)
(0.00029503 -0.000116453 1.55208e-16)
(0.00024122 -0.00014262 1.28211e-16)
(0.000117935 -0.000595291 2.20639e-16)
(-0.000101163 -0.000153775 8.23341e-17)
(-0.000538763 0.000304397 -2.8665e-17)
(8.26995e-05 -0.000200432 -8.61035e-17)
(-2.33939e-05 -0.00013402 1.00403e-16)
(-1.5568e-06 -0.000144473 3.44052e-16)
(4.07962e-06 -0.000139137 1.36353e-16)
(1.28451e-05 -0.000133514 9.84581e-17)
(2.16463e-05 -0.000127418 -2.76262e-17)
(2.99457e-05 -0.000120897 -2.98953e-16)
(3.73731e-05 -0.00011433 1.52512e-18)
(4.38709e-05 -0.000106964 8.04534e-17)
(4.93876e-05 -9.92305e-05 1.13627e-16)
(5.38587e-05 -9.08577e-05 1.55711e-16)
(5.71921e-05 -8.22775e-05 6.1016e-18)
(5.94575e-05 -7.3338e-05 -2.54797e-16)
(6.06801e-05 -6.43806e-05 1.77464e-16)
(6.0964e-05 -5.54062e-05 -6.98514e-17)
(6.0361e-05 -4.68705e-05 -3.37224e-17)
(5.90125e-05 -3.8696e-05 1.64107e-17)
(5.70023e-05 -3.11813e-05 9.57968e-18)
(5.44919e-05 -2.42747e-05 -9.01694e-17)
(5.15694e-05 -1.81412e-05 2.37507e-17)
(4.83944e-05 -1.2672e-05 2.11612e-17)
(4.50356e-05 -7.98411e-06 1.59712e-16)
(4.16282e-05 -3.97147e-06 2.4707e-17)
(3.82171e-05 -6.43169e-07 -1.34606e-16)
(3.48985e-05 2.07953e-06 -1.11794e-16)
(3.16902e-05 4.23642e-06 -5.05932e-16)
(2.86504e-05 5.89165e-06 -1.7994e-16)
(2.57845e-05 7.12627e-06 -2.84772e-16)
(2.31138e-05 7.97383e-06 3.41354e-16)
(2.06406e-05 8.51854e-06 -2.19955e-16)
(1.83627e-05 8.80666e-06 3.04751e-16)
(1.62852e-05 8.90452e-06 2.40077e-16)
(1.43877e-05 8.82755e-06 -1.84166e-16)
(1.26773e-05 8.64042e-06 -4.92604e-16)
(1.11298e-05 8.34393e-06 5.84479e-16)
(9.7458e-06 7.97008e-06 1.69001e-16)
(8.51217e-06 7.51947e-06 4.55144e-16)
(7.384e-06 7.05853e-06 -1.21649e-15)
(6.37127e-06 6.60229e-06 -7.13148e-16)
(5.41406e-06 6.18368e-06 9.2885e-16)
(4.54337e-06 5.81981e-06 -1.72699e-16)
(3.77487e-06 5.47602e-06 -1.71711e-15)
(3.10586e-06 5.13741e-06 7.02016e-16)
(2.5432e-06 4.72235e-06 5.87944e-16)
(2.08451e-06 4.29266e-06 1.59171e-15)
(1.728e-06 3.88872e-06 -4.35398e-16)
(1.43337e-06 3.49142e-06 -3.33302e-15)
(1.18451e-06 3.10666e-06 -1.01674e-15)
(9.9291e-07 2.74201e-06 1.27632e-15)
(8.40501e-07 2.39875e-06 -4.63563e-16)
(7.24653e-07 2.09837e-06 4.64255e-16)
(6.0366e-07 1.88734e-06 -8.87283e-16)
(4.88601e-07 1.74669e-06 8.90609e-16)
(4.02659e-07 1.58315e-06 1.7214e-15)
(3.41601e-07 1.38102e-06 2.27212e-15)
(3.07523e-07 1.17086e-06 5.14083e-17)
(2.76589e-07 9.57171e-07 2.77232e-16)
(2.67618e-07 8.52871e-07 1.17077e-15)
(2.41161e-07 8.07397e-07 -1.42926e-15)
(2.32963e-07 7.53369e-07 9.7257e-16)
(-0.000727398 -0.00029953 2.25269e-17)
(0.000587711 -0.00017625 -1.27821e-17)
(-1.68362e-05 -0.000239281 -4.53737e-17)
(-4.47317e-05 -0.000246752 -4.52376e-17)
(-6.53344e-05 -0.000250584 -6.98225e-19)
(-3.56931e-05 -0.000242175 -5.65229e-17)
(1.72394e-05 -0.000224631 6.57266e-17)
(7.68923e-05 -0.000200748 -3.78318e-17)
(0.000123801 -0.000174919 -1.92613e-16)
(0.00014345 -0.000150325 -2.61799e-16)
(0.000164103 -0.000124029 -1.49842e-16)
(0.000167072 -0.000101177 1.66784e-16)
(2.58426e-05 -0.000105272 6.84157e-17)
(-0.000482223 -7.15336e-05 -1.36468e-16)
(0.000969861 -0.00027244 -1.15015e-16)
(-0.000300802 -0.000225418 -1.20586e-16)
(-0.000246671 0.000139196 2.48421e-18)
(6.76659e-05 -0.000132114 5.68744e-17)
(-2.61664e-05 -7.44024e-05 -7.6996e-17)
(-7.56304e-06 -8.1277e-05 -9.00387e-17)
(-4.97254e-06 -7.67769e-05 -1.30906e-16)
(3.51105e-07 -7.43749e-05 -3.31713e-16)
(5.73787e-06 -7.1658e-05 2.14797e-16)
(1.13177e-05 -6.93032e-05 -1.58528e-16)
(1.66257e-05 -6.67435e-05 7.40964e-17)
(2.15409e-05 -6.41506e-05 5.22645e-17)
(2.59652e-05 -6.10667e-05 -2.73344e-17)
(2.98898e-05 -5.76828e-05 -9.8464e-18)
(3.32636e-05 -5.36921e-05 2.66298e-18)
(3.60338e-05 -4.95417e-05 3.33926e-17)
(3.8175e-05 -4.5008e-05 2.33066e-17)
(3.96593e-05 -4.0442e-05 -1.56337e-17)
(4.05283e-05 -3.56699e-05 2.78881e-18)
(4.07811e-05 -3.09831e-05 -1.13635e-17)
(4.05063e-05 -2.62674e-05 -5.57778e-17)
(3.97262e-05 -2.17935e-05 -9.94629e-17)
(3.85518e-05 -1.75041e-05 2.98969e-17)
(3.70136e-05 -1.35616e-05 8.75391e-17)
(3.52301e-05 -9.9375e-06 -1.55116e-16)
(3.32281e-05 -6.73256e-06 1.16823e-17)
(3.11112e-05 -3.91972e-06 2.59071e-17)
(2.89031e-05 -1.52929e-06 -1.26831e-16)
(2.66834e-05 4.73387e-07 -1.3466e-16)
(2.44706e-05 2.09896e-06 -1.1132e-16)
(2.2318e-05 3.38672e-06 3.9841e-16)
(2.02416e-05 4.38718e-06 -7.69615e-17)
(1.8266e-05 5.11387e-06 6.23524e-17)
(1.64042e-05 5.63121e-06 1.28523e-16)
(1.46616e-05 5.9563e-06 -1.64485e-16)
(1.30513e-05 6.13336e-06 -2.6216e-17)
(1.15625e-05 6.16714e-06 6.91257e-17)
(1.02092e-05 6.09154e-06 8.32918e-17)
(8.97419e-06 5.91639e-06 -3.82421e-16)
(7.8666e-06 5.65477e-06 2.31979e-16)
(6.8377e-06 5.37334e-06 1.36521e-16)
(5.89716e-06 5.08824e-06 -9.13578e-16)
(5.009e-06 4.85724e-06 1.46173e-16)
(4.18792e-06 4.66474e-06 9.22499e-16)
(3.44608e-06 4.43251e-06 -4.5724e-16)
(2.8208e-06 4.19017e-06 -7.42064e-17)
(2.3275e-06 3.91094e-06 -1.3374e-15)
(1.93608e-06 3.58961e-06 -8.71388e-18)
(1.61532e-06 3.24686e-06 3.07156e-15)
(1.3483e-06 2.90664e-06 1.31814e-15)
(1.11283e-06 2.59447e-06 -1.7174e-15)
(9.38984e-07 2.29169e-06 1.0679e-15)
(8.21301e-07 2.01029e-06 -5.53907e-16)
(6.9601e-07 1.80194e-06 -4.58555e-16)
(5.9556e-07 1.6528e-06 6.20908e-16)
(4.82614e-07 1.5101e-06 2.57372e-15)
(4.12928e-07 1.33888e-06 8.78324e-16)
(3.57748e-07 1.14333e-06 7.71766e-17)
(3.22795e-07 9.39405e-07 -1.35828e-16)
(3.02191e-07 8.30222e-07 -8.67067e-16)
(-0.000133346 -0.000125535 6.89613e-18)
(0.000273467 -0.000107107 1.05982e-18)
(6.14604e-05 -0.000144701 -1.22741e-17)
(5.25968e-05 -0.000151184 -1.62801e-17)
(2.8562e-05 -0.000156746 -4.29411e-17)
(1.61793e-05 -0.000156752 2.92589e-17)
(9.11763e-06 -0.000152147 -1.01577e-17)
(7.98508e-06 -0.000143115 1.50368e-18)
(1.01965e-05 -0.00013072 -9.69506e-17)
(1.18232e-05 -0.00011652 -1.46891e-16)
(1.81113e-05 -9.948e-05 4.31258e-17)
(4.74461e-05 -7.89979e-05 -2.76024e-17)
(0.000132329 -5.56112e-05 -6.06474e-17)
(0.000191425 -5.152e-05 -1.20819e-16)
(-0.00107031 -7.83396e-05 -1.20925e-17)
(0.000578341 2.91798e-05 2.82216e-17)
(0.000162266 -6.48005e-05 2.38012e-17)
(-1.75051e-05 -5.51136e-05 -3.50181e-18)
(-7.41574e-06 -4.19993e-05 -1.4632e-17)
(-1.14064e-05 -3.92663e-05 -7.55774e-17)
(-6.9094e-06 -3.75316e-05 1.77838e-18)
(-3.53431e-06 -3.68417e-05 9.29466e-17)
(-2.84431e-07 -3.65213e-05 7.19497e-17)
(3.12323e-06 -3.68321e-05 -2.67489e-16)
(6.58332e-06 -3.73136e-05 1.32556e-16)
(1.00006e-05 -3.78452e-05 1.34054e-17)
(1.32321e-05 -3.78105e-05 -3.62649e-17)
(1.62943e-05 -3.74301e-05 1.4647e-17)
(1.91078e-05 -3.65493e-05 9.24769e-17)
(2.16672e-05 -3.5326e-05 -9.23112e-17)
(2.39163e-05 -3.36307e-05 5.5504e-17)
(2.58304e-05 -3.16681e-05 -1.88882e-18)
(2.73789e-05 -2.92987e-05 -5.40987e-17)
(2.85301e-05 -2.67648e-05 -8.9789e-19)
(2.92928e-05 -2.39852e-05 -3.22504e-17)
(2.96482e-05 -2.11546e-05 -2.53969e-17)
(2.96466e-05 -1.82188e-05 4.93669e-17)
(2.92803e-05 -1.53719e-05 4.72494e-17)
(2.86239e-05 -1.25803e-05 1.51514e-16)
(2.76818e-05 -9.97129e-06 -8.17766e-17)
(2.65381e-05 -7.53569e-06 -6.3661e-17)
(2.52007e-05 -5.34535e-06 -1.46394e-16)
(2.37491e-05 -3.38985e-06 6.03086e-17)
(2.2196e-05 -1.68948e-06 1.9725e-16)
(2.06045e-05 -2.39736e-07 -5.79012e-19)
(1.89889e-05 9.67397e-07 -1.33648e-16)
(1.73911e-05 1.95366e-06 5.32996e-17)
(1.58297e-05 2.74515e-06 4.83896e-16)
(1.43243e-05 3.34676e-06 -5.22144e-17)
(1.28932e-05 3.80037e-06 -3.36598e-16)
(1.15406e-05 4.10377e-06 -3.60681e-16)
(1.0282e-05 4.28432e-06 1.10782e-16)
(9.11137e-06 4.33584e-06 -4.35611e-16)
(8.03492e-06 4.2877e-06 -4.13939e-17)
(7.05305e-06 4.16358e-06 3.01099e-17)
(6.13209e-06 4.01807e-06 1.50794e-15)
(5.27164e-06 3.88624e-06 -1.19112e-17)
(4.46864e-06 3.79154e-06 -1.03105e-15)
(3.73423e-06 3.73662e-06 -4.21835e-16)
(3.10621e-06 3.6237e-06 1.61353e-17)
(2.5724e-06 3.45984e-06 -1.9304e-15)
(2.15846e-06 3.24851e-06 6.86623e-17)
(1.81702e-06 2.98733e-06 -1.48615e-15)
(1.5096e-06 2.70002e-06 -4.10279e-16)
(1.25558e-06 2.43044e-06 6.42688e-17)
(1.06164e-06 2.18548e-06 1.66733e-16)
(9.16485e-07 1.91635e-06 1.87881e-16)
(7.93161e-07 1.70436e-06 9.6812e-16)
(6.71148e-07 1.57554e-06 -1.43858e-15)
(5.75228e-07 1.4446e-06 -1.17377e-15)
(4.84558e-07 1.29192e-06 3.46881e-17)
(4.12057e-07 1.11218e-06 -5.81028e-16)
(-9.76068e-06 -6.14195e-05 5.09683e-18)
(0.000101661 -5.84115e-05 4.15065e-17)
(7.25818e-05 -7.26795e-05 -8.22205e-17)
(8.44434e-05 -7.24189e-05 -7.48967e-17)
(8.08862e-05 -7.40511e-05 3.52743e-17)
(7.11083e-05 -7.50564e-05 2.55709e-18)
(5.47004e-05 -7.54324e-05 -1.18972e-17)
(3.30879e-05 -7.49513e-05 6.48688e-18)
(9.2925e-06 -7.33041e-05 9.82655e-17)
(-1.40998e-05 -7.05259e-05 9.61044e-17)
(-3.27366e-05 -6.59958e-05 -8.80055e-17)
(-4.35484e-05 -5.93936e-05 -8.25623e-17)
(-5.16706e-05 -5.44483e-05 -2.03071e-17)
(-8.32672e-05 -5.76347e-05 1.74208e-17)
(0.000304238 -1.78606e-05 -4.45946e-17)
(-0.000252693 -9.17759e-06 -5.62931e-17)
(-5.8432e-05 -3.7263e-05 8.11664e-17)
(9.3022e-06 -2.32404e-05 2.42181e-17)
(-1.16283e-05 -2.30919e-05 -1.64067e-16)
(-7.68933e-06 -2.12698e-05 -6.75355e-17)
(-6.73712e-06 -1.93832e-05 4.82951e-17)
(-4.03816e-06 -1.83941e-05 3.22808e-17)
(-1.70343e-06 -1.82384e-05 -4.91367e-17)
(5.12785e-07 -1.90276e-05 1.9019e-16)
(2.7371e-06 -2.01773e-05 -3.03081e-17)
(5.01871e-06 -2.14917e-05 -9.70929e-17)
(7.23548e-06 -2.25257e-05 -5.34063e-17)
(9.381e-06 -2.33081e-05 1.13382e-17)
(1.14496e-05 -2.36694e-05 -1.36507e-17)
(1.34471e-05 -2.38028e-05 -1.66649e-16)
(1.53295e-05 -2.35472e-05 -1.79213e-17)
(1.70564e-05 -2.30942e-05 2.91633e-17)
(1.85936e-05 -2.2308e-05 7.0587e-17)
(1.98917e-05 -2.13321e-05 1.50077e-17)
(2.09512e-05 -2.00092e-05 -2.23555e-17)
(2.17307e-05 -1.85221e-05 -2.32767e-17)
(2.22561e-05 -1.67982e-05 -5.13988e-17)
(2.24944e-05 -1.49768e-05 -5.28443e-17)
(2.24937e-05 -1.30419e-05 -3.5452e-17)
(2.223e-05 -1.1134e-05 2.63777e-17)
(2.17633e-05 -9.23541e-06 1.4657e-17)
(2.10824e-05 -7.44584e-06 -7.54164e-17)
(2.02502e-05 -5.75236e-06 -6.65395e-17)
(1.92665e-05 -4.22247e-06 -1.41997e-16)
(1.819e-05 -2.83097e-06 -6.34144e-17)
(1.70296e-05 -1.60177e-06 2.40479e-17)
(1.58314e-05 -5.35568e-07 7.98879e-17)
(1.46092e-05 3.79741e-07 2.92021e-16)
(1.33935e-05 1.1462e-06 -1.64967e-16)
(1.22013e-05 1.77693e-06 2.46335e-17)
(1.10437e-05 2.26361e-06 1.73493e-16)
(9.94009e-06 2.62716e-06 1.10396e-16)
(8.88988e-06 2.86081e-06 2.11702e-16)
(7.91247e-06 2.9866e-06 4.93639e-16)
(7.0042e-06 3.01892e-06 8.6945e-17)
(6.15685e-06 2.98234e-06 -2.73511e-16)
(5.38607e-06 2.96945e-06 -2.41936e-17)
(4.65394e-06 2.98932e-06 6.39528e-16)
(3.98554e-06 2.99639e-06 2.03138e-16)
(3.36542e-06 3.0141e-06 1.59589e-17)
(2.85637e-06 2.98784e-06 1.48505e-15)
(2.40918e-06 2.88678e-06 8.30962e-17)
(2.02347e-06 2.67683e-06 -9.34856e-16)
(1.66497e-06 2.44979e-06 -3.85191e-16)
(1.38565e-06 2.25021e-06 9.31426e-16)
(1.16023e-06 2.04874e-06 -9.12984e-17)
(9.90993e-07 1.82269e-06 -2.28236e-16)
(8.49564e-07 1.6174e-06 -7.64067e-16)
(7.37158e-07 1.49037e-06 2.06169e-16)
(2.6887e-06 -2.78164e-05 2.90315e-17)
(9.62421e-07 -3.42222e-05 -4.16793e-17)
(-1.40827e-06 -4.67461e-05 1.97024e-17)
(4.82194e-05 -3.72117e-05 6.52109e-17)
(5.54946e-05 -3.87113e-05 -2.30038e-17)
(5.19076e-05 -3.80961e-05 -4.88764e-18)
(5.12783e-05 -3.65462e-05 -2.22263e-18)
(4.24877e-05 -3.57462e-05 -3.458e-18)
(2.86645e-05 -3.49328e-05 7.14014e-17)
(9.28186e-06 -3.46055e-05 1.29912e-16)
(-1.28206e-05 -3.46109e-05 1.26209e-16)
(-3.24482e-05 -3.44278e-05 4.52072e-17)
(-4.28932e-05 -3.35618e-05 4.65323e-17)
(-6.26117e-05 -3.4535e-05 7.11711e-17)
(-0.000204457 -4.69638e-05 1.25567e-17)
(-2.48409e-05 -3.93293e-05 8.96912e-18)
(5.70464e-05 -7.00135e-07 1.20501e-17)
(9.35774e-06 -1.00969e-05 -2.77758e-17)
(1.45648e-07 -9.10964e-06 -3.39334e-17)
(7.02405e-08 -7.53756e-06 1.01028e-16)
(-1.58405e-06 -6.09984e-06 4.88678e-17)
(-1.89633e-06 -5.4806e-06 -6.7691e-18)
(-1.2802e-06 -5.64098e-06 6.06364e-19)
(-2.23274e-07 -6.77283e-06 1.67011e-16)
(1.12495e-06 -8.40919e-06 -1.13215e-16)
(2.71009e-06 -1.0315e-05 -7.70368e-18)
(4.23961e-06 -1.20919e-05 4.02807e-17)
(5.70371e-06 -1.36249e-05 -2.69141e-17)
(7.10389e-06 -1.46868e-05 -8.31158e-18)
(8.489e-06 -1.5452e-05 1.13825e-16)
(9.85259e-06 -1.5964e-05 7.31327e-18)
(1.11772e-05 -1.63299e-05 1.99028e-18)
(1.24369e-05 -1.64144e-05 1.4455e-17)
(1.35912e-05 -1.6299e-05 -1.74838e-17)
(1.46237e-05 -1.58779e-05 -9.55401e-18)
(1.54915e-05 -1.526e-05 -1.3536e-17)
(1.62002e-05 -1.43615e-05 -7.10865e-18)
(1.67098e-05 -1.33464e-05 3.39017e-17)
(1.70435e-05 -1.21467e-05 -1.6872e-18)
(1.71708e-05 -1.08971e-05 1.26956e-18)
(1.71292e-05 -9.55833e-06 -2.68335e-18)
(1.68955e-05 -8.24021e-06 -6.12953e-17)
(1.65172e-05 -6.91657e-06 -3.82378e-17)
(1.59824e-05 -5.65199e-06 -9.44522e-17)
(1.53401e-05 -4.44251e-06 -8.49885e-17)
(1.45873e-05 -3.33051e-06 4.29756e-17)
(1.37676e-05 -2.29999e-06 4.01376e-17)
(1.28882e-05 -1.37599e-06 -3.06081e-16)
(1.19812e-05 -5.60631e-07 -1.2528e-16)
(1.1057e-05 1.47104e-07 -6.07989e-17)
(1.01362e-05 7.38025e-07 9.24415e-17)
(9.23211e-06 1.21881e-06 1.47982e-17)
(8.35604e-06 1.57613e-06 6.08233e-17)
(7.52664e-06 1.83351e-06 2.24794e-16)
(6.73411e-06 1.97976e-06 -1.27742e-16)
(6.01561e-06 2.08364e-06 -5.37399e-17)
(5.34848e-06 2.1518e-06 -7.39045e-18)
(4.72688e-06 2.22302e-06 6.75515e-16)
(4.1367e-06 2.33985e-06 3.56729e-17)
(3.59309e-06 2.43596e-06 -9.59367e-17)
(3.06433e-06 2.4926e-06 -1.66601e-17)
(2.58045e-06 2.45437e-06 3.63823e-17)
(2.12953e-06 2.33376e-06 1.75352e-15)
(1.76997e-06 2.17397e-06 4.69006e-16)
(1.46708e-06 2.04336e-06 1.30492e-15)
(1.23642e-06 1.9055e-06 -1.99328e-16)
(-1.74149e-05 -4.31317e-06 4.13904e-18)
(-2.33206e-05 -2.54484e-05 1.58123e-17)
(-0.000190313 -1.18449e-05 4.28451e-17)
(0.000182251 2.53755e-05 -4.63372e-18)
(-4.00514e-05 -2.3797e-05 -1.85228e-17)
(2.05198e-05 -5.15675e-06 -8.65869e-18)
(2.64726e-05 -6.84041e-06 9.10077e-18)
(1.58656e-05 -7.76104e-06 2.85627e-18)
(1.79626e-05 -6.95182e-06 -6.16782e-17)
(1.38214e-05 -7.0522e-06 -8.50643e-17)
(5.63753e-06 -7.78608e-06 -4.20792e-17)
(-6.20922e-06 -9.43562e-06 2.34462e-17)
(-1.88936e-05 -1.18899e-05 -5.89444e-18)
(-3.06971e-05 -1.52498e-05 -4.7135e-17)
(-2.77858e-05 -1.5288e-05 -3.28474e-18)
(-6.54832e-05 -9.99375e-06 -9.79936e-18)
(-5.09567e-05 -1.34642e-05 -2.18477e-20)
(-2.60367e-05 -1.15629e-05 6.33899e-17)
(-1.59172e-05 -9.70633e-06 9.66654e-17)
(-2.30785e-06 -6.3745e-06 8.49526e-18)
(2.58008e-06 -3.87235e-06 -6.38754e-17)
(3.82906e-06 -2.15395e-06 1.0415e-16)
(2.29457e-06 -1.31084e-06 3.61161e-17)
(2.23444e-06 -2.48302e-06 -1.95684e-16)
(2.35502e-06 -4.07466e-06 2.71562e-17)
(2.70549e-06 -5.82566e-06 1.04902e-16)
(3.30881e-06 -7.46201e-06 1.23642e-17)
(4.1932e-06 -8.76033e-06 -2.62739e-20)
(5.051e-06 -9.64852e-06 9.61741e-18)
(5.8719e-06 -1.03576e-05 6.98132e-17)
(6.69305e-06 -1.08912e-05 -3.07466e-17)
(7.54391e-06 -1.13785e-05 9.31432e-18)
(8.41136e-06 -1.17189e-05 -7.02368e-17)
(9.26113e-06 -1.19954e-05 -2.16784e-18)
(1.00699e-05 -1.20529e-05 -1.01642e-17)
(1.08011e-05 -1.19851e-05 -7.47847e-18)
(1.14517e-05 -1.16788e-05 -9.81939e-18)
(1.19896e-05 -1.12305e-05 8.69124e-18)
(1.24243e-05 -1.05774e-05 -1.33199e-17)
(1.27226e-05 -9.83997e-06 -7.30307e-18)
(1.29045e-05 -8.97211e-06 9.66121e-18)
(1.29415e-05 -8.07389e-06 -4.62653e-17)
(1.28633e-05 -7.10742e-06 -3.11851e-17)
(1.26505e-05 -6.16042e-06 -7.64401e-18)
(1.23385e-05 -5.19437e-06 5.63887e-17)
(1.19183e-05 -4.26571e-06 -2.5096e-17)
(1.14261e-05 -3.36426e-06 2.36453e-17)
(1.08599e-05 -2.52031e-06 1.65778e-16)
(1.02496e-05 -1.73489e-06 -7.33295e-17)
(9.59828e-06 -1.02693e-06 -1.92093e-16)
(8.92407e-06 -4.08196e-07 1.15294e-16)
(8.24117e-06 1.20314e-07 8.83563e-18)
(7.56577e-06 5.52017e-07 -2.6344e-16)
(6.90031e-06 8.78044e-07 -5.36798e-16)
(6.26366e-06 1.13255e-06 3.73055e-16)
(5.67871e-06 1.31353e-06 2.04501e-16)
(5.11758e-06 1.47325e-06 2.23408e-17)
(4.61396e-06 1.62088e-06 -1.25977e-16)
(4.09594e-06 1.75474e-06 2.93243e-17)
(3.58264e-06 1.88147e-06 -4.62556e-17)
(3.05954e-06 1.97827e-06 -1.04361e-15)
(2.59697e-06 2.01009e-06 4.81721e-16)
(-7.48236e-06 5.00016e-06 8.97507e-18)
(0.000228316 -4.68856e-05 -1.20336e-17)
(-0.00038518 3.22752e-05 -1.32691e-17)
(0.000536065 9.55625e-05 -1.37016e-17)
(-0.000765633 -0.000126194 1.40757e-18)
(0.000334656 4.27649e-05 1.21572e-17)
(-7.67672e-05 -1.76404e-05 -2.57367e-17)
(-2.67609e-05 -6.53212e-06 -2.68233e-17)
(-1.18966e-05 -5.43192e-06 -1.67773e-17)
(-1.28828e-05 -4.67717e-06 -5.72943e-17)
(-8.03972e-06 -3.52238e-06 -4.78785e-17)
(-5.74578e-06 -3.17206e-06 -6.33565e-17)
(-5.14687e-06 -3.6925e-06 -1.32255e-17)
(-7.13032e-06 -5.26257e-06 2.83937e-17)
(-1.63239e-05 -7.87327e-06 3.11359e-17)
(-1.76608e-05 -9.93246e-06 -2.21703e-18)
(-1.55837e-05 -8.8614e-06 2.15782e-17)
(-1.94094e-05 -1.10147e-05 -7.09044e-17)
(-1.86831e-05 -1.10505e-05 -1.81609e-17)
(-9.80793e-06 -9.24287e-06 -2.25757e-17)
(9.7008e-07 -5.41842e-06 4.59613e-17)
(7.35118e-06 -8.03678e-07 -1.27939e-17)
(-9.8262e-06 1.25364e-06 -7.98463e-17)
(8.36262e-06 -4.88201e-06 2.63012e-17)
(6.35455e-06 -5.23619e-06 1.18462e-17)
(4.28889e-06 -5.84068e-06 -1.05591e-16)
(3.99452e-06 -6.92323e-06 -8.84234e-19)
(4.20869e-06 -7.79082e-06 1.45533e-17)
(4.48446e-06 -8.36783e-06 1.43558e-17)
(4.91344e-06 -8.69614e-06 -2.37166e-17)
(5.32383e-06 -8.8348e-06 3.6763e-17)
(5.73761e-06 -8.99926e-06 -1.18343e-17)
(6.16766e-06 -9.18636e-06 5.85777e-17)
(6.62884e-06 -9.41768e-06 2.18194e-17)
(7.104e-06 -9.55272e-06 -1.1728e-20)
(7.57659e-06 -9.60922e-06 -8.65839e-18)
(8.03397e-06 -9.47765e-06 -5.07917e-18)
(8.45424e-06 -9.27352e-06 4.35821e-18)
(8.82126e-06 -8.90797e-06 -7.12137e-18)
(9.12725e-06 -8.49128e-06 5.52519e-18)
(9.3663e-06 -7.95339e-06 5.59807e-18)
(9.51619e-06 -7.38493e-06 -3.32038e-17)
(9.59114e-06 -6.72703e-06 -1.95166e-17)
(9.57198e-06 -6.04702e-06 -6.16018e-17)
(9.48101e-06 -5.31264e-06 9.18181e-17)
(9.30431e-06 -4.58128e-06 1.24217e-17)
(9.06711e-06 -3.8267e-06 5.14512e-17)
(8.76049e-06 -3.10196e-06 9.01307e-17)
(8.40227e-06 -2.40349e-06 -6.15268e-17)
(7.9911e-06 -1.76228e-06 -1.99899e-17)
(7.55264e-06 -1.17341e-06 2.29032e-16)
(7.0862e-06 -6.4168e-07 3.19266e-16)
(6.60132e-06 -2.05092e-07 -1.92765e-17)
(6.10996e-06 1.62567e-07 2.20446e-16)
(5.63297e-06 4.65099e-07 2.24749e-16)
(5.14851e-06 7.21429e-07 4.69449e-17)
(4.72574e-06 9.25824e-07 1.99929e-17)
(-2.96789e-05 3.54527e-06 -1.19878e-18)
(-8.3975e-05 6.41302e-06 1.59559e-19)
(0.000525535 -6.37748e-05 -5.75869e-18)
(-0.000362257 -2.38469e-05 1.93283e-18)
(-2.00891e-05 9.80091e-05 -5.39448e-18)
(-7.07939e-05 -4.27932e-05 -9.6362e-18)
(-8.38557e-05 -1.14074e-05 -3.26402e-18)
(1.4399e-05 1.11638e-06 -1.86217e-18)
(-4.98868e-05 -6.02248e-06 -1.14052e-17)
(-2.77012e-05 -1.8906e-06 2.62798e-17)
(-2.50344e-05 -9.62384e-07 6.98413e-17)
(-2.04824e-05 -8.78273e-08 5.50295e-17)
(-1.47406e-05 2.75923e-07 5.46504e-18)
(-8.48178e-06 2.59408e-08 8.26437e-18)
(-2.35939e-06 -6.23962e-07 -2.27326e-17)
(7.15992e-07 -1.37303e-06 3.89532e-18)
(2.52801e-06 -2.82183e-06 -3.19208e-17)
(1.78636e-06 -4.76519e-06 2.02522e-17)
(3.04707e-07 -6.04971e-06 3.47408e-17)
(1.05782e-05 -4.30969e-06 1.60955e-17)
(4.87818e-05 6.64436e-07 -1.3275e-17)
(7.04252e-05 -3.20667e-05 -5.07855e-17)
(-0.000242031 -6.16746e-05 1.63684e-17)
(0.000112989 3.84061e-05 -3.83978e-17)
(-6.19176e-06 -1.09211e-05 -6.96912e-17)
(5.22219e-06 -5.29628e-06 1.02505e-16)
(7.19728e-06 -7.4767e-06 -3.423e-17)
(5.54696e-06 -8.51018e-06 -1.6494e-17)
(5.09837e-06 -9.02432e-06 -2.3313e-18)
(5.08851e-06 -9.12222e-06 -2.67509e-17)
(5.12334e-06 -8.93289e-06 -6.94591e-17)
(5.1949e-06 -8.71993e-06 3.26698e-17)
(5.27506e-06 -8.55126e-06 1.46556e-17)
(5.37902e-06 -8.47036e-06 -1.28028e-17)
(5.52032e-06 -8.3707e-06 2.2814e-18)
(5.69234e-06 -8.28586e-06 -3.50499e-18)
(5.89186e-06 -8.11219e-06 -1.07239e-18)
(6.07513e-06 -7.94462e-06 -8.92098e-19)
(6.3074e-06 -7.67171e-06 -2.36347e-18)
(6.50633e-06 -7.34809e-06 -9.47645e-18)
(6.68715e-06 -6.96675e-06 -5.90654e-18)
(6.83264e-06 -6.56156e-06 -3.63244e-17)
(6.95387e-06 -6.07897e-06 -2.95916e-17)
(7.01778e-06 -5.58711e-06 -5.25625e-17)
(7.0489e-06 -5.02577e-06 1.32442e-16)
(7.02111e-06 -4.45346e-06 -3.31273e-17)
(6.95735e-06 -3.84887e-06 7.31229e-17)
(6.8287e-06 -3.26226e-06 1.36032e-16)
(6.66281e-06 -2.68089e-06 -6.9802e-17)
(6.43446e-06 -2.11188e-06 -2.62321e-16)
(-1.68762e-05 -9.31555e-07 -1.68646e-17)
(1.03929e-05 -9.3526e-06 2.42857e-18)
(-7.02678e-05 -7.82782e-06 -1.4675e-17)
(-2.50229e-05 -1.50438e-05 -6.96556e-17)
(-2.43615e-05 -1.69189e-05 -5.1261e-17)
(2.22002e-05 -1.53936e-05 1.88018e-17)
(2.2128e-05 -1.15463e-05 -2.05786e-18)
(-1.78707e-05 -1.38986e-05 -1.80784e-17)
(-2.75663e-05 -1.26279e-05 9.85002e-18)
(-3.08385e-05 -1.19239e-05 5.16355e-17)
(-3.14417e-05 -1.08348e-05 8.00463e-18)
(-3.11317e-05 -9.80182e-06 -4.90682e-17)
(-2.85687e-05 -8.83675e-06 -2.70433e-19)
(-2.32876e-05 -7.97042e-06 -2.06811e-17)
(-1.53232e-05 -7.12354e-06 -3.99561e-17)
(-5.67396e-06 -6.27741e-06 -8.10967e-18)
(3.76254e-06 -5.50126e-06 4.26075e-17)
(1.04329e-05 -5.21902e-06 1.64377e-17)
(1.33482e-05 -5.0891e-06 -8.18217e-17)
(8.46498e-06 -5.78731e-06 -7.50631e-17)
(-5.69875e-05 -2.01662e-05 1.482e-17)
(-0.000289276 -6.21789e-05 8.43284e-17)
(0.000487478 4.56383e-05 -4.09007e-17)
(-8.69744e-05 1.76617e-05 -4.14615e-17)
(-6.73697e-05 1.77042e-08 1.05246e-16)
(1.90373e-05 5.0788e-07 -4.89196e-17)
(5.97233e-06 -9.20256e-06 -5.68319e-17)
(3.52074e-06 -1.08794e-05 5.31118e-18)
(5.00405e-06 -1.14379e-05 -4.05523e-18)
(4.61056e-06 -1.15686e-05 -5.61197e-17)
(4.38991e-06 -1.10651e-05 2.10109e-17)
(4.37161e-06 -1.04025e-05 3.81199e-19)
(4.38542e-06 -9.70864e-06 -3.03377e-17)
(4.42956e-06 -9.15706e-06 1.32362e-17)
(4.4495e-06 -8.69605e-06 1.9551e-17)
(4.50138e-06 -8.3079e-06 3.02126e-17)
(4.54366e-06 -7.96783e-06 -1.15661e-17)
(4.6052e-06 -7.51303e-06 8.60652e-18)
)
;

boundaryField
{
    inlet
    {
        type            calculated;
        value           nonuniform List<vector> 
11
(
(-0.0258792 0.417252 -1.23582e-16)
(-6.51316e-08 0.425036 3.06157e-16)
(1.05249e-08 0.425479 5.72173e-16)
(-1.4094e-08 0.43417 -1.43785e-15)
(-5.92575e-09 0.441358 2.64091e-16)
(-1.44069e-11 0.44438 2.48938e-15)
(6.4368e-09 0.445681 -2.66416e-15)
(5.49843e-09 0.451453 -7.81144e-16)
(-1.62333e-08 0.468729 1.89202e-15)
(0.0192351 0.537041 -7.67858e-16)
(2.3877e-08 0.597945 4.6862e-16)
)
;
    }
    outlet
    {
        type            calculated;
        value           nonuniform List<vector> 0();
    }
    walls
    {
        type            calculated;
        value           nonuniform List<vector> 4((-0.171673 -1.00154 1.15632e-13) (-0.143655 -0.766279 -1.13665e-14) (-0.11834 -0.762701 -2.44256e-16) (1.26733 0.662638 -6.699e-14));
    }
    frontAndBack
    {
        type            empty;
    }
    procBoundary6to2
    {
        type            processor;
        value           nonuniform List<vector> 
13
(
(-0.0286912 -0.0115413 -1.46526e-14)
(-0.020586 -0.000344146 3.87852e-15)
(-0.00233089 -0.00113925 -1.25421e-16)
(-0.000862638 -0.000461271 2.70521e-17)
(-0.000229837 -0.000304413 9.00403e-17)
(-0.00151313 -0.000398129 4.73035e-17)
(-3.51258e-05 -0.00018563 -5.13777e-18)
(1.284e-05 -7.4641e-05 -1.169e-16)
(1.10038e-05 -3.26334e-05 6.83547e-17)
(-1.18539e-05 -6.46828e-06 3.23453e-17)
(-2.29371e-05 1.74754e-06 1.01119e-18)
(-2.88638e-05 1.19271e-06 1.58783e-18)
(-2.28354e-05 -1.56107e-06 -2.17353e-17)
)
;
    }
    procBoundary6to3
    {
        type            processor;
        value           uniform (-6.19611e-06 -5.34594e-06 -7.58901e-17);
    }
    procBoundary6to5
    {
        type            processor;
        value           nonuniform List<vector> 
86
(
(0.000531733 8.40901e-05 -2.82323e-13)
(0.00119457 1.80802e-05 1.62307e-13)
(-0.000273563 0.000328534 1.65125e-14)
(-0.00219196 0.000703614 -7.58605e-14)
(-0.00434742 0.000787693 -1.04862e-13)
(-0.00222364 0.000265432 3.37777e-14)
(0.00250517 -0.000363208 -2.07578e-14)
(0.00062211 0.00225735 -4.04541e-14)
(-0.000380361 0.000641869 3.7074e-14)
(0.000355755 0.000353959 2.03724e-14)
(0.000217183 0.000321906 2.26997e-15)
(0.000150027 0.000271737 6.2189e-14)
(7.99549e-05 0.000242939 9.93964e-14)
(4.61191e-05 0.000214819 -2.47385e-13)
(2.32006e-05 0.000198087 2.06978e-13)
(2.84123e-06 0.000188344 -7.56011e-14)
(-1.59149e-05 0.000182785 -4.78623e-14)
(-3.38395e-05 0.000178645 5.7406e-15)
(-4.88308e-05 0.000175145 3.47618e-14)
(-6.13819e-05 0.000171961 3.03253e-14)
(-7.04314e-05 0.000168899 -3.85795e-14)
(-7.66595e-05 0.000166873 1.09888e-14)
(-7.99046e-05 0.000164684 -3.03185e-15)
(-8.06871e-05 0.00016316 6.92077e-15)
(-7.94102e-05 0.000160617 -3.6828e-14)
(-7.63225e-05 0.000157744 3.39843e-14)
(-7.20643e-05 0.000153513 1.61013e-14)
(-6.6519e-05 0.000149011 -3.11557e-14)
(-6.12657e-05 0.000140906 -3.34275e-16)
(-5.54078e-05 0.0001339 2.9541e-14)
(-4.87202e-05 0.000126888 -1.18414e-14)
(-4.27688e-05 0.000121144 -3.80365e-15)
(-3.52488e-05 0.000114804 1.11282e-14)
(-3.52488e-05 0.000114804 1.11282e-14)
(-4.59614e-05 9.37815e-05 3.93317e-15)
(-3.92735e-05 8.82837e-05 9.20265e-15)
(-3.26325e-05 8.32498e-05 -4.00943e-16)
(-2.73107e-05 7.77961e-05 -1.14031e-14)
(-2.22408e-05 7.25485e-05 1.96833e-14)
(-1.83097e-05 6.72265e-05 -4.90655e-15)
(-1.4433e-05 6.22311e-05 -1.17753e-14)
(-1.19145e-05 5.6594e-05 6.9175e-15)
(-9.55502e-06 5.11462e-05 -2.97403e-15)
(-7.62961e-06 4.638e-05 2.30581e-15)
(-5.96154e-06 4.22679e-05 5.21926e-16)
(-4.10512e-06 3.87222e-05 4.1359e-15)
(-4.10512e-06 3.87222e-05 4.1359e-15)
(-7.07403e-06 3.34682e-05 3.25692e-15)
(-5.88744e-06 3.04674e-05 -7.63047e-15)
(-4.28239e-06 2.75652e-05 1.03755e-15)
(-3.66172e-06 2.48219e-05 -9.5919e-16)
(-2.7677e-06 2.2096e-05 2.46398e-15)
(-2.55029e-06 1.97494e-05 1.32013e-15)
(-1.86591e-06 1.78408e-05 2.15669e-15)
(-1.74189e-06 1.6102e-05 -1.95308e-15)
(-1.52461e-06 1.42391e-05 5.26723e-16)
(-1.52461e-06 1.42391e-05 5.26723e-16)
(-2.4191e-06 1.2226e-05 1.43252e-15)
(-2.19757e-06 1.0754e-05 1.80675e-15)
(-1.79316e-06 9.52112e-06 -1.46019e-15)
(-1.38117e-06 8.39693e-06 6.88808e-16)
(-1.07404e-06 7.36848e-06 9.73647e-17)
(-7.77609e-07 6.49583e-06 3.40112e-16)
(-5.49878e-07 5.74651e-06 9.08724e-16)
(-5.49878e-07 5.74651e-06 9.08724e-16)
(-6.34121e-07 4.81986e-06 -7.9147e-16)
(-4.69121e-07 4.15025e-06 3.57982e-16)
(-3.41704e-07 3.54383e-06 -2.00337e-16)
(-2.58432e-07 3.01424e-06 -6.22465e-16)
(-1.72718e-07 2.61222e-06 1.26332e-16)
(-1.09137e-07 2.32572e-06 9.3363e-16)
(-2.78568e-08 2.12658e-06 -3.59661e-16)
(-2.78568e-08 2.12658e-06 -3.59661e-16)
(-1.10546e-07 1.89418e-06 1.37901e-16)
(-4.53821e-08 1.69479e-06 -8.30273e-16)
(-1.9306e-08 1.48815e-06 6.70913e-17)
(-7.97776e-09 1.30053e-06 -3.49565e-17)
(-2.68846e-08 1.14189e-06 3.43439e-16)
(-4.14303e-08 1.00586e-06 7.85749e-17)
(-6.5496e-08 9.09272e-07 3.5741e-17)
(-7.25563e-08 9.06703e-07 -1.22928e-16)
(-7.62918e-08 9.24306e-07 1.81953e-16)
(-7.62918e-08 9.24306e-07 1.81953e-16)
(-5.04687e-08 9.57309e-07 8.20479e-17)
(8.20574e-09 1.0048e-06 1.31943e-16)
(3.6286e-08 8.91715e-07 2.38442e-16)
)
;
    }
    procBoundary6to7
    {
        type            processor;
        value           nonuniform List<vector> 
91
(
(5.45277e-09 4.14487e-07 -7.39662e-16)
(5.45277e-09 4.14487e-07 -7.39662e-16)
(1.63629e-07 8.66487e-07 -1.09303e-16)
(1.63629e-07 8.66487e-07 -1.09303e-16)
(2.36646e-07 7.06123e-07 3.80758e-15)
(2.36646e-07 7.06123e-07 3.80758e-15)
(2.24013e-07 7.03782e-07 -8.40299e-16)
(2.44988e-07 7.8968e-07 -1.92696e-15)
(2.24013e-07 7.03782e-07 -8.40299e-16)
(2.2559e-07 7.46169e-07 -1.60869e-15)
(3.54979e-07 9.20855e-07 -6.14265e-16)
(2.44988e-07 7.8968e-07 -1.92696e-15)
(3.16672e-07 8.14873e-07 4.86059e-17)
(6.11193e-07 1.38477e-06 -3.26936e-15)
(5.23446e-07 1.2424e-06 -4.23872e-15)
(3.54979e-07 9.20855e-07 -6.14265e-16)
(4.30186e-07 1.08105e-06 -2.67336e-15)
(9.94491e-07 1.71262e-06 -8.15366e-16)
(8.73291e-07 1.5246e-06 1.23721e-15)
(6.11193e-07 1.38477e-06 -3.26936e-15)
(7.4759e-07 1.40844e-06 3.37326e-16)
(2.11806e-06 1.97475e-06 -1.04905e-15)
(1.7929e-06 1.90478e-06 2.93817e-16)
(1.51014e-06 1.83774e-06 1.17442e-16)
(9.94491e-07 1.71262e-06 -8.15366e-16)
(1.22573e-06 1.71817e-06 -1.09926e-16)
(4.23991e-06 1.09644e-06 -9.97605e-16)
(3.82408e-06 1.235e-06 -1.96761e-16)
(3.32195e-06 1.38493e-06 1.45625e-16)
(2.93407e-06 1.52537e-06 1.44021e-15)
(2.11806e-06 1.97475e-06 -1.04905e-15)
(2.46314e-06 1.58491e-06 -1.2886e-16)
(6.1909e-06 -1.57876e-06 1.20366e-16)
(5.89459e-06 -1.10841e-06 -2.1152e-16)
(5.57595e-06 -6.9222e-07 5.66135e-17)
(5.24116e-06 -3.29031e-07 -1.62225e-16)
(4.87855e-06 -3.21182e-08 -6.50227e-16)
(4.53263e-06 2.54153e-07 2.20258e-16)
(4.23991e-06 1.09644e-06 -9.97605e-16)
(4.14724e-06 4.52713e-07 1.53084e-16)
(4.71493e-06 -6.98885e-06 -1.74717e-17)
(4.80619e-06 -6.70315e-06 -1.88773e-18)
(4.89263e-06 -6.30516e-06 -2.15045e-18)
(4.99199e-06 -5.91266e-06 1.58932e-17)
(5.07369e-06 -5.49414e-06 2.53911e-17)
(5.15258e-06 -5.08293e-06 1.17448e-16)
(5.21306e-06 -4.60701e-06 2.50332e-17)
(5.25331e-06 -4.1374e-06 4.81495e-17)
(5.26572e-06 -3.63895e-06 5.10627e-18)
(5.24005e-06 -3.16316e-06 -2.01817e-16)
(5.18566e-06 -2.68803e-06 -7.92446e-17)
(6.1909e-06 -1.57876e-06 1.20366e-16)
(5.08665e-06 -2.21494e-06 -2.45072e-16)
(-4.21162e-06 -4.60519e-06 -1.75115e-17)
(3.71749e-06 -7.31059e-06 1.36802e-17)
(-2.66972e-06 -8.13381e-06 -3.83356e-17)
(-9.85529e-06 -7.47666e-06 -5.97151e-18)
(9.68376e-07 -9.30468e-06 2.98055e-17)
(-4.1953e-06 -1.13501e-05 -1.796e-17)
(2.01312e-06 -9.99281e-06 -4.17217e-17)
(-6.37585e-06 -9.89196e-06 1.16899e-17)
(-1.17931e-05 -9.62813e-06 1.54e-17)
(-1.67668e-05 -9.73092e-06 -4.60346e-17)
(-2.06905e-05 -9.59796e-06 -3.38482e-17)
(-2.38839e-05 -9.70577e-06 -6.71939e-18)
(-2.47898e-05 -9.74565e-06 -1.59018e-17)
(-2.27212e-05 -9.66235e-06 4.95162e-17)
(-1.71969e-05 -9.23029e-06 5.15885e-17)
(-8.89838e-06 -8.43349e-06 -8.08647e-17)
(4.99323e-07 -7.49251e-06 -1.41932e-16)
(8.39606e-06 -6.65566e-06 -2.56435e-17)
(1.3304e-05 -6.82411e-06 3.23782e-17)
(4.01453e-05 -5.7655e-06 -2.36322e-17)
(0.00019332 2.77494e-05 2.10242e-17)
(0.000237537 7.54682e-05 -4.9291e-17)
(-0.000338041 -5.10897e-05 1.20965e-16)
(-0.000124248 -4.04028e-05 -9.95886e-17)
(3.91646e-05 -5.12869e-06 -1.44302e-16)
(-5.5777e-06 -1.13335e-05 -1.32776e-17)
(-2.92073e-06 -1.18848e-05 -1.71579e-18)
(1.84882e-06 -1.18356e-05 -8.08785e-17)
(1.96302e-06 -1.18377e-05 -8.39571e-18)
(2.05792e-06 -1.12235e-05 -3.13472e-17)
(2.25463e-06 -1.04408e-05 1.78891e-17)
(2.40818e-06 -9.62666e-06 1.37511e-16)
(2.67486e-06 -8.97958e-06 1.38776e-17)
(2.84814e-06 -8.43036e-06 6.30451e-17)
(3.06369e-06 -8.00054e-06 -3.02481e-17)
(3.15895e-06 -7.63088e-06 1.2682e-17)
(4.71493e-06 -6.98885e-06 -1.74717e-17)
(3.33614e-06 -7.10778e-06 2.63325e-17)
)
;
    }
}


// ************************************************************************* //
