/*--------------------------------*- C++ -*----------------------------------*\
| =========                 |                                                 |
| \\      /  F ield         | OpenFOAM: The Open Source CFD Toolbox           |
|  \\    /   O peration     | Version:  2306                                  |
|   \\  /    A nd           | Website:  www.openfoam.com                      |
|    \\/     M anipulation  |                                                 |
\*---------------------------------------------------------------------------*/
FoamFile
{
    version     2.0;
    format      ascii;
    arch        "LSB;label=32;scalar=64";
    class       volVectorField;
    location    "525";
    object      momentError;
}
// * * * * * * * * * * * * * * * * * * * * * * * * * * * * * * * * * * * * * //

dimensions      [0 1 -2 0 0 0 0];

internalField   nonuniform List<vector> 
1340
(
(-7.52709e-05 0.000198148 -6.95742e-15)
(-6.99872e-05 0.000229633 2.41135e-14)
(-5.55751e-05 0.000265865 -4.72326e-14)
(-1.33227e-05 0.00024236 1.778e-14)
(9.35841e-06 0.0002437 1.10239e-13)
(2.81637e-05 0.000236812 -1.75099e-13)
(5.04525e-05 0.00025728 8.99984e-14)
(7.77925e-05 0.000263783 -1.11069e-13)
(0.000106147 0.000258992 -2.5463e-13)
(0.000123997 0.000227666 3.44117e-13)
(0.000125966 0.000182605 1.24149e-13)
(0.000122414 0.000140588 -2.28811e-13)
(0.000113193 0.000109995 -3.34526e-13)
(0.000101266 8.58279e-05 -5.72036e-14)
(8.14663e-05 6.1601e-05 -1.39768e-13)
(6.15042e-05 4.16121e-05 -3.10394e-13)
(2.99415e-07 8.49309e-06 -1.46757e-13)
(-0.000138186 -4.37986e-05 8.32706e-13)
(-9.29187e-05 -3.58776e-05 4.23307e-13)
(-0.00062663 -0.000222982 -5.95089e-13)
(-0.00167125 -0.000486558 1.05315e-13)
(-0.00205887 -0.000726048 1.53273e-13)
(-0.00258588 -0.00104242 -6.74722e-14)
(-0.0118439 -0.00173024 -1.51586e-13)
(-0.0250783 -0.00399972 3.57141e-14)
(-0.0185811 -0.00480154 -2.34989e-15)
(-0.00203796 -0.00297559 4.15496e-14)
(0.00825975 -0.00037674 -1.64622e-14)
(0.00622935 0.000588945 4.39637e-14)
(0.00337755 0.000623111 1.54495e-13)
(0.00202253 0.000408606 3.03041e-14)
(6.50822e-05 0.000255912 -1.28624e-13)
(-0.000871228 0.000161655 -7.91939e-15)
(-0.000393322 1.76868e-05 -2.15699e-13)
(-3.79717e-05 -0.000159011 -2.82306e-13)
(-8.2386e-05 0.000188383 -1.0766e-14)
(-8.40882e-05 0.000130058 2.65581e-14)
(-8.99326e-05 8.56416e-05 1.73226e-15)
(-7.92239e-05 3.37836e-05 3.61654e-14)
(-8.00568e-05 8.92583e-06 -3.2885e-14)
(-2.47027e-05 -6.80735e-05 -9.4022e-14)
(-3.08445e-06 -8.71163e-05 -1.07345e-13)
(-0.000104712 0.000187914 -1.31424e-14)
(-9.51109e-05 0.000216005 5.8845e-15)
(-7.63575e-05 0.000244229 7.8139e-15)
(-4.24431e-05 0.000233344 -3.36621e-14)
(-1.08551e-05 0.000226771 2.10326e-14)
(-1.33312e-07 0.000234259 8.03964e-14)
(3.22765e-05 0.000251896 1.03894e-13)
(5.54727e-05 0.000258578 1.00638e-13)
(8.40521e-05 0.00025051 -3.98773e-15)
(0.000100435 0.000216594 1.9068e-13)
(0.000106301 0.000175438 -2.08859e-13)
(0.000100951 0.00013141 -1.19528e-13)
(9.20979e-05 8.7908e-05 4.48617e-13)
(7.74113e-05 5.63707e-05 1.28258e-13)
(5.37416e-05 3.81393e-05 -1.19187e-13)
(4.20433e-05 2.16113e-05 -1.78004e-14)
(6.25719e-06 1.59525e-05 3.42057e-13)
(-0.000128777 2.13331e-05 -1.53339e-13)
(0.000595027 -0.000214278 -4.91942e-13)
(0.00705647 -0.0016269 1.88438e-13)
(0.0123029 -0.00353894 2.35436e-13)
(-0.000868495 0.000591732 4.67741e-14)
(-0.0577133 -0.021432 -1.30898e-13)
(-0.0255939 -0.00231093 1.92538e-13)
(0.0144344 -0.00189023 -4.19943e-14)
(0.0630137 0.00250542 -7.0462e-14)
(0.0602093 0.00550884 -3.01945e-14)
(0.0368122 0.00568027 5.5957e-15)
(0.00567767 0.00206234 -1.5005e-14)
(0.0032422 0.000693832 -1.58861e-14)
(0.00425691 0.00074549 -2.03941e-14)
(0.000291094 0.000490902 3.52746e-14)
(-0.000983499 9.27924e-05 -1.88214e-13)
(-0.000878222 -7.86319e-05 -2.24041e-13)
(-0.00037513 -0.000135289 1.62297e-13)
(-0.000112572 0.000161405 -4.63885e-15)
(-0.000129811 0.000122204 1.24099e-13)
(-0.000133685 8.023e-05 -7.98388e-15)
(-0.00013341 3.86729e-05 -1.29075e-13)
(-0.000117852 -2.02701e-06 -2.56851e-14)
(-8.43688e-05 -4.48254e-05 1.27346e-13)
(-7.9016e-05 0.000169573 -5.07371e-15)
(-7.33204e-05 0.000186098 -8.20211e-16)
(-5.49658e-05 0.000200449 -5.83697e-15)
(-2.40078e-05 0.000199529 1.55514e-14)
(-3.14053e-06 0.000196548 3.91317e-15)
(1.26815e-05 0.000212239 -3.37372e-14)
(3.36726e-05 0.000225533 -1.07609e-13)
(5.70173e-05 0.00023392 -9.54174e-14)
(8.05876e-05 0.000219156 -1.11322e-13)
(9.64987e-05 0.00019031 1.10097e-14)
(0.000101523 0.000153897 2.64052e-13)
(9.81376e-05 0.000120692 7.06209e-14)
(8.86155e-05 9.38733e-05 -9.93109e-14)
(7.60499e-05 7.11476e-05 -2.41053e-13)
(7.3614e-05 4.55527e-05 1.10245e-13)
(6.17803e-05 2.44123e-05 1.45922e-13)
(5.41139e-05 -2.47166e-05 -9.42421e-14)
(0.000111517 5.57323e-05 -1.89373e-13)
(-0.000673724 0.00184149 3.17156e-13)
(-0.00731691 0.00735807 -9.48693e-14)
(-0.00745777 0.00934123 -1.19587e-13)
(0.000987735 -0.000224285 1.78557e-13)
(0.0963163 0.0520608 7.39142e-14)
(0.00169188 0.000836418 -3.3524e-15)
(0.0161258 -0.000591544 -3.30846e-14)
(0.0205242 -0.00144247 3.55798e-15)
(-0.00477887 -0.000520679 -3.0598e-14)
(-0.0542548 -0.00121017 2.10713e-14)
(-0.0475835 -0.0027662 -3.31632e-14)
(-0.0131841 -0.000178187 -7.2099e-14)
(-0.0075524 0.00106484 6.96095e-14)
(-0.00612493 0.000233546 3.08521e-14)
(-0.000884823 -0.000366157 -1.21838e-13)
(-4.23299e-05 -0.000416332 7.82235e-14)
(-0.000115656 -0.000271751 1.65088e-14)
(-9.90886e-05 0.000141755 2.92179e-14)
(-0.000109144 0.000114295 -2.76868e-14)
(-0.000117529 7.99154e-05 -9.8343e-14)
(-0.000115798 4.89769e-05 4.48517e-14)
(-0.000104981 1.4874e-05 2.05983e-14)
(-8.70695e-05 -1.52352e-05 -6.45708e-14)
(-6.33799e-05 0.000141636 7.92673e-15)
(-5.35961e-05 0.000168648 -2.34386e-15)
(-4.23104e-05 0.000176423 6.65898e-17)
(-1.7037e-05 0.000180428 -7.13003e-15)
(-3.85773e-06 0.000183903 1.99584e-15)
(1.37753e-05 0.000199647 3.58143e-14)
(3.19599e-05 0.000215373 5.84656e-14)
(5.32381e-05 0.000214162 5.46314e-14)
(7.30079e-05 0.000200261 -1.33388e-13)
(8.60172e-05 0.000175171 -1.11642e-13)
(8.961e-05 0.000143911 1.41517e-13)
(8.75167e-05 0.000115403 2.56581e-13)
(8.04316e-05 9.05621e-05 1.35702e-13)
(7.23614e-05 6.79585e-05 -4.72147e-13)
(5.84116e-05 5.20296e-05 -1.62161e-13)
(3.04573e-05 4.3569e-05 3.8591e-13)
(6.25749e-06 3.71452e-05 8.39267e-14)
(-6.55149e-05 9.99105e-05 -1.2427e-13)
(-0.000146917 -9.84598e-05 -2.28419e-13)
(-0.000451304 -0.00261816 1.97907e-13)
(-0.00457692 -0.00633952 4.36136e-14)
(0.000129341 0.00163499 -2.22445e-13)
(-0.047385 -0.0237223 1.65592e-13)
(0.00288393 0.000252214 -1.14161e-13)
(-0.00442351 -0.00296619 -3.71978e-14)
(-0.00747867 -0.0058042 3.56447e-14)
(-0.0609617 0.00936649 -4.55843e-14)
(0.0130895 0.0059272 1.00933e-14)
(0.047144 -0.00241923 1.36289e-14)
(0.0124125 -0.00537278 2.09635e-14)
(-0.0233934 0.00234022 -9.02263e-15)
(0.00715298 -0.00147813 2.55469e-14)
(0.00752285 -0.000567364 2.07237e-13)
(0.00323722 -0.000711179 5.3462e-14)
(0.000404555 -0.000363478 -7.58496e-14)
(-8.14843e-05 0.000124887 1.88164e-14)
(-9.28192e-05 0.000106921 -3.68743e-14)
(-0.000101425 8.19247e-05 -4.04092e-15)
(-9.94278e-05 5.64723e-05 -3.37242e-14)
(-9.41766e-05 2.82304e-05 -2.08221e-14)
(-5.25102e-05 0.000124219 -4.04106e-15)
(-3.99509e-05 0.000143659 4.77979e-15)
(-2.72318e-05 0.000157041 5.65043e-17)
(-1.00682e-05 0.000163409 -4.17632e-15)
(3.33743e-06 0.000171029 -2.88316e-14)
(1.78698e-05 0.000185802 3.46357e-14)
(3.69111e-05 0.00019481 1.2634e-14)
(5.62869e-05 0.000190441 -7.01524e-14)
(7.25984e-05 0.000176297 -5.82309e-14)
(8.33426e-05 0.00015402 -1.21381e-13)
(8.63334e-05 0.000127872 1.74614e-14)
(8.39665e-05 0.000104584 -1.32354e-13)
(7.71675e-05 8.4698e-05 8.04616e-15)
(6.66615e-05 6.86807e-05 3.54352e-13)
(5.40183e-05 5.5725e-05 -2.34206e-13)
(4.26092e-05 4.14609e-05 -1.67665e-13)
(3.04474e-05 2.84633e-05 1.01579e-13)
(1.39214e-05 2.98119e-05 -1.31965e-13)
(-9.14406e-06 6.12383e-05 8.48917e-14)
(-3.75567e-05 8.56568e-05 -1.4397e-13)
(-0.000258341 -4.99984e-05 -1.61817e-13)
(-8.42554e-05 0.000311765 1.83267e-13)
(0.0010309 0.00104256 -4.05349e-14)
(0.000973708 5.49349e-05 8.96866e-14)
(0.000529934 -0.00283462 5.67709e-14)
(-0.0039556 -0.00398912 6.31542e-15)
(0.0437276 -0.00699054 1.08821e-13)
(0.00321141 0.00399903 -2.11473e-14)
(-0.0160032 0.0109908 2.25347e-14)
(0.00089984 -0.000839938 -5.53725e-14)
(-0.0133319 -0.00576707 -1.55689e-13)
(0.00409896 0.000779375 1.36571e-15)
(0.00431572 -0.000689532 1.40173e-13)
(0.00711282 -0.000585433 -3.31463e-14)
(0.00225834 -0.000294965 -1.04853e-13)
(-6.08149e-05 0.000111353 2.02826e-14)
(-7.41377e-05 9.98366e-05 1.43635e-14)
(-7.9903e-05 8.20977e-05 -3.19922e-14)
(-8.29188e-05 5.98836e-05 7.88747e-14)
(-8.0426e-05 3.69132e-05 1.86884e-13)
(-3.83197e-05 0.000111904 1.93827e-15)
(-2.97654e-05 0.000124652 5.06791e-16)
(-1.92041e-05 0.000139521 3.16249e-15)
(-5.48399e-06 0.00015286 -2.45878e-15)
(6.53995e-06 0.00016017 -1.08435e-15)
(2.10369e-05 0.000172034 1.63381e-14)
(3.91234e-05 0.000177537 7.60514e-15)
(5.60955e-05 0.000170695 4.04773e-14)
(7.01982e-05 0.000158304 6.79653e-14)
(7.88104e-05 0.000138825 -3.20432e-14)
(8.10559e-05 0.000117254 -7.79472e-15)
(7.86429e-05 9.84892e-05 7.50086e-14)
(7.23922e-05 8.26114e-05 -1.45507e-13)
(6.26006e-05 6.95247e-05 -2.89384e-13)
(5.1021e-05 5.87363e-05 1.75229e-13)
(3.66797e-05 5.10214e-05 2.68354e-13)
(1.44565e-05 5.67182e-05 -3.55848e-13)
(-6.16825e-06 6.99261e-05 6.06679e-14)
(-2.21256e-05 7.55824e-05 1.11899e-13)
(-6.6889e-05 4.91519e-05 -1.12965e-13)
(-0.000190031 9.22598e-05 8.56211e-14)
(-0.000212465 0.000494533 -8.73357e-14)
(0.000416657 0.000978564 -1.69251e-13)
(0.00135263 -1.53129e-05 -5.03159e-14)
(0.00104243 -0.00234488 -1.16204e-13)
(-0.000800015 -0.00283647 5.63234e-14)
(-0.00125484 -0.000780474 -1.62129e-14)
(-0.00580009 0.00252705 -1.09013e-14)
(-0.00196485 0.00293815 2.13823e-14)
(-0.0236607 0.00450263 4.23932e-14)
(0.0174129 -0.00300433 3.28948e-14)
(-0.00812956 -0.00030411 -4.52613e-14)
(-0.000591894 -0.000457221 -1.16442e-13)
(0.00192193 3.82926e-05 -1.48656e-13)
(0.00201777 0.000149602 3.37772e-14)
(-4.70302e-05 0.000102191 8.5949e-15)
(-5.63739e-05 9.49817e-05 -2.06929e-14)
(-6.28139e-05 8.03381e-05 1.04909e-14)
(-6.64493e-05 6.12369e-05 -5.8338e-15)
(-2.31437e-05 9.99638e-05 3.09102e-15)
(-1.81608e-05 0.00011378 5.82452e-16)
(-1.15617e-05 0.00012742 -1.1264e-15)
(4.73598e-07 0.000141862 4.16962e-15)
(1.21741e-05 0.000149673 -8.69019e-15)
(2.59352e-05 0.000157351 -1.09432e-15)
(4.32549e-05 0.000158091 2.35995e-14)
(5.81965e-05 0.000151522 -1.11468e-14)
(7.03882e-05 0.000139635 -3.96142e-14)
(7.7756e-05 0.00012298 2.65385e-14)
(7.95165e-05 0.000105106 -6.07785e-14)
(7.7587e-05 8.98977e-05 -1.50861e-13)
(7.14838e-05 7.74722e-05 1.06603e-13)
(6.20478e-05 6.70246e-05 3.77166e-13)
(5.00703e-05 5.92361e-05 -1.38922e-14)
(3.64065e-05 5.39383e-05 -4.01368e-13)
(2.43832e-05 5.10029e-05 3.32533e-13)
(1.0766e-05 5.43823e-05 2.33369e-13)
(-6.46293e-06 5.97913e-05 1.24569e-13)
(-2.94446e-05 6.08566e-05 5.87362e-14)
(-9.87374e-05 9.9749e-05 -2.88417e-14)
(-8.42187e-05 0.000400648 1.61935e-13)
(0.000430451 0.000813927 1.11966e-13)
(0.00101119 0.000250959 -1.01888e-14)
(0.000294201 -0.00124495 2.14257e-13)
(-0.00137439 -0.00151452 -6.57046e-14)
(-0.00220355 6.94412e-05 -7.65321e-15)
(-2.40101e-05 0.00138201 5.67703e-15)
(0.00173866 0.00159104 -2.01421e-14)
(0.0043987 0.000373885 -2.08064e-14)
(0.00180025 -0.000620253 -1.5257e-14)
(-0.00190075 -0.000580754 4.77715e-14)
(-0.00253622 -0.000355888 -2.27679e-14)
(-0.00101793 0.000125893 -1.27981e-13)
(-0.000512163 0.00058779 -2.08073e-14)
(-3.32759e-05 9.42161e-05 -9.66502e-15)
(-4.15725e-05 8.92385e-05 1.2194e-14)
(-4.96203e-05 7.72728e-05 -2.61343e-14)
(-5.54181e-05 5.91789e-05 -3.94507e-15)
(-1.64429e-05 9.1881e-05 1.40113e-15)
(-1.24784e-05 0.000106649 1.51054e-15)
(-5.87026e-06 0.000120348 -9.49551e-16)
(5.81436e-06 0.000132415 -1.91882e-15)
(1.66465e-05 0.000138605 -3.80277e-15)
(3.07156e-05 0.000145566 1.65054e-14)
(4.58404e-05 0.00014432 1.38751e-14)
(5.91855e-05 0.000136112 -5.19114e-14)
(6.94465e-05 0.000124987 2.17311e-14)
(7.55875e-05 0.000110805 1.11285e-13)
(7.74928e-05 9.55612e-05 4.63176e-14)
(7.58707e-05 8.38717e-05 2.13133e-14)
(7.05202e-05 7.40677e-05 -1.87882e-13)
(6.15668e-05 6.58428e-05 -4.29855e-13)
(5.00252e-05 5.95862e-05 -3.04036e-13)
(3.73655e-05 5.54545e-05 1.20067e-13)
(2.44535e-05 5.61493e-05 -7.38522e-14)
(9.12931e-06 6.46856e-05 -3.77114e-13)
(-7.85956e-06 7.48725e-05 -1.94584e-13)
(-2.75878e-05 9.17138e-05 1.60888e-13)
(-7.00999e-05 0.000143616 1.60969e-13)
(-3.12516e-05 0.000367013 -9.33448e-14)
(0.000364341 0.000621903 -3.83133e-14)
(0.0007712 0.000140067 2.39894e-15)
(0.000221517 -0.000957309 -6.09651e-14)
(-0.0010489 -0.00103242 6.32922e-14)
(-0.00139398 0.000310931 7.21974e-15)
(-0.00058714 0.00138213 4.32083e-15)
(0.000533742 0.00123766 -4.41498e-15)
(0.00120524 0.000601213 5.21806e-14)
(0.00174183 -0.000172225 3.49626e-14)
(0.000287501 -0.000530056 -3.4449e-15)
(-0.000967318 -0.000404655 1.13108e-13)
(-0.000931722 -0.000211257 7.80691e-14)
(0.000882701 -0.00198655 -4.04135e-14)
(-2.45281e-05 8.57856e-05 7.39127e-15)
(-3.39127e-05 8.27143e-05 -1.20441e-14)
(-4.28959e-05 6.97249e-05 3.26933e-15)
(-5.05775e-05 5.36314e-05 6.10927e-14)
(-1.47755e-05 8.38904e-05 2.41731e-15)
(-8.6803e-06 9.55576e-05 4.02435e-15)
(-3.21828e-06 0.000113665 -1.76075e-16)
(8.876e-06 0.000122401 2.1522e-19)
(2.06809e-05 0.000122667 -2.54026e-15)
(3.33972e-05 0.000132225 -6.73417e-15)
(4.7894e-05 0.000130096 -4.93856e-15)
(5.99864e-05 0.000124574 -5.2368e-14)
(6.87175e-05 0.000114641 -1.00713e-15)
(7.36125e-05 0.00010082 1.92803e-14)
(7.55306e-05 8.74622e-05 -2.32914e-14)
(7.55797e-05 7.7441e-05 1.41246e-13)
(7.06991e-05 6.9793e-05 1.49071e-13)
(6.2513e-05 6.3039e-05 2.69491e-14)
(5.15684e-05 5.78248e-05 2.76871e-13)
(3.91709e-05 5.50123e-05 -5.76105e-14)
(2.71956e-05 5.58675e-05 -7.29773e-16)
(1.61247e-05 5.99135e-05 2.14469e-13)
(2.38023e-06 7.04538e-05 9.99258e-14)
(-1.17274e-05 8.98489e-05 -2.94233e-14)
(-2.96432e-05 0.000136771 -1.21911e-13)
(1.9338e-05 0.00028241 -1.15867e-14)
(0.000296663 0.000423869 -9.36596e-14)
(0.00056083 5.8758e-05 -8.1038e-14)
(0.000130461 -0.000717942 4.88754e-14)
(-0.000838303 -0.000730838 -3.10924e-14)
(-0.00116644 0.000362602 -5.64895e-14)
(-0.000381277 0.00121774 6.45113e-15)
(0.000665585 0.00101759 -3.1152e-15)
(0.00130098 0.000341903 -3.83241e-15)
(0.00133202 -0.000242995 8.20593e-14)
(0.000734199 -0.000519526 -2.93309e-14)
(-0.000124541 -0.000414047 -3.90374e-14)
(-0.000584053 -0.000161594 2.27051e-13)
(0.000759812 -0.000275079 3.70597e-14)
(-2.23343e-05 7.87787e-05 -1.31444e-14)
(-3.05473e-05 7.40401e-05 -3.10176e-14)
(-4.00609e-05 6.37473e-05 5.06888e-14)
(2.12518e-05 0.000114616 9.00192e-15)
(3.45425e-05 0.00011133 -2.93906e-15)
(4.72611e-05 0.000115432 2.92742e-14)
(5.92352e-05 0.000112804 2.04786e-14)
(6.68527e-05 0.000104928 5.16008e-15)
(7.2216e-05 9.41832e-05 -1.7069e-15)
(7.41815e-05 8.07452e-05 7.12004e-15)
(7.43646e-05 7.22091e-05 -3.14154e-14)
(7.15706e-05 6.5918e-05 -1.37085e-13)
(6.37084e-05 5.98494e-05 3.64126e-14)
(5.36372e-05 5.5394e-05 1.8814e-14)
(4.17665e-05 5.30622e-05 5.25268e-14)
(3.05348e-05 5.38312e-05 -4.53497e-16)
(1.97107e-05 5.96937e-05 -9.4064e-14)
(8.44843e-06 7.23377e-05 -1.38998e-13)
(-1.4798e-06 9.24507e-05 -1.19687e-13)
(-5.60133e-06 0.000133134 -6.96968e-14)
(4.24964e-05 0.000230086 -5.64245e-14)
(0.000238499 0.00029577 1.91327e-14)
(0.00040747 9.41082e-07 6.7224e-14)
(7.88686e-05 -0.000562399 -3.61852e-14)
(-0.0006413 -0.000550251 -1.3766e-14)
(-0.000861708 0.000307558 4.44591e-14)
(-0.000197361 0.00102017 2.10508e-15)
(0.000649212 0.000875264 2.45305e-14)
(0.00102561 0.000278032 -3.05758e-14)
(0.000918573 -0.000261005 -1.01142e-13)
(0.000512537 -0.000505273 -5.51578e-14)
(3.35285e-05 -0.000414311 3.49528e-14)
(-0.000378413 -0.000178984 -1.5019e-14)
(-0.000378299 2.16951e-05 2.03711e-14)
(4.65351e-05 0.000103785 -3.581e-15)
(5.54835e-05 9.40688e-05 -2.51515e-14)
(6.39062e-05 9.51955e-05 -5.04028e-14)
(6.98582e-05 8.47192e-05 2.86055e-14)
(7.27514e-05 7.64125e-05 2.54463e-14)
(7.42708e-05 6.83816e-05 1.48726e-14)
(7.19316e-05 6.19844e-05 6.21604e-14)
(6.56065e-05 5.64978e-05 4.23968e-15)
(5.61726e-05 5.21554e-05 3.3348e-14)
(4.49912e-05 4.99906e-05 -5.10102e-14)
(3.40854e-05 5.04803e-05 -5.4952e-14)
(2.459e-05 5.55674e-05 6.4311e-14)
(1.64429e-05 6.73358e-05 1.26944e-13)
(1.06593e-05 8.58341e-05 6.41835e-14)
(1.36128e-05 0.000117587 4.55233e-14)
(5.69972e-05 0.000179446 3.34392e-14)
(0.000192958 0.000204569 6.3147e-14)
(0.000292586 -1.98512e-05 -3.60479e-14)
(3.63754e-05 -0.000417477 -5.67999e-14)
(-0.000496949 -0.000397224 3.56761e-15)
(-0.000662644 0.000256906 -1.98226e-14)
(-0.000138891 0.00083538 -6.76142e-15)
(0.000569356 0.00075051 -4.18716e-14)
(0.000885844 0.000245959 2.24091e-14)
(0.000731464 -0.000243259 5.69523e-14)
(0.000361877 -0.000474086 1.25275e-13)
(5.16326e-05 -0.000404111 1.23567e-14)
(-0.000154814 -0.000203193 -1.15972e-13)
(-0.000207657 -1.05791e-05 2.2701e-15)
(5.9606e-05 8.35591e-05 -6.97183e-14)
(6.22362e-05 6.67083e-05 -7.26876e-14)
(7.26812e-05 7.45757e-05 -1.3191e-14)
(7.23634e-05 6.39355e-05 -3.21642e-14)
(7.25369e-05 5.92843e-05 7.23979e-14)
(6.70866e-05 5.30634e-05 -2.92286e-14)
(5.87192e-05 4.88107e-05 -1.44818e-13)
(4.84502e-05 4.63005e-05 1.01109e-13)
(3.79229e-05 4.64074e-05 9.97248e-14)
(2.92711e-05 5.06797e-05 -5.34645e-15)
(2.29365e-05 6.15455e-05 -1.5751e-13)
(2.0372e-05 7.81966e-05 -1.28566e-13)
(2.64414e-05 0.00010123 6.84404e-14)
(6.32262e-05 0.000138241 1.07518e-13)
(0.000156079 0.000139373 -3.91569e-14)
(0.000210904 -2.94746e-05 -1.51391e-14)
(1.25518e-05 -0.000304878 -1.08544e-14)
(-0.000378919 -0.000275773 7.1525e-16)
(-0.000502268 0.000220798 -1.02558e-14)
(-9.44817e-05 0.000681759 4.37248e-15)
(0.000492472 0.000637178 6.88289e-15)
(0.000781473 0.000223511 -2.79159e-14)
(0.000648922 -0.000208956 -1.53714e-14)
(0.000306727 -0.000424924 -2.90564e-14)
(4.70519e-05 -0.000375887 -1.75881e-13)
(-5.41826e-05 -0.000206839 -1.05622e-14)
(-7.13012e-05 -3.18234e-05 6.21861e-14)
(5.99885e-05 6.68308e-05 -1.29143e-13)
(6.16559e-05 5.40259e-05 3.31761e-14)
(7.45337e-05 6.62731e-05 1.13825e-13)
(7.12648e-05 5.46411e-05 -7.85721e-14)
(6.82462e-05 4.98862e-05 -6.54237e-14)
(6.09121e-05 4.54083e-05 8.22986e-14)
(5.16497e-05 4.23382e-05 -1.48634e-13)
(4.18915e-05 4.18648e-05 1.24895e-14)
(3.37031e-05 4.48616e-05 2.11844e-13)
(2.88851e-05 5.38102e-05 8.33493e-14)
(2.8626e-05 6.85878e-05 1.47033e-13)
(3.57282e-05 8.41596e-05 -3.25669e-14)
(6.51119e-05 0.000104518 -9.97093e-14)
(0.000127075 9.34047e-05 2.22645e-14)
(0.000153114 -3.0632e-05 5.13017e-14)
(1.25942e-06 -0.000217118 4.03145e-14)
(-0.000282992 -0.00018246 2.74456e-15)
(-0.000370932 0.000192446 2.26924e-14)
(-5.58078e-05 0.000556196 -4.35788e-15)
(0.0004216 0.000537148 1.46641e-14)
(0.000681851 0.000203469 1.44837e-14)
(0.000586032 -0.000171763 6.59595e-16)
(0.000287405 -0.000369092 -7.27212e-14)
(4.89491e-05 -0.000337698 6.7167e-15)
(-2.23314e-05 -0.000194826 1.43264e-13)
(1.33286e-05 -5.05207e-05 9.93908e-14)
(5.926e-05 5.40283e-05 6.09829e-15)
(6.54759e-05 4.92045e-05 -1.82432e-15)
(7.38596e-05 5.59493e-05 4.82409e-14)
(6.77634e-05 4.58745e-05 -2.60452e-14)
(6.28577e-05 4.21673e-05 5.76901e-14)
(5.42789e-05 3.83421e-05 2.32846e-13)
(4.54525e-05 3.70069e-05 -6.85719e-14)
(3.77416e-05 3.87991e-05 -5.85598e-14)
(3.37361e-05 4.59419e-05 2.7092e-14)
(3.50214e-05 5.83492e-05 -3.62114e-14)
(4.19958e-05 6.8648e-05 1.62665e-14)
(6.45701e-05 7.77551e-05 1.46943e-14)
(0.00010471 6.17698e-05 -2.73916e-14)
(0.000113336 -2.81943e-05 -1.43005e-14)
(-1.7778e-06 -0.000150997 -2.81001e-14)
(-0.000205557 -0.000114306 3.27029e-15)
(-0.000265973 0.000168707 3.22246e-15)
(-2.30407e-05 0.000452875 1.71419e-15)
(0.000360577 0.000450396 -1.78332e-15)
(0.000588554 0.000183594 -1.75387e-14)
(0.000525403 -0.000137151 5.06858e-15)
(0.000277438 -0.000315549 7.22808e-14)
(6.33613e-05 -0.000298757 8.3159e-14)
(-6.08305e-06 -0.000178132 -1.66964e-13)
(4.38002e-05 -5.33307e-05 -2.47372e-13)
(6.03607e-05 5.21928e-05 4.15141e-14)
(5.95913e-05 4.22404e-05 2.33553e-14)
(7.16993e-05 5.10217e-05 -1.69822e-14)
(6.78466e-05 4.29592e-05 1.91843e-14)
(6.42251e-05 3.85616e-05 9.76339e-15)
(5.65623e-05 3.44053e-05 -3.74977e-14)
(4.85198e-05 3.2137e-05 5.73932e-14)
(4.15332e-05 3.29192e-05 -1.57664e-13)
(3.77445e-05 3.83225e-05 -2.20164e-13)
(3.97093e-05 4.80135e-05 -9.04123e-14)
(4.63657e-05 5.50919e-05 1.69243e-14)
(6.30408e-05 5.72448e-05 9.73626e-15)
(8.81314e-05 4.05347e-05 2.63439e-14)
(8.69825e-05 -2.3417e-05 4.52241e-14)
(4.93614e-07 -0.000101571 -2.27311e-14)
(-0.000143431 -6.53693e-05 -1.98893e-14)
(-0.000182792 0.000147706 6.96144e-16)
(4.84559e-06 0.000367489 -6.97702e-15)
(0.00031065 0.000374462 4.96286e-15)
(0.000506649 0.000162289 5.40259e-14)
(0.000468421 -0.000108744 4.56724e-14)
(0.000268522 -0.000269495 -1.85575e-14)
(8.43204e-05 -0.000264832 -1.73672e-14)
(1.4892e-05 -0.000166012 1.06664e-13)
(5.92055e-05 -5.79575e-05 2.06967e-13)
(6.01181e-05 4.4933e-05 1.06423e-14)
(6.02462e-05 3.58687e-05 -1.3202e-14)
(7.09944e-05 4.30338e-05 3.43365e-14)
(6.40691e-05 3.44217e-05 -3.71147e-15)
(5.842e-05 3.02846e-05 -1.58009e-13)
(5.10391e-05 2.74078e-05 -5.08947e-14)
(4.48561e-05 2.73826e-05 1.92063e-13)
(4.12645e-05 3.12665e-05 3.43129e-15)
(4.2931e-05 3.86539e-05 5.68647e-14)
(4.93003e-05 4.34038e-05 1.20088e-14)
(6.09817e-05 4.1901e-05 8.10408e-14)
(7.63766e-05 2.63619e-05 1.60166e-14)
(7.01357e-05 -1.77205e-05 -1.13302e-14)
(6.05896e-06 -6.55874e-05 5.91851e-16)
(-9.40367e-05 -3.09777e-05 2.34002e-14)
(-0.000117513 0.000128538 -7.99693e-15)
(2.76915e-05 0.000297243 6.33272e-15)
(0.000270235 0.00030801 -1.84104e-15)
(0.000436323 0.000140539 -1.53537e-14)
(0.000416069 -8.72054e-05 -4.35963e-14)
(0.000257739 -0.000230811 -4.2227e-14)
(0.000103618 -0.000236271 -6.37745e-15)
(3.80158e-05 -0.000158158 1.84781e-14)
(7.12694e-05 -6.53996e-05 -7.5597e-14)
(5.90864e-05 3.67528e-05 9.87957e-16)
(6.14618e-05 3.07217e-05 2.03496e-14)
(6.76868e-05 3.40671e-05 -2.73925e-14)
(5.85742e-05 2.55914e-05 1.39086e-15)
(5.32898e-05 2.31975e-05 -3.54642e-14)
(4.7634e-05 2.23848e-05 -1.11733e-13)
(4.41914e-05 2.49943e-05 8.70886e-14)
(4.5258e-05 3.03768e-05 -3.19975e-14)
(5.13065e-05 3.38269e-05 -5.95439e-14)
(5.90897e-05 3.0603e-05 -9.3877e-14)
(6.84216e-05 1.74141e-05 -3.16425e-14)
(6.03162e-05 -1.21875e-05 -3.53826e-14)
(1.35697e-05 -3.95567e-05 4.00273e-14)
(-5.47062e-05 -7.85684e-06 1.04221e-14)
(-6.65365e-05 0.000111206 -1.9895e-14)
(4.62171e-05 0.000239269 6.08952e-15)
(0.000237562 0.000250651 2.27505e-14)
(0.000376774 0.000118809 -3.12274e-14)
(0.000369375 -7.11948e-05 -3.98124e-14)
(0.000246066 -0.000198612 2.37451e-14)
(0.000119472 -0.000212067 2.21698e-14)
(6.01768e-05 -0.000153227 -1.16801e-14)
(8.198e-05 -7.56493e-05 -4.78597e-14)
(5.88853e-05 3.56605e-05 -2.24607e-14)
(5.62422e-05 2.56898e-05 -3.15874e-14)
(6.61013e-05 2.9645e-05 5.29245e-14)
(5.88849e-05 2.17898e-05 3.58947e-14)
(5.46961e-05 1.88395e-05 2.06218e-14)
(4.99625e-05 1.8023e-05 9.64533e-14)
(4.65549e-05 1.96534e-05 -5.56955e-14)
(4.70155e-05 2.33868e-05 8.7326e-14)
(5.25174e-05 2.62174e-05 6.90811e-15)
(5.75597e-05 2.23348e-05 1.2699e-14)
(6.31719e-05 1.18752e-05 1.08839e-13)
(5.52722e-05 -7.52982e-06 2.35735e-14)
(2.17251e-05 -2.14163e-05 -4.37133e-14)
(-2.35955e-05 6.48354e-06 -2.99285e-14)
(-2.73018e-05 9.5235e-05 3.62108e-15)
(6.06258e-05 0.000191155 -3.73355e-15)
(0.000210875 0.000201445 -6.55408e-15)
(0.000326344 9.79096e-05 1.44152e-14)
(0.000327737 -5.94763e-05 3.97881e-14)
(0.000233436 -0.000171456 1.82962e-14)
(0.000130677 -0.000191311 3.30505e-14)
(7.86814e-05 -0.000149138 3.9182e-15)
(9.24398e-05 -8.66013e-05 5.74034e-15)
(5.61998e-05 2.63266e-05 -3.78052e-14)
(5.61008e-05 1.89081e-05 -3.02668e-14)
(6.2326e-05 2.06924e-05 4.47409e-15)
(5.47692e-05 1.4877e-05 -6.34299e-14)
(5.20406e-05 1.45478e-05 -9.33958e-14)
(4.85992e-05 1.53477e-05 1.97773e-14)
(4.83687e-05 1.77977e-05 -2.00571e-14)
(5.29664e-05 1.99788e-05 5.90282e-14)
(5.66304e-05 1.65781e-05 -5.67834e-14)
(6.01175e-05 8.40926e-06 -9.09064e-14)
(5.34659e-05 -3.65098e-06 -1.67955e-14)
(3.00994e-05 -9.31308e-06 2.59418e-14)
(9.92562e-07 1.47335e-05 1.71596e-14)
(2.94502e-06 8.03396e-05 1.33761e-14)
(7.17201e-05 0.000151432 -2.45076e-16)
(0.000189305 0.00015941 -1.28257e-15)
(0.000284043 7.8312e-05 -2.18217e-15)
(0.000291504 -5.12302e-05 -1.27378e-14)
(0.00022095 -0.000148361 -1.5193e-14)
(0.000138918 -0.000173251 -1.78592e-15)
(9.40351e-05 -0.000145056 5.82895e-15)
(0.000100688 -9.73079e-05 3.47595e-14)
(5.60647e-05 2.46961e-05 -9.84656e-14)
(5.13773e-05 1.49418e-05 -5.03379e-14)
(6.05212e-05 1.69707e-05 1.60347e-14)
(5.50395e-05 1.17591e-05 -1.9404e-14)
(5.33052e-05 1.13432e-05 5.1274e-14)
(5.04741e-05 1.19177e-05 8.31392e-14)
(4.94116e-05 1.35219e-05 -1.50067e-14)
(5.28333e-05 1.49165e-05 -4.82204e-14)
(5.61107e-05 1.23646e-05 5.03099e-14)
(5.84219e-05 6.22149e-06 -3.95463e-14)
(5.35943e-05 -8.58743e-07 4.39508e-14)
(3.79453e-05 -1.77345e-06 -2.08077e-15)
(2.0168e-05 1.82845e-05 2.46835e-15)
(2.57127e-05 6.64557e-05 -4.14469e-15)
(7.97155e-05 0.000118191 -1.0816e-15)
(0.000171436 0.000123714 2.73113e-15)
(0.00024841 5.99375e-05 2.23677e-15)
(0.000259595 -4.56363e-05 4.99877e-15)
(0.000208064 -0.000129587 1.43265e-14)
(0.000143413 -0.000157644 -3.66658e-14)
(0.000105092 -0.000141676 -3.9143e-14)
(0.000107333 -0.000107214 3.03238e-14)
(5.24281e-05 1.54764e-05 -7.33935e-14)
(5.02804e-05 8.9717e-06 5.64392e-14)
(5.84979e-05 1.10866e-05 4.81803e-14)
(5.36142e-05 8.46608e-06 -1.86071e-14)
(5.20712e-05 9.54918e-06 -5.08358e-15)
(5.02977e-05 1.03496e-05 -9.66929e-15)
(5.25985e-05 1.11194e-05 -7.43759e-14)
(5.59338e-05 9.19224e-06 1.19145e-14)
(5.76202e-05 4.93835e-06 1.00259e-13)
(5.49474e-05 9.76897e-07 -3.38513e-14)
(4.50457e-05 2.69322e-06 -1.16595e-14)
(3.52425e-05 1.87519e-05 -3.1134e-14)
(4.2841e-05 5.38661e-05 6.32427e-15)
(8.55103e-05 9.06072e-05 -2.80391e-15)
(0.000156792 9.37827e-05 -1.22078e-14)
(0.000218893 4.32637e-05 -1.80775e-14)
(0.000232116 -4.20635e-05 -6.48006e-15)
(0.00019572 -0.000114278 1.39242e-14)
(0.00014578 -0.00014401 5.12655e-14)
(0.000113471 -0.000138238 3.3138e-14)
(0.000111217 -0.000115726 -3.85774e-14)
(5.25923e-05 1.42062e-05 9.87421e-14)
(4.70838e-05 6.78742e-06 4.01051e-14)
(5.70034e-05 7.70135e-06 -5.10087e-14)
(5.38445e-05 6.41117e-06 -3.5994e-15)
(5.3263e-05 7.48071e-06 3.82997e-14)
(5.10044e-05 7.88265e-06 -2.75288e-14)
(5.22807e-05 8.10725e-06 7.68171e-14)
(5.58542e-05 6.69956e-06 7.52069e-14)
(5.73117e-05 3.88469e-06 -2.51736e-14)
(5.66876e-05 1.9679e-06 1.14157e-14)
(5.10856e-05 4.6944e-06 1.76013e-14)
(4.66829e-05 1.71745e-05 2.72176e-14)
(5.5263e-05 4.21849e-05 3.80735e-16)
(8.90909e-05 6.7655e-05 -5.90288e-15)
(0.000144343 6.84766e-05 7.78013e-15)
(0.000194088 2.83612e-05 1.64835e-14)
(0.000207993 -4.04941e-05 -1.2908e-14)
(0.000183237 -0.000102274 -2.41566e-14)
(0.000145132 -0.000132862 -5.47129e-14)
(0.000118005 -0.000135443 -5.97033e-14)
(0.000113023 -0.00012378 1.09882e-14)
(4.85264e-05 6.73561e-06 2.83247e-14)
(4.78357e-05 3.43263e-06 5.65427e-14)
(5.81818e-05 6.42743e-06 1.33093e-14)
(5.32562e-05 6.00601e-06 7.98824e-15)
(5.17138e-05 6.27038e-06 -3.00914e-14)
(5.19326e-05 5.79126e-06 -5.32615e-14)
(5.58458e-05 4.80394e-06 -3.09719e-14)
(5.73242e-05 3.02287e-06 -2.81731e-14)
(5.84987e-05 2.35175e-06 -3.34642e-14)
(5.61699e-05 5.15381e-06 -2.48987e-14)
(5.53823e-05 1.45552e-05 -1.80405e-14)
(6.43075e-05 3.1835e-05 -4.90597e-16)
(9.1223e-05 4.88632e-05 1.03081e-14)
(0.000134011 4.76056e-05 -2.96143e-15)
(0.000173604 1.5508e-05 -3.38128e-15)
(0.000187377 -4.00885e-05 1.59781e-14)
(0.000171434 -9.26908e-05 -8.73641e-15)
(0.000143006 -0.000123483 -6.48072e-14)
(0.000120489 -0.000132259 -4.29672e-14)
(0.000112432 -0.000130174 -3.03175e-15)
(4.84862e-05 6.0753e-06 9.71763e-15)
(4.67514e-05 3.33546e-06 -1.79268e-14)
(5.68948e-05 6.47183e-06 4.20104e-15)
(5.34792e-05 5.81862e-06 -1.47874e-14)
(5.17046e-05 4.99083e-06 4.85849e-14)
(5.13585e-05 3.90561e-06 2.85377e-14)
(5.56693e-05 3.1251e-06 -3.61143e-14)
(5.72455e-05 2.13268e-06 6.02941e-15)
(6.00277e-05 2.02845e-06 2.41335e-14)
(6.00729e-05 4.52002e-06 -2.1034e-15)
(6.1627e-05 1.11332e-05 9.89857e-15)
(7.0357e-05 2.25969e-05 2.924e-15)
(9.18359e-05 3.31733e-05 -4.64866e-15)
(0.00012491 3.03336e-05 -1.67994e-15)
(0.00015622 4.1581e-06 -3.1682e-15)
(0.000169247 -4.071e-05 -1.24166e-14)
(0.000159591 -8.56987e-05 -5.38331e-15)
(0.000138653 -0.000115911 4.24551e-14)
(0.000119726 -0.000129666 6.71125e-14)
(0.000109945 -0.000135951 6.92062e-15)
(4.72981e-05 6.71152e-06 1.0908e-14)
(4.51707e-05 4.52306e-06 -1.47512e-14)
(5.60264e-05 7.49165e-06 -1.27381e-14)
(5.26092e-05 5.7945e-06 -3.01018e-14)
(5.1309e-05 3.83709e-06 9.11806e-15)
(5.08273e-05 2.34702e-06 -2.88865e-14)
(5.51676e-05 1.64214e-06 3.32953e-14)
(5.73371e-05 1.21516e-06 2.40717e-14)
(6.12264e-05 1.35284e-06 -1.0652e-14)
(6.30275e-05 3.31558e-06 3.90971e-15)
(6.61001e-05 7.5859e-06 -3.80548e-15)
(7.4373e-05 1.46494e-05 -3.9096e-15)
(9.16102e-05 2.04555e-05 7.33574e-16)
(0.000117151 1.63816e-05 4.21229e-15)
(0.000141826 -5.33359e-06 8.48102e-15)
(0.000153706 -4.17122e-05 1.76872e-14)
(0.000148495 -8.03348e-05 3.32177e-15)
(0.000133464 -0.000109384 2.46073e-14)
(0.000117415 -0.000126747 1.34754e-15)
(0.0001058 -0.000139556 -3.6826e-14)
(4.654e-05 8.51994e-06 -1.01934e-13)
(4.69443e-05 6.71701e-06 -3.24844e-14)
(5.51248e-05 5.89096e-06 -1.59991e-14)
(4.99433e-05 2.58463e-06 2.37442e-15)
(5.04676e-05 1.07129e-06 3.18237e-14)
(5.42196e-05 2.86708e-07 -1.48826e-14)
(5.74562e-05 1.00226e-07 -3.65508e-14)
(6.195e-05 3.58146e-07 -3.37566e-15)
(6.50548e-05 1.59796e-06 1.70074e-14)
(6.89182e-05 3.99053e-06 6.77448e-15)
(7.6526e-05 7.61877e-06 9.4349e-17)
(9.03518e-05 9.98842e-06 -3.71931e-15)
(0.000110035 4.81115e-06 -2.72122e-16)
(0.000129365 -1.34427e-05 -8.63202e-15)
(0.000139813 -4.33526e-05 -6.80346e-15)
(0.000137507 -7.65834e-05 4.43246e-14)
(0.000126714 -0.000104212 1.65216e-14)
(0.000112601 -0.000124287 -1.05906e-14)
(0.000100237 -0.000141799 3.39823e-14)
(4.59036e-05 9.53671e-06 4.03566e-14)
(4.50878e-05 7.18134e-06 2.65783e-14)
(5.30532e-05 5.32695e-06 -1.95954e-14)
(4.89881e-05 1.53733e-06 -2.02721e-14)
(4.95945e-05 -6.82461e-08 1.94975e-14)
(5.31555e-05 -9.14491e-07 -1.53009e-15)
(5.72264e-05 -1.02552e-06 1.88011e-14)
(6.21333e-05 -7.40045e-07 6.89177e-15)
(6.6181e-05 -1.20731e-07 -8.33165e-15)
(7.05049e-05 7.2225e-07 -7.87516e-15)
(7.74604e-05 1.81722e-06 2.1225e-15)
(8.85896e-05 1.61591e-06 2.9276e-15)
(0.000103769 -4.32903e-06 2.98497e-16)
(0.00011885 -2.00035e-05 -1.25183e-15)
(0.000127794 -4.48901e-05 -5.07464e-15)
(0.000127325 -7.36247e-05 -3.6099e-14)
(0.000119572 -9.9649e-05 -2.51898e-14)
(0.000107056 -0.000121125 2.17565e-14)
(9.37887e-05 -0.000141766 1.61006e-14)
(4.51744e-05 1.00476e-05 2.94575e-14)
(4.28509e-05 6.45363e-06 4.6729e-14)
(5.07739e-05 3.60204e-06 6.35111e-14)
(4.74864e-05 4.42517e-07 1.24154e-14)
(4.87351e-05 -1.12686e-06 -1.42538e-15)
(5.20933e-05 -2.02301e-06 -5.48218e-14)
(5.67913e-05 -2.16998e-06 -2.14279e-14)
(6.19032e-05 -1.98872e-06 2.05112e-14)
(6.65272e-05 -1.91579e-06 -2.20332e-15)
(7.09654e-05 -2.38785e-06 -1.08365e-15)
(7.71789e-05 -3.14238e-06 7.48495e-15)
(8.61189e-05 -5.28698e-06 -4.45574e-15)
(9.7775e-05 -1.17663e-05 -2.69382e-15)
(0.000109431 -2.55732e-05 1.12778e-14)
(0.000116853 -4.66101e-05 -8.39538e-15)
(0.000117287 -7.16396e-05 6.31002e-15)
(0.000111545 -9.59062e-05 4.05468e-14)
(9.9786e-05 -0.000118248 1.13523e-14)
(8.63165e-05 -0.000140665 -3.11539e-14)
(4.32745e-05 6.17144e-06 3.28879e-14)
(4.16483e-05 2.03428e-06 -1.51605e-14)
(4.9839e-05 1.13256e-07 -3.6487e-14)
(4.7333e-05 -2.21229e-06 1.08621e-14)
(5.1304e-05 -2.89628e-06 4.97001e-14)
(5.61933e-05 -3.29445e-06 -6.23279e-15)
(6.12992e-05 -3.18258e-06 -1.8709e-14)
(6.62445e-05 -3.66969e-06 1.06718e-14)
(7.06256e-05 -5.04836e-06 2.21847e-15)
(7.61548e-05 -7.22332e-06 -1.95724e-15)
(8.33627e-05 -1.06855e-05 -3.18822e-16)
(9.23074e-05 -1.75361e-05 4.04965e-15)
(0.000101263 -2.98562e-05 -3.3964e-16)
(0.00010723 -4.7956e-05 4.19002e-15)
(0.000108066 -6.98406e-05 9.07443e-15)
(0.000103462 -9.24137e-05 3.83997e-15)
(9.23957e-05 -0.000114908 1.12732e-15)
(7.93369e-05 -0.000135313 -3.34555e-16)
(4.18867e-05 5.21447e-06 2.95009e-14)
(3.97178e-05 1.76848e-06 -1.30836e-15)
(4.77171e-05 -1.38701e-07 2.45884e-14)
(4.63038e-05 -2.3272e-06 -3.26025e-14)
(4.99899e-05 -3.63514e-06 -1.57662e-14)
(5.51918e-05 -4.36008e-06 -1.73065e-15)
(6.02279e-05 -4.40525e-06 -4.25952e-15)
(6.53336e-05 -5.36271e-06 5.13111e-15)
(6.94872e-05 -7.48262e-06 -3.45817e-15)
(7.43316e-05 -1.07075e-05 1.3213e-15)
(8.00988e-05 -1.51086e-05 -5.85048e-16)
(8.69125e-05 -2.21862e-05 4.38491e-15)
(9.36761e-05 -3.33981e-05 -4.38455e-15)
(9.82802e-05 -4.92345e-05 -5.79692e-15)
(9.89929e-05 -6.85428e-05 1.3299e-14)
(9.4906e-05 -8.94649e-05 -1.92738e-14)
(8.51772e-05 -0.000110319 -3.13427e-14)
(7.18904e-05 -0.000130597 2.95398e-14)
(4.02874e-05 4.69063e-06 3.80918e-15)
(3.78082e-05 1.80416e-06 3.08432e-15)
(4.59718e-05 3.34677e-07 -7.13523e-15)
(4.46231e-05 -2.13662e-06 1.62457e-14)
(4.82607e-05 -4.21907e-06 6.36602e-15)
(5.39139e-05 -5.2581e-06 1.08867e-14)
(5.87603e-05 -5.60221e-06 1.77259e-14)
(6.38829e-05 -6.91281e-06 -1.42568e-14)
(6.77869e-05 -9.61013e-06 9.67818e-15)
(7.20526e-05 -1.3501e-05 1.52051e-15)
(7.66752e-05 -1.85485e-05 1.03762e-15)
(8.18597e-05 -2.56544e-05 -2.20094e-15)
(8.68911e-05 -3.59911e-05 -3.96625e-17)
(9.02729e-05 -4.99784e-05 8.90471e-15)
(9.06626e-05 -6.71326e-05 3.40645e-15)
(8.7161e-05 -8.61288e-05 -2.93838e-14)
(7.7542e-05 -0.00010619 -4.19369e-15)
(6.37401e-05 -0.000125447 -1.18408e-14)
(3.85355e-05 2.97999e-06 1.92497e-16)
(3.76031e-05 6.96755e-07 2.46524e-14)
(4.58306e-05 -2.13942e-06 -7.98349e-15)
(4.58735e-05 -4.92107e-06 -4.14458e-14)
(5.26387e-05 -6.18728e-06 6.4223e-15)
(5.70674e-05 -6.74476e-06 3.29485e-15)
(6.21302e-05 -8.39193e-06 2.30514e-15)
(6.56686e-05 -1.15107e-05 1.20776e-15)
(6.93155e-05 -1.59039e-05 -2.82615e-15)
(7.29685e-05 -2.13384e-05 1.04646e-17)
(7.68272e-05 -2.8418e-05 -5.92578e-16)
(8.04283e-05 -3.80194e-05 5.90945e-15)
(8.26958e-05 -5.05628e-05 4.7744e-15)
(8.26179e-05 -6.5899e-05 -2.2081e-14)
(7.87811e-05 -8.33474e-05 5.00584e-15)
(7.01021e-05 -0.000102008 2.33756e-14)
(5.6404e-05 -0.000121183 -3.80358e-15)
(3.73867e-05 2.61302e-06 -4.28239e-15)
(3.59527e-05 4.69705e-07 -1.19212e-14)
(4.34157e-05 -2.48945e-06 -6.89555e-15)
(4.39778e-05 -5.3297e-06 1.89601e-14)
(5.07728e-05 -6.98913e-06 -1.62075e-14)
(5.49696e-05 -7.76361e-06 -2.36175e-14)
(5.98668e-05 -9.72818e-06 -8.0726e-15)
(6.30992e-05 -1.31022e-05 -1.46743e-15)
(6.62854e-05 -1.78325e-05 2.97854e-15)
(6.91893e-05 -2.34382e-05 -1.19152e-15)
(7.20255e-05 -3.03783e-05 3.51137e-16)
(7.45031e-05 -3.93124e-05 -4.2466e-16)
(7.58052e-05 -5.06522e-05 -1.32148e-14)
(7.51002e-05 -6.44277e-05 1.47661e-15)
(7.14364e-05 -8.03702e-05 5.97368e-15)
(6.21386e-05 -9.8145e-05 -1.94742e-14)
(4.75911e-05 -0.000115988 1.11279e-14)
(3.60973e-05 1.99768e-06 9.36806e-14)
(3.43426e-05 -3.76098e-07 6.03806e-14)
(4.12267e-05 -2.92687e-06 -2.64726e-14)
(4.18128e-05 -5.75704e-06 2.6081e-15)
(4.84861e-05 -7.66211e-06 1.07052e-14)
(5.26469e-05 -8.66327e-06 -5.70894e-15)
(5.72671e-05 -1.08757e-05 9.06529e-15)
(6.02036e-05 -1.44948e-05 -8.96619e-16)
(6.29396e-05 -1.94018e-05 1.21941e-15)
(6.52328e-05 -2.50779e-05 -3.02103e-16)
(6.72489e-05 -3.18201e-05 -1.39872e-15)
(6.87699e-05 -4.0186e-05 -7.4409e-15)
(6.91995e-05 -5.05337e-05 -4.60704e-16)
(6.79026e-05 -6.30051e-05 1.42509e-14)
(6.33343e-05 -7.75755e-05 -1.61544e-14)
(5.48048e-05 -9.42206e-05 3.93299e-15)
(3.47204e-05 -5.89653e-07 3.0054e-14)
(3.39252e-05 -2.97547e-06 1.52508e-14)
(4.24403e-05 -6.05994e-06 1.41543e-14)
(4.55892e-05 -8.43839e-06 2.53535e-15)
(5.04312e-05 -9.62148e-06 5.5302e-15)
(5.43972e-05 -1.19594e-05 -9.13435e-15)
(5.71197e-05 -1.56681e-05 5.99781e-15)
(5.95036e-05 -2.05874e-05 -2.3925e-15)
(6.1316e-05 -2.61834e-05 5.97963e-16)
(6.26815e-05 -3.26551e-05 2.59411e-15)
(6.34364e-05 -4.0473e-05 -1.70253e-16)
(6.31112e-05 -4.99429e-05 8.21245e-15)
(6.11059e-05 -6.12514e-05 -2.41306e-15)
(5.6478e-05 -7.45012e-05 1.09939e-14)
(4.76939e-05 -8.92323e-05 9.20242e-15)
(3.30193e-05 -1.23374e-06 -4.55828e-14)
(3.23276e-05 -3.56936e-06 -1.96377e-14)
(4.01286e-05 -6.6842e-06 -7.40903e-15)
(4.31908e-05 -9.00322e-06 1.29083e-14)
(4.78357e-05 -1.04487e-05 -7.75136e-15)
(5.13618e-05 -1.28574e-05 1.07443e-14)
(5.38484e-05 -1.65375e-05 -2.53666e-15)
(5.59428e-05 -2.14019e-05 1.04506e-15)
(5.73674e-05 -2.68444e-05 2.35048e-16)
(5.81811e-05 -3.30252e-05 6.17594e-16)
(5.82646e-05 -4.03752e-05 1.8532e-15)
(5.72406e-05 -4.90891e-05 -6.93057e-15)
(5.47078e-05 -5.93847e-05 -8.4944e-15)
(4.93334e-05 -7.13241e-05 5.20849e-15)
(4.05465e-05 -8.45573e-05 -4.00989e-16)
(3.09571e-05 -1.98002e-06 2.96812e-14)
(3.04645e-05 -3.8231e-06 -9.77285e-15)
(3.83463e-05 -7.01899e-06 -1.2772e-16)
(4.07344e-05 -9.54774e-06 -1.3683e-14)
(4.51078e-05 -1.1152e-05 2.5548e-14)
(4.81468e-05 -1.35367e-05 -1.52467e-16)
(5.046e-05 -1.71036e-05 1.75476e-15)
(5.23313e-05 -2.17879e-05 4.06726e-15)
(5.346e-05 -2.70086e-05 -1.76767e-15)
(5.38237e-05 -3.28783e-05 -1.22599e-15)
(5.33559e-05 -3.97756e-05 2.93379e-16)
(5.17842e-05 -4.78163e-05 2.87258e-15)
(4.86611e-05 -5.71463e-05 1.51986e-14)
(4.33482e-05 -6.78002e-05 -4.18189e-15)
(3.46419e-05 -7.93665e-05 -1.14027e-14)
(2.93046e-05 -2.2788e-06 -4.38774e-15)
(2.8885e-05 -4.13229e-06 3.98657e-14)
(3.56654e-05 -7.22811e-06 3.75663e-15)
(3.82239e-05 -9.55305e-06 5.3678e-15)
(4.23519e-05 -1.15774e-05 -1.38629e-14)
(4.49806e-05 -1.38365e-05 -3.75705e-15)
(4.71145e-05 -1.7254e-05 -7.321e-15)
(4.87823e-05 -2.17282e-05 -1.92983e-15)
(4.96047e-05 -2.6715e-05 1.65247e-15)
(4.95526e-05 -3.23347e-05 -2.17802e-15)
(4.85853e-05 -3.88362e-05 4.57467e-15)
(4.6533e-05 -4.62853e-05 7.21145e-15)
(4.31112e-05 -5.47416e-05 -1.46723e-14)
(3.72798e-05 -6.42273e-05 1.02476e-15)
(2.89604e-05 -7.43127e-05 1.96825e-14)
(2.73465e-05 -2.51701e-06 -3.23085e-14)
(2.7081e-05 -4.38943e-06 -1.61365e-14)
(3.36282e-05 -6.51851e-06 1.24131e-14)
(3.56583e-05 -9.33533e-06 -1.61795e-14)
(3.92691e-05 -1.15459e-05 1.12358e-14)
(4.17326e-05 -1.36936e-05 1.63351e-15)
(4.37285e-05 -1.69349e-05 5.52377e-15)
(4.52409e-05 -2.12176e-05 1.06562e-16)
(4.57803e-05 -2.60323e-05 -7.40772e-16)
(4.53549e-05 -3.14246e-05 4.558e-16)
(4.40129e-05 -3.75712e-05 -4.91699e-15)
(4.1629e-05 -4.44469e-05 -3.45311e-15)
(3.78178e-05 -5.20866e-05 8.29672e-15)
(3.23024e-05 -6.044e-05 8.99167e-15)
(2.44103e-05 -6.91212e-05 -4.90634e-15)
(2.69008e-05 -3.52925e-06 -1.47457e-15)
(2.75533e-05 -5.45889e-06 -2.02198e-14)
(3.46251e-05 -8.81207e-06 1.01003e-14)
(3.60588e-05 -1.11793e-05 8.35757e-15)
(3.87223e-05 -1.31723e-05 -3.90329e-15)
(4.04794e-05 -1.62358e-05 -1.09888e-15)
(4.17603e-05 -2.03573e-05 2.09545e-15)
(4.20017e-05 -2.50738e-05 1.11741e-15)
(4.12397e-05 -3.02683e-05 4.34482e-16)
(3.95814e-05 -3.60899e-05 -1.30629e-15)
(3.6929e-05 -4.24375e-05 -4.66942e-15)
(3.31131e-05 -4.92944e-05 -4.52097e-15)
(2.73006e-05 -5.66926e-05 -6.4269e-15)
(1.99132e-05 -6.42028e-05 -1.17748e-14)
(2.46789e-05 -3.01373e-06 1.98616e-14)
(2.55547e-05 -4.84607e-06 1.1383e-14)
(3.19793e-05 -8.00393e-06 -9.53473e-15)
(3.31776e-05 -1.04948e-05 2.40311e-15)
(3.56064e-05 -1.23292e-05 -4.42947e-16)
(3.71637e-05 -1.52644e-05 -4.00785e-15)
(3.81924e-05 -1.94032e-05 2.49436e-16)
(3.81571e-05 -2.40229e-05 2.32329e-16)
(3.71523e-05 -2.90198e-05 1.3361e-15)
(3.53123e-05 -3.44736e-05 -2.59205e-15)
(3.25892e-05 -4.02445e-05 2.35517e-15)
(2.85427e-05 -4.63976e-05 5.86394e-15)
(2.32002e-05 -5.29394e-05 -7.14847e-17)
(1.68049e-05 -5.85738e-05 6.91723e-15)
(2.31149e-05 -2.62082e-06 -1.87343e-14)
(2.32917e-05 -3.9536e-06 -7.83446e-15)
(2.9337e-05 -7.62769e-06 1.39104e-14)
(3.04101e-05 -9.7309e-06 -1.18833e-14)
(3.26438e-05 -1.14168e-05 1.48473e-15)
(3.38026e-05 -1.4498e-05 -4.87245e-17)
(3.44937e-05 -1.85701e-05 9.16292e-17)
(3.43106e-05 -2.30293e-05 8.64395e-16)
(3.31639e-05 -2.77632e-05 3.44979e-16)
(3.12687e-05 -3.27644e-05 7.57909e-16)
(2.84618e-05 -3.79794e-05 -5.57409e-15)
(2.45638e-05 -4.34626e-05 -1.13983e-15)
(1.97735e-05 -4.83722e-05 9.67569e-15)
(1.38768e-05 -5.30928e-05 -2.97395e-15)
(2.17357e-05 -2.77171e-06 -6.92913e-15)
(2.14806e-05 -4.32926e-06 3.21521e-16)
(2.66109e-05 -7.29812e-06 3.23006e-15)
(2.80319e-05 -9.19671e-06 5.36602e-16)
(2.94794e-05 -1.11566e-05 -4.54254e-15)
(3.02521e-05 -1.41557e-05 2.64387e-15)
(3.08592e-05 -1.79873e-05 1.77919e-15)
(3.05251e-05 -2.22631e-05 -1.59543e-15)
(2.93488e-05 -2.65467e-05 -3.33966e-16)
(2.74633e-05 -3.10476e-05 7.01806e-15)
(2.47187e-05 -3.56694e-05 4.75362e-15)
(2.13649e-05 -4.0048e-05 -3.38272e-15)
(1.7144e-05 -4.4273e-05 -5.53742e-15)
(1.14238e-05 -4.82817e-05 2.30573e-15)
(2.04307e-05 -3.5853e-06 -1.12677e-14)
(2.0066e-05 -5.03724e-06 -3.9617e-15)
(2.4643e-05 -7.43306e-06 8.18562e-16)
(2.52832e-05 -9.48868e-06 -3.548e-15)
(2.63485e-05 -1.14151e-05 1.47753e-15)
(2.69824e-05 -1.4014e-05 -8.28511e-16)
(2.72771e-05 -1.7756e-05 -1.48081e-15)
(2.69496e-05 -2.1471e-05 -3.48965e-16)
(2.58758e-05 -2.52861e-05 1.50652e-15)
(2.40121e-05 -2.92817e-05 1.80577e-15)
(2.16383e-05 -3.32376e-05 1.69228e-15)
(1.84615e-05 -3.70943e-05 -1.48517e-15)
(1.42893e-05 -4.06882e-05 -5.67554e-15)
(9.26127e-06 -4.41312e-05 5.21893e-16)
(1.96501e-05 -5.80349e-06 6.30867e-16)
(1.99611e-05 -7.40094e-06 -3.22431e-15)
(2.43002e-05 -1.02662e-05 3.42361e-15)
(2.3238e-05 -1.17669e-05 8.76421e-16)
(2.37826e-05 -1.43897e-05 -1.84567e-15)
(2.40349e-05 -1.74374e-05 3.07752e-15)
(2.38731e-05 -2.06021e-05 -5.68894e-17)
(2.26733e-05 -2.40123e-05 5.16871e-16)
(2.09565e-05 -2.75095e-05 -1.84285e-15)
(1.85933e-05 -3.10084e-05 -1.24904e-15)
(1.5803e-05 -3.43863e-05 1.73742e-15)
(1.21886e-05 -3.76486e-05 5.60316e-15)
(6.95146e-06 -4.05599e-05 4.13575e-15)
(1.83749e-05 -6.67076e-06 1.58198e-14)
(1.82669e-05 -8.22605e-06 5.34818e-15)
(2.17322e-05 -1.10014e-05 -1.00778e-14)
(2.04856e-05 -1.23867e-05 2.07858e-16)
(2.108e-05 -1.44214e-05 1.07313e-15)
(2.14387e-05 -1.68074e-05 -1.92069e-15)
(2.09832e-05 -1.97174e-05 1.25537e-15)
(1.98104e-05 -2.267e-05 3.69036e-17)
(1.81102e-05 -2.57667e-05 -3.08641e-15)
(1.60685e-05 -2.88397e-05 -1.53127e-15)
(1.33358e-05 -3.18335e-05 5.43904e-15)
(9.66145e-06 -3.48057e-05 3.25683e-15)
(1.68216e-05 -7.3869e-06 -1.23337e-15)
(1.65159e-05 -8.78937e-06 -3.29025e-15)
(1.95958e-05 -1.16707e-05 9.07907e-15)
(1.82556e-05 -1.2586e-05 -1.14264e-16)
(1.89419e-05 -1.39994e-05 -1.94157e-16)
(1.89571e-05 -1.62906e-05 -8.8634e-16)
(1.84062e-05 -1.88474e-05 -2.06174e-16)
(1.71952e-05 -2.14414e-05 -8.95641e-16)
(1.5595e-05 -2.41271e-05 2.48995e-15)
(1.35082e-05 -2.67977e-05 2.38863e-15)
(1.09857e-05 -2.94087e-05 -4.36115e-15)
(8.12124e-06 -3.17943e-05 -7.63019e-15)
(1.55256e-05 -7.80147e-06 -1.12573e-15)
(1.48824e-05 -9.3143e-06 1.05671e-14)
(1.72956e-05 -1.18565e-05 -4.93706e-15)
(1.64751e-05 -1.22625e-05 -1.55107e-15)
(1.68645e-05 -1.37176e-05 4.25632e-15)
(1.67063e-05 -1.58219e-05 -1.25883e-15)
(1.60456e-05 -1.80948e-05 -6.87574e-16)
(1.48779e-05 -2.03635e-05 1.4041e-15)
(1.3289e-05 -2.26447e-05 1.49768e-15)
(1.14865e-05 -2.4864e-05 -4.08909e-15)
(9.22427e-06 -2.69745e-05 1.56757e-15)
(6.20273e-06 -2.88466e-05 1.03752e-15)
(1.39173e-05 -7.94702e-06 -1.62643e-16)
(1.34767e-05 -9.44079e-06 1.18858e-15)
(1.58071e-05 -1.15731e-05 -2.76916e-15)
(1.4561e-05 -1.19723e-05 1.20115e-15)
(1.48369e-05 -1.33944e-05 -2.39027e-15)
(1.45806e-05 -1.53059e-05 1.81145e-15)
(1.39336e-05 -1.73991e-05 4.25242e-16)
(1.28059e-05 -1.93317e-05 -1.15342e-15)
(1.1427e-05 -2.13235e-05 -7.68169e-18)
(9.64827e-06 -2.30295e-05 8.34908e-17)
(7.59598e-06 -2.46075e-05 -3.4224e-15)
(5.32783e-06 -2.60335e-05 -9.59153e-16)
(1.2545e-05 -9.27816e-06 -3.46315e-15)
(1.23553e-05 -1.04899e-05 -3.31579e-16)
(1.35963e-05 -1.19009e-05 -1.19919e-15)
(1.27438e-05 -1.28977e-05 6.81155e-16)
(1.26255e-05 -1.47544e-05 4.86217e-16)
(1.19647e-05 -1.65329e-05 -3.52931e-16)
(1.10002e-05 -1.829e-05 -4.75973e-16)
(9.78219e-06 -1.9788e-05 1.85777e-15)
(8.51818e-06 -2.10631e-05 -1.42099e-15)
(6.6911e-06 -2.22217e-05 -1.83262e-15)
(4.21255e-06 -2.32221e-05 2.4639e-15)
(1.12366e-05 -9.1798e-06 7.1464e-15)
(1.08168e-05 -1.02459e-05 4.15153e-15)
(1.16327e-05 -1.14803e-05 1.23973e-16)
(1.09856e-05 -1.22611e-05 -1.41024e-15)
(1.08535e-05 -1.38611e-05 -9.15106e-16)
(1.02545e-05 -1.53762e-05 -1.92474e-16)
(9.53862e-06 -1.67594e-05 1.09782e-15)
(8.83745e-06 -1.79139e-05 -1.5931e-15)
(7.4834e-06 -1.89857e-05 -1.84785e-15)
(5.75351e-06 -1.99227e-05 5.19939e-15)
(3.81551e-06 -2.07836e-05 1.32008e-15)
(9.7742e-06 -8.91743e-06 1.94022e-15)
(9.37556e-06 -9.87814e-06 -3.60515e-15)
(1.02555e-05 -1.07723e-05 9.66748e-16)
(9.51787e-06 -1.13839e-05 2.84338e-15)
(9.37133e-06 -1.26534e-05 -1.7607e-16)
(8.92552e-06 -1.39302e-05 -8.63766e-16)
(8.47872e-06 -1.49747e-05 -7.04503e-16)
(7.70537e-06 -1.60942e-05 1.15425e-15)
(6.70058e-06 -1.71051e-05 3.18363e-15)
(5.13144e-06 -1.79961e-05 1.61847e-15)
(2.96623e-06 -1.87889e-05 2.15661e-15)
(8.60809e-06 -8.47275e-06 -1.21826e-15)
(8.24291e-06 -9.2155e-06 7.29146e-16)
(8.81083e-06 -9.96689e-06 3.22514e-15)
(8.31144e-06 -1.03366e-05 -3.96898e-15)
(8.17312e-06 -1.14388e-05 -2.97349e-18)
(7.80532e-06 -1.24413e-05 4.35405e-16)
(7.35118e-06 -1.34554e-05 -2.80265e-16)
(6.78603e-06 -1.45079e-05 -2.02085e-15)
(5.67826e-06 -1.54977e-05 -4.25764e-16)
(4.12939e-06 -1.64451e-05 -1.26961e-16)
(2.69875e-06 -1.69758e-05 -1.95302e-15)
(7.45944e-06 -7.89489e-06 2.50909e-15)
(7.1965e-06 -8.48764e-06 -2.15112e-15)
(7.89629e-06 -9.0652e-06 -7.28313e-16)
(7.2582e-06 -9.33117e-06 2.21585e-15)
(7.1396e-06 -1.02732e-05 -1.01994e-15)
(6.74712e-06 -1.11665e-05 6.66051e-16)
(6.31777e-06 -1.20801e-05 -1.16402e-15)
(5.64212e-06 -1.30422e-05 1.98884e-15)
(4.73467e-06 -1.40197e-05 1.33246e-15)
(3.71649e-06 -1.46675e-05 -4.40571e-15)
(2.36047e-06 -1.50431e-05 5.26707e-16)
(6.64204e-06 -7.23167e-06 -1.91127e-15)
(6.39544e-06 -7.72304e-06 -3.22231e-15)
(6.78844e-06 -8.12082e-06 -2.26907e-15)
(6.37444e-06 -8.37433e-06 -1.12319e-15)
(6.19011e-06 -9.18709e-06 7.82145e-16)
(5.80218e-06 -1.00066e-05 3.58085e-16)
(5.32221e-06 -1.07747e-05 1.40347e-15)
(4.75984e-06 -1.16611e-05 -1.03495e-15)
(4.05893e-06 -1.23308e-05 -2.55494e-15)
(3.21798e-06 -1.28929e-05 1.43248e-15)
(5.68734e-06 -6.45602e-06 -8.31346e-15)
(5.69701e-06 -6.91324e-06 1.52569e-15)
(6.15428e-06 -7.40922e-06 4.42027e-15)
(5.47784e-06 -7.511e-06 -3.5202e-16)
(5.34298e-06 -8.25705e-06 -1.04505e-15)
(4.9426e-06 -8.95117e-06 3.83715e-16)
(4.48427e-06 -9.63277e-06 2.26243e-16)
(4.00983e-06 -1.02959e-05 -3.80929e-16)
(3.53382e-06 -1.08926e-05 5.76827e-16)
(2.89912e-06 -1.13834e-05 1.80669e-15)
(5.0068e-06 -6.30774e-06 1.43771e-15)
(4.70856e-06 -6.26116e-06 -8.95739e-16)
(5.1e-06 -6.86736e-06 -7.21473e-16)
(4.50477e-06 -7.4103e-06 -2.48654e-16)
(4.19978e-06 -8.03001e-06 3.46814e-16)
(3.79471e-06 -8.58688e-06 -7.66704e-16)
(3.43362e-06 -9.12547e-06 -4.31545e-16)
(2.96328e-06 -9.6584e-06 5.85221e-16)
(2.40556e-06 -1.01184e-05 -1.46015e-15)
(4.44011e-06 -5.76608e-06 -1.20048e-15)
(4.05731e-06 -5.5355e-06 -1.56986e-15)
(4.19558e-06 -6.20777e-06 1.1632e-15)
(3.82991e-06 -6.62887e-06 3.1929e-17)
(3.58236e-06 -7.19027e-06 -1.17914e-15)
(3.21474e-06 -7.62985e-06 -9.04012e-17)
(2.84798e-06 -8.09581e-06 1.54994e-15)
(2.48899e-06 -8.52385e-06 4.02824e-16)
(1.90578e-06 -8.96418e-06 6.88787e-16)
(3.7509e-06 -5.16906e-06 1.74054e-16)
(3.38055e-06 -5.02444e-06 1.2435e-15)
(3.62314e-06 -5.53384e-06 1.08409e-16)
(3.23416e-06 -5.90076e-06 -5.72807e-16)
(3.02877e-06 -6.37455e-06 2.67025e-17)
(2.73635e-06 -6.75744e-06 -5.49368e-16)
(2.45698e-06 -7.13185e-06 -4.93538e-18)
(2.01881e-06 -7.51987e-06 1.56826e-15)
(1.51899e-06 -7.90319e-06 9.73607e-17)
(3.24571e-06 -4.65294e-06 -4.84026e-15)
(2.87751e-06 -4.47497e-06 -2.60866e-16)
(2.96447e-06 -4.93e-06 7.0887e-16)
(2.72798e-06 -5.22328e-06 -5.62658e-16)
(2.57174e-06 -5.63926e-06 9.24935e-17)
(2.32696e-06 -5.96608e-06 3.78803e-16)
(1.99599e-06 -6.33934e-06 4.14603e-16)
(1.61359e-06 -6.69626e-06 -4.30295e-16)
(1.14923e-06 -6.99653e-06 3.40103e-16)
(2.70848e-06 -4.16051e-06 -4.01468e-15)
(2.3782e-06 -4.01599e-06 -2.53857e-16)
(2.55534e-06 -4.37469e-06 6.34675e-16)
(2.27425e-06 -4.63127e-06 -3.95465e-16)
(2.14236e-06 -4.99708e-06 -2.46006e-16)
(1.88663e-06 -5.32077e-06 -4.357e-16)
(1.60123e-06 -5.65083e-06 -8.31885e-16)
(1.24826e-06 -5.94077e-06 5.8375e-16)
(8.61428e-07 -6.21315e-06 9.08703e-16)
(2.33169e-06 -3.75044e-06 4.08955e-15)
(1.99871e-06 -3.55882e-06 9.21582e-16)
(2.05863e-06 -3.9019e-06 -5.30506e-16)
(1.87733e-06 -4.09918e-06 7.00833e-16)
(1.72664e-06 -4.42679e-06 -2.02885e-16)
(1.51259e-06 -4.68977e-06 8.98767e-17)
(1.26048e-06 -4.97272e-06 -6.46051e-17)
(9.46677e-07 -5.21417e-06 -7.9145e-16)
(1.9373e-06 -3.41121e-06 6.5559e-17)
(1.63702e-06 -3.25603e-06 3.1092e-16)
(1.75411e-06 -3.48275e-06 1.37938e-15)
(1.53296e-06 -3.64207e-06 -1.22702e-15)
(1.41597e-06 -3.89025e-06 2.64062e-16)
(1.20268e-06 -4.11398e-06 -3.14728e-16)
(9.79006e-07 -4.33133e-06 -6.95167e-16)
(7.41571e-07 -4.50652e-06 3.57974e-16)
(1.6781e-06 -3.21106e-06 4.1408e-16)
(1.40971e-06 -2.94868e-06 -2.50671e-16)
(1.45362e-06 -3.12551e-06 1.38078e-16)
(1.30249e-06 -3.22736e-06 -5.71307e-17)
(1.1487e-06 -3.42676e-06 5.41674e-16)
(9.6414e-07 -3.57695e-06 5.37279e-16)
(8.13769e-07 -3.72235e-06 -2.44238e-16)
(5.85447e-07 -3.86097e-06 -2.00333e-16)
(1.34688e-06 -2.75752e-06 -2.56106e-15)
(1.19994e-06 -2.70063e-06 -9.47624e-16)
(1.15321e-06 -2.90256e-06 -2.91006e-16)
(9.85713e-07 -2.98131e-06 7.4775e-17)
(8.58829e-07 -3.08491e-06 3.33904e-16)
(6.76657e-07 -3.20195e-06 6.82233e-16)
(4.87208e-07 -3.29874e-06 -6.22451e-16)
(1.20328e-06 -2.45721e-06 -1.00238e-15)
(1.09077e-06 -2.35746e-06 -7.64331e-16)
(1.11057e-06 -2.55262e-06 3.34823e-16)
(8.89527e-07 -2.61117e-06 4.25115e-16)
(7.396e-07 -2.71119e-06 -3.12277e-16)
(5.92854e-07 -2.79813e-06 -6.44352e-16)
(3.94663e-07 -2.8742e-06 1.26329e-16)
(1.11155e-06 -2.13234e-06 -1.18565e-15)
(9.85069e-07 -2.06515e-06 -2.36476e-16)
(9.18063e-07 -2.26412e-06 1.91831e-16)
(7.75579e-07 -2.32875e-06 1.57539e-16)
(6.70532e-07 -2.41442e-06 3.48483e-17)
(5.14485e-07 -2.49411e-06 -1.23686e-15)
(3.31322e-07 -2.57134e-06 9.33609e-16)
(9.83023e-07 -1.92771e-06 -8.36297e-17)
(8.4524e-07 -1.86944e-06 9.18535e-16)
(8.4531e-07 -2.05724e-06 -2.54861e-16)
(6.91214e-07 -2.10704e-06 -2.01119e-16)
(5.80485e-07 -2.2023e-06 1.93696e-17)
(4.35041e-07 -2.29318e-06 -1.42691e-16)
(2.52613e-07 -2.3642e-06 -3.59654e-16)
(9.03022e-07 -1.78286e-06 -1.71824e-15)
(7.61677e-07 -1.72515e-06 3.72796e-17)
(7.08368e-07 -1.88516e-06 2.18953e-17)
(6.02602e-07 -1.94407e-06 -3.90014e-17)
(4.82835e-07 -2.02855e-06 -3.75565e-16)
(3.63131e-07 -2.11017e-06 1.37898e-16)
(7.8814e-07 -1.63656e-06 -1.27442e-16)
(6.62342e-07 -1.59895e-06 -3.8935e-17)
(6.41919e-07 -1.71718e-06 -6.22959e-17)
(5.23973e-07 -1.77634e-06 2.06474e-16)
(4.06562e-07 -1.84093e-06 -2.09109e-16)
(2.94327e-07 -1.90456e-06 -8.30256e-16)
(7.12793e-07 -1.49655e-06 7.18856e-16)
(5.97968e-07 -1.45463e-06 1.43162e-16)
(5.38618e-07 -1.5553e-06 -3.00036e-16)
(4.62097e-07 -1.60334e-06 4.79526e-17)
(3.40237e-07 -1.64786e-06 2.77467e-16)
(2.63546e-07 -1.68957e-06 6.709e-17)
(6.06779e-07 -1.36485e-06 1.01582e-15)
(5.27293e-07 -1.32652e-06 4.95845e-16)
(5.07645e-07 -1.39896e-06 -1.69147e-16)
(4.20947e-07 -1.43991e-06 -9.51183e-17)
(3.09625e-07 -1.46457e-06 -3.65022e-16)
(2.43505e-07 -1.48986e-06 -3.49558e-17)
(5.79417e-07 -1.23588e-06 3.20213e-16)
(5.00832e-07 -1.20003e-06 -3.63637e-16)
(4.4433e-07 -1.23932e-06 2.17397e-16)
(4.01673e-07 -1.28571e-06 1.14621e-16)
(2.86274e-07 -1.30168e-06 2.50819e-16)
(2.49927e-07 -1.3162e-06 3.43432e-16)
(5.0815e-07 -1.08377e-06 -7.48057e-16)
(4.8811e-07 -1.0597e-06 9.76803e-17)
(4.56281e-07 -1.10907e-06 2.34345e-16)
(3.65922e-07 -1.1386e-06 -1.81644e-16)
(2.81669e-07 -1.14454e-06 -2.46727e-16)
(2.47682e-07 -1.15913e-06 7.85735e-17)
(4.1817e-07 -8.89214e-07 4.38346e-20)
(4.06655e-07 -9.80075e-07 4.38114e-17)
(3.94251e-07 -1.01479e-06 6.8332e-17)
(2.67371e-07 -1.02721e-06 2.1516e-16)
(2.53113e-07 -1.04356e-06 3.57403e-17)
(4.44159e-07 -8.61764e-07 1.23597e-16)
(3.92878e-07 -9.02528e-07 2.31984e-16)
(3.23438e-07 -9.74797e-07 5.81953e-17)
(2.40558e-07 -9.97432e-07 -9.2694e-17)
(2.31391e-07 -1.02153e-06 -1.22926e-16)
(3.37213e-07 -8.25171e-07 -1.23405e-16)
(2.94827e-07 -9.06827e-07 1.02216e-16)
(2.73936e-07 -9.85856e-07 2.92037e-17)
(1.74306e-07 -1.01654e-06 1.05977e-16)
(2.01968e-07 -1.04379e-06 1.81949e-16)
(2.46107e-07 -8.2496e-07 1.2698e-16)
(1.92073e-07 -9.00172e-07 -1.22771e-16)
(1.56245e-07 -9.89227e-07 7.12157e-17)
(1.13109e-07 -1.01994e-06 8.20467e-17)
(1.09047e-07 -8.19927e-07 -6.72026e-17)
(7.20179e-08 -9.0115e-07 1.07475e-16)
(7.424e-08 -9.67133e-07 -1.07035e-16)
(2.54371e-08 -9.92346e-07 1.3194e-16)
(2.73738e-08 -7.31905e-07 -2.60341e-16)
(-8.18926e-09 -7.83155e-07 8.68168e-17)
(-3.78562e-09 -8.24357e-07 -4.4656e-17)
(-3.09854e-08 -8.60171e-07 2.38441e-16)
)
;

boundaryField
{
    inlet
    {
        type            calculated;
        value           nonuniform List<vector> 4((0.00253982 0.347057 -2.71246e-16) (-0.00237981 0.360352 8.85034e-17) (0.00685964 0.379773 -7.66488e-17) (0.0169082 0.408954 1.74608e-16));
    }
    outlet
    {
        type            calculated;
        value           nonuniform List<vector> 0();
    }
    walls
    {
        type            calculated;
        value           nonuniform List<vector> 
42
(
(296.373 -6.48731 -7.04814e-15)
(360.792 -29.2533 2.45387e-14)
(409.797 -76.301 -4.36932e-14)
(448.518 -125.628 1.70819e-14)
(467.206 -171.842 1.11665e-13)
(470.796 -223.401 -1.81496e-13)
(457.223 -265.062 1.08538e-13)
(426.217 -293.26 -9.9804e-14)
(386.53 -312.201 -2.93325e-13)
(340.141 -316.937 3.45481e-13)
(291.194 -310.465 1.53699e-13)
(243.879 -295.883 -2.2236e-13)
(200.731 -276.183 -3.2094e-13)
(162.822 -254.009 -3.8243e-14)
(130.294 -231.02 -1.38933e-13)
(102.441 -207.161 -3.11342e-13)
(78.83 -183.391 -1.51935e-13)
(58.4475 -157.801 8.12095e-13)
(41.3416 -131.624 4.37692e-13)
(27.2059 -103.957 -5.98998e-13)
(16.3166 -76.9303 1.01876e-13)
(8.78099 -52.6627 1.53269e-13)
(4.43668 -35.4436 -6.5617e-14)
(2.03776 -22.9669 -1.51894e-13)
(0.771345 -13.4208 3.58065e-14)
(0.236494 -7.87889 -2.31894e-15)
(0.0267162 -4.52838 4.15594e-14)
(-0.0469547 -3.01727 -1.64937e-14)
(-0.096715 -2.46769 4.39002e-14)
(-0.139536 -2.23696 1.54417e-13)
(-0.180106 -2.15157 3.0367e-14)
(-0.21341 -2.0435 -1.28654e-13)
(-0.226089 -1.83694 -7.64847e-15)
(-0.219646 -1.56976 -2.14896e-13)
(-0.198266 -1.27318 -2.82448e-13)
(247.355 19.2739 -1.00344e-14)
(176.368 23.7574 2.74718e-14)
(118.933 28.6555 -2.14422e-15)
(60.4471 21.1622 3.7891e-14)
(16.1402 7.54723 -3.27305e-14)
(-9.85969 -5.98697 -9.33781e-14)
(-19.1167 -14.8104 -1.06254e-13)
)
;
    }
    frontAndBack
    {
        type            empty;
    }
    procBoundary5to0
    {
        type            processor;
        value           nonuniform List<vector> 4((-1.42808e-05 7.73499e-05 -2.94633e-15) (-2.02154e-05 7.17186e-05 -2.40514e-14) (-2.80636e-05 6.77752e-05 1.50619e-14) (-3.48074e-05 6.05138e-05 4.42746e-14));
    }
    procBoundary5to1
    {
        type            processor;
        value           nonuniform List<vector> 
13
(
(8.26619e-05 -0.000149567 2.99401e-14)
(-5.17941e-05 -6.87669e-05 1.11416e-13)
(-5.17941e-05 -6.87669e-05 1.11416e-13)
(-6.14057e-05 -3.44763e-05 1.35491e-14)
(-8.15092e-05 4.39141e-06 7.34766e-14)
(-8.15092e-05 4.39141e-06 7.34766e-14)
(-7.39344e-05 1.68416e-05 -6.87529e-14)
(-6.82767e-05 4.22549e-05 4.68177e-15)
(-6.82767e-05 4.22549e-05 4.68177e-15)
(-5.93988e-05 4.04131e-05 7.38141e-15)
(-5.35297e-05 4.13896e-05 3.14461e-15)
(-4.26717e-05 5.21985e-05 9.71643e-14)
(-4.26717e-05 5.21985e-05 9.71643e-14)
)
;
    }
    procBoundary5to4
    {
        type            processor;
        value           nonuniform List<vector> 
95
(
(-8.61311e-06 8.78072e-05 1.78891e-16)
(-2.6958e-06 0.000103154 -1.65407e-15)
(8.00313e-06 0.000115462 -1.52309e-15)
(8.00313e-06 0.000115462 -1.52309e-15)
(2.05495e-05 0.000105416 5.51851e-15)
(3.38741e-05 0.000105957 6.9198e-15)
(3.38741e-05 0.000105957 6.9198e-15)
(4.54742e-05 9.64946e-05 -5.33412e-16)
(5.53616e-05 9.21018e-05 4.5636e-14)
(5.53616e-05 9.21018e-05 4.5636e-14)
(6.09023e-05 7.88445e-05 -6.63956e-15)
(6.09023e-05 7.88445e-05 -6.63956e-15)
(6.2095e-05 6.42009e-05 8.43933e-14)
(6.2095e-05 6.42009e-05 8.43933e-14)
(6.06892e-05 5.97608e-05 -4.44596e-15)
(6.03539e-05 5.08027e-05 -7.44453e-15)
(6.03539e-05 5.08027e-05 -7.44453e-15)
(6.02121e-05 4.35945e-05 -3.35546e-14)
(6.02121e-05 4.35945e-05 -3.35546e-14)
(5.8456e-05 4.08947e-05 -1.34927e-14)
(5.83227e-05 3.36398e-05 -1.17275e-14)
(5.83227e-05 3.36398e-05 -1.17275e-14)
(5.64222e-05 3.05999e-05 3.94095e-14)
(5.56077e-05 2.19452e-05 6.0688e-14)
(5.56077e-05 2.19452e-05 6.0688e-14)
(5.38192e-05 1.89669e-05 2.25213e-14)
(5.24726e-05 1.2056e-05 6.75328e-16)
(5.24726e-05 1.2056e-05 6.75328e-16)
(4.99859e-05 9.87016e-06 -5.7126e-14)
(4.78963e-05 9.17268e-06 1.02876e-13)
(4.71763e-05 8.67413e-06 -4.60958e-14)
(4.71763e-05 8.67413e-06 -4.60958e-14)
(4.52181e-05 9.85529e-06 3.76281e-14)
(4.38949e-05 1.06755e-05 -1.08495e-14)
(4.45824e-05 9.53614e-06 -6.82011e-15)
(4.45824e-05 9.53614e-06 -6.82011e-15)
(4.24872e-05 8.31529e-06 7.62365e-15)
(4.06126e-05 7.44893e-06 -1.04199e-14)
(3.95936e-05 4.73563e-06 3.35283e-14)
(3.95936e-05 4.73563e-06 3.35283e-14)
(3.77545e-05 4.57723e-06 -4.10313e-14)
(3.60372e-05 4.16338e-06 3.98077e-14)
(3.51373e-05 1.40943e-06 -1.92687e-14)
(3.51373e-05 1.40943e-06 -1.92687e-14)
(3.33616e-05 1.1095e-06 3.00626e-14)
(3.1295e-05 4.68871e-07 -3.19504e-15)
(2.91899e-05 -1.49713e-08 -3.4138e-14)
(2.7175e-05 -1.32193e-07 -1.85735e-15)
(2.58996e-05 -2.13348e-06 1.40835e-14)
(2.58996e-05 -2.13348e-06 1.40835e-14)
(2.43355e-05 -1.42973e-06 1.08722e-14)
(2.27672e-05 -1.32636e-06 -3.71889e-15)
(2.16086e-05 -1.45914e-06 1.88874e-15)
(2.04966e-05 -2.10438e-06 1.19316e-14)
(1.9653e-05 -4.51494e-06 4.51693e-15)
(1.9653e-05 -4.51494e-06 4.51693e-15)
(1.85092e-05 -5.05722e-06 -3.56274e-15)
(1.70023e-05 -5.69756e-06 1.13514e-14)
(1.56255e-05 -6.2084e-06 9.07942e-15)
(1.41458e-05 -6.42555e-06 5.10548e-15)
(1.2864e-05 -7.88863e-06 -6.95446e-15)
(1.2864e-05 -7.88863e-06 -6.95446e-15)
(1.1588e-05 -7.66344e-06 -6.67306e-15)
(1.01558e-05 -7.4887e-06 -8.84047e-16)
(8.9732e-06 -7.18396e-06 -3.93551e-15)
(7.78516e-06 -6.85774e-06 4.20753e-15)
(6.81462e-06 -6.31746e-06 -7.67216e-15)
(5.89798e-06 -5.74302e-06 -8.30269e-16)
(5.14856e-06 -5.8137e-06 -2.43183e-16)
(5.14856e-06 -5.8137e-06 -2.43183e-16)
(4.48455e-06 -5.22537e-06 -1.49419e-15)
(3.82478e-06 -4.71253e-06 -3.56561e-16)
(3.32156e-06 -4.22555e-06 4.90886e-15)
(2.82197e-06 -3.81925e-06 -1.09513e-15)
(2.45251e-06 -3.4151e-06 -1.86267e-15)
(2.07476e-06 -3.1581e-06 4.6329e-15)
(1.78772e-06 -2.96406e-06 -8.75028e-16)
(1.48973e-06 -2.96875e-06 -8.54853e-16)
(1.48973e-06 -2.96875e-06 -8.54853e-16)
(1.34079e-06 -2.62142e-06 -1.33378e-15)
(1.22284e-06 -2.29593e-06 -1.08888e-15)
(1.12413e-06 -2.07087e-06 2.46553e-16)
(1.00745e-06 -1.86735e-06 -1.15703e-15)
(8.8591e-07 -1.69604e-06 2.34849e-15)
(7.63934e-07 -1.52789e-06 -3.82375e-16)
(6.55691e-07 -1.41172e-06 3.58234e-16)
(5.68179e-07 -1.28879e-06 -6.06761e-16)
(5.19853e-07 -1.14123e-06 -7.39059e-16)
(5.09495e-07 -9.47339e-07 2.51786e-16)
(5.09495e-07 -9.47339e-07 2.51786e-16)
(4.69056e-07 -8.52295e-07 8.58985e-16)
(3.90748e-07 -8.02919e-07 2.00725e-16)
(2.74703e-07 -7.84377e-07 -3.75754e-16)
(1.53956e-07 -7.9923e-07 1.70007e-17)
(5.65551e-08 -7.04033e-07 -1.54573e-16)
)
;
    }
    procBoundary5to6
    {
        type            processor;
        value           nonuniform List<vector> 
86
(
(0.000164478 -0.0012956 1.15487e-13)
(0.000133791 -0.000374193 -3.94933e-14)
(9.75803e-05 -0.000244997 -3.61586e-14)
(-0.000349221 -0.000142175 -1.16591e-13)
(-0.000184731 1.26645e-05 1.18022e-13)
(-0.00115046 0.000732257 7.33146e-14)
(-0.0227259 0.00764274 -1.02635e-13)
(0.0157308 -0.00217812 7.0785e-14)
(0.0103218 -0.00540755 -8.29269e-14)
(-0.000622985 0.000873504 3.04939e-14)
(0.000298884 -5.40226e-05 -2.02383e-14)
(0.000136893 5.90905e-05 5.9767e-14)
(0.000193916 1.59562e-06 -5.60506e-14)
(0.000225813 -1.27585e-05 4.06966e-14)
(0.000244606 -2.68033e-05 3.92897e-15)
(0.000248402 -3.82668e-05 -6.65056e-14)
(0.000242663 -5.37573e-05 1.1982e-14)
(0.000233947 -7.02378e-05 1.63905e-14)
(0.000221409 -8.69646e-05 9.12084e-15)
(0.000209285 -0.000103116 -7.0473e-15)
(0.000194104 -0.000118402 -1.26018e-14)
(0.000180022 -0.000132171 -1.594e-14)
(0.000163564 -0.000143775 3.96809e-14)
(0.000148868 -0.00015332 -9.38172e-15)
(0.000132561 -0.000160157 -1.58337e-14)
(0.000118267 -0.000164743 1.09337e-14)
(0.000103071 -0.000166399 -8.56719e-15)
(9.00025e-05 -0.000165525 -3.3592e-15)
(7.6795e-05 -0.000160727 8.39456e-15)
(6.42077e-05 -0.000156606 1.56373e-15)
(5.27804e-05 -0.000149293 -1.22336e-14)
(4.13826e-05 -0.000144258 2.87514e-15)
(3.27119e-05 -0.000135384 2.95521e-15)
(4.18522e-05 -0.000110075 -1.97093e-14)
(4.18522e-05 -0.000110075 -1.97093e-14)
(3.3506e-05 -0.000105147 5.05853e-16)
(2.83372e-05 -9.85783e-05 1.21917e-14)
(2.22554e-05 -9.09085e-05 -2.57697e-15)
(1.85206e-05 -8.40451e-05 -6.76939e-15)
(1.38437e-05 -7.71576e-05 5.88222e-15)
(1.14786e-05 -7.06489e-05 4.73054e-15)
(8.22636e-06 -6.38506e-05 -2.57345e-15)
(6.57435e-06 -5.77367e-05 -2.10049e-15)
(4.25561e-06 -5.17181e-05 -5.32612e-15)
(2.80128e-06 -4.74404e-05 1.45759e-14)
(1.18652e-06 -4.27487e-05 3.09144e-15)
(5.68692e-06 -3.71589e-05 -3.7828e-15)
(5.68692e-06 -3.71589e-05 -3.7828e-15)
(4.00298e-06 -3.38321e-05 -5.49391e-15)
(3.10927e-06 -3.05315e-05 -4.31235e-15)
(2.24569e-06 -2.71336e-05 3.83194e-15)
(1.79435e-06 -2.41417e-05 -3.4909e-15)
(1.31521e-06 -2.13887e-05 -1.36023e-15)
(1.00389e-06 -1.92238e-05 2.53361e-15)
(9.47414e-07 -1.71919e-05 5.40597e-15)
(9.85441e-07 -1.51411e-05 -1.00203e-15)
(2.38663e-06 -1.3257e-05 5.26493e-16)
(2.38663e-06 -1.3257e-05 5.26493e-16)
(2.04314e-06 -1.17375e-05 -1.97562e-15)
(1.54749e-06 -1.0588e-05 5.98231e-17)
(1.27272e-06 -9.33339e-06 3.1792e-15)
(9.15967e-07 -8.18494e-06 1.0415e-15)
(6.88939e-07 -7.25761e-06 -1.36049e-16)
(4.70002e-07 -6.37948e-06 -2.19071e-15)
(6.22996e-07 -5.39337e-06 -9.41999e-16)
(6.22996e-07 -5.39337e-06 -9.41999e-16)
(4.64475e-07 -4.63989e-06 5.58464e-16)
(3.65309e-07 -3.95481e-06 1.22318e-15)
(2.4245e-07 -3.36793e-06 -2.14928e-16)
(1.87374e-07 -2.92516e-06 -9.8733e-16)
(9.0397e-08 -2.60646e-06 1.04476e-15)
(2.00271e-08 -2.40763e-06 -1.03059e-15)
(1.9221e-07 -2.17648e-06 5.5651e-16)
(1.9221e-07 -2.17648e-06 5.5651e-16)
(1.64458e-07 -1.95461e-06 1.33324e-16)
(1.5418e-07 -1.72657e-06 -2.57371e-16)
(1.64052e-07 -1.51566e-06 8.98981e-16)
(1.76405e-07 -1.33688e-06 -4.90283e-17)
(2.00236e-07 -1.1791e-06 2.36382e-16)
(1.92345e-07 -1.06209e-06 -5.18644e-16)
(1.98591e-07 -1.04733e-06 2.78209e-16)
(1.81097e-07 -1.08114e-06 -1.21445e-15)
(1.37686e-07 -1.01866e-06 -1.68428e-16)
(1.37686e-07 -1.01866e-06 -1.68428e-16)
(8.67752e-08 -9.83711e-07 2.82648e-16)
(4.84599e-08 -8.23314e-07 1.4332e-17)
)
;
    }
}


// ************************************************************************* //
