/*--------------------------------*- C++ -*----------------------------------*\
| =========                 |                                                 |
| \\      /  F ield         | OpenFOAM: The Open Source CFD Toolbox           |
|  \\    /   O peration     | Version:  2306                                  |
|   \\  /    A nd           | Website:  www.openfoam.com                      |
|    \\/     M anipulation  |                                                 |
\*---------------------------------------------------------------------------*/
FoamFile
{
    version     2.0;
    format      ascii;
    arch        "LSB;label=32;scalar=64";
    class       volVectorField;
    location    "375";
    object      U;
}
// * * * * * * * * * * * * * * * * * * * * * * * * * * * * * * * * * * * * * //

dimensions      [0 1 -1 0 0 0 0];

internalField   nonuniform List<vector> 
1340
(
(23.0077 2.62725 2.30679e-16)
(22.3174 2.92665 8.27123e-16)
(21.3672 3.13422 2.18453e-15)
(18.7647 3.31188 2.34018e-15)
(24.6044 3.18328 -1.08859e-16)
(24.0358 3.42891 -6.36358e-16)
(23.473 3.64811 -2.27495e-15)
(21.4975 3.7166 -2.42324e-15)
(25.2954 3.03919 1.03715e-16)
(24.7698 3.37351 -9.25116e-16)
(24.1692 3.6261 4.34719e-15)
(22.3696 3.72741 1.07065e-14)
(25.5775 3.25125 -5.65991e-16)
(25.1462 3.52021 2.55095e-15)
(24.6142 3.69601 -1.98928e-15)
(22.9849 3.75934 -2.1055e-15)
(25.5242 3.00273 -1.74905e-16)
(25.1356 3.32901 -8.60432e-16)
(24.6771 3.54902 2.85183e-15)
(23.3014 3.66106 -3.12202e-15)
(25.4952 3.16966 6.63891e-16)
(25.1127 3.44509 -2.52929e-15)
(24.6512 3.59202 -3.30229e-15)
(23.4322 3.62886 1.0939e-15)
(25.4658 3.01 -6.03743e-16)
(25.0932 3.29801 1.83113e-15)
(24.6336 3.46062 1.91085e-16)
(23.507 3.50385 5.68756e-15)
(25.4315 3.05764 6.69001e-16)
(25.0689 3.32356 -6.18597e-16)
(24.6199 3.44653 2.69391e-16)
(23.5732 3.43478 -3.06727e-16)
(25.4024 2.99154 -2.03475e-17)
(25.0508 3.25235 3.23052e-16)
(24.614 3.37065 3.29522e-16)
(23.6447 3.34528 -4.17608e-16)
(25.37 2.98012 2.61479e-16)
(25.0303 3.22632 2.11286e-15)
(24.6075 3.32285 -2.56791e-15)
(23.7158 3.26761 2.0038e-15)
(25.339 2.9429 2.71229e-17)
(25.012 3.17916 -2.46667e-15)
(24.6034 3.26445 4.19387e-15)
(23.7857 3.1913 2.17688e-15)
(25.307 2.91656 -5.99589e-16)
(24.9936 3.14018 1.60287e-15)
(24.6007 3.21114 -2.35904e-15)
(23.854 3.11934 -4.08615e-15)
(25.2753 2.88509 7.52149e-16)
(24.9762 3.09712 -2.32334e-15)
(24.5999 3.15698 -2.10086e-16)
(23.9203 3.05082 -5.5744e-15)
(25.2434 2.85556 -5.71806e-16)
(24.9592 3.05542 1.58581e-15)
(24.6006 3.10462 4.17894e-16)
(23.9846 2.9862 3.55231e-15)
(25.2116 2.82523 1.41832e-16)
(24.943 3.01316 6.8653e-16)
(24.6028 3.05323 1.76124e-15)
(24.0466 2.92554 -1.78957e-15)
(25.1799 2.79544 8.34266e-17)
(24.9273 2.97139 -1.0596e-15)
(24.6064 3.00334 -2.50303e-15)
(24.1063 2.86876 -1.56108e-15)
(25.1485 2.76591 -1.98535e-17)
(24.9124 2.93006 5.54442e-16)
(24.6113 2.95502 -8.80883e-16)
(24.1635 2.81603 4.30015e-15)
(25.1174 2.73701 3.64268e-16)
(24.8981 2.88952 -1.70849e-15)
(24.6173 2.90843 1.51725e-15)
(24.2183 2.76718 -3.23339e-15)
(25.0868 2.70887 -1.07339e-15)
(24.8845 2.85 4.58471e-16)
(24.6244 2.86375 1.14391e-15)
(24.2705 2.72232 5.15561e-15)
(25.0567 2.68174 5.70512e-16)
(24.8716 2.81173 1.34447e-15)
(24.6324 2.82115 -1.18244e-15)
(24.3201 2.68137 -3.16019e-15)
(25.0274 2.65582 -1.69662e-16)
(24.8594 2.77501 -1.0991e-15)
(24.6411 2.78075 -5.83451e-16)
(24.3672 2.64419 6.49108e-16)
(24.9989 2.63134 5.03028e-17)
(24.8479 2.74005 1.82129e-16)
(24.6505 2.74275 7.79915e-16)
(24.4117 2.61078 -9.91728e-18)
(24.9714 2.60852 3.66033e-16)
(24.8373 2.70712 3.76005e-17)
(24.6604 2.70725 9.79898e-16)
(24.4537 2.58095 -8.32909e-16)
(24.9451 2.58756 -2.99181e-16)
(24.8274 2.67642 -3.32147e-16)
(24.6706 2.67441 -2.02863e-15)
(24.4933 2.55466 5.17405e-16)
(24.92 2.56868 2.32148e-16)
(24.8183 2.64817 7.10642e-16)
(24.6812 2.64435 8.02677e-16)
(24.5306 2.53174 4.58712e-16)
(24.8963 2.55205 -5.96826e-16)
(24.8101 2.62257 -4.34067e-18)
(24.6919 2.61719 1.3675e-15)
(24.5656 2.51209 6.96477e-16)
(24.8741 2.53787 5.41462e-16)
(24.8028 2.59978 4.47576e-16)
(24.7026 2.59302 -1.09287e-15)
(24.5984 2.49557 -1.77084e-15)
(24.8537 2.52625 1.7e-17)
(24.7964 2.57994 -1.48627e-16)
(24.7135 2.57191 7.87018e-16)
(24.6291 2.48208 1.15164e-15)
(24.835 2.51733 -3.33308e-17)
(24.7911 2.56318 -4.81076e-16)
(24.7243 2.55395 -1.15733e-15)
(24.6579 2.4715 -1.41226e-15)
(24.8183 2.5112 -1.44269e-16)
(24.7868 2.54956 -3.19313e-16)
(24.735 2.53916 5.69735e-16)
(24.6849 2.46373 -9.2786e-17)
(24.8037 2.50792 -1.3306e-16)
(24.7836 2.53915 -8.01542e-17)
(24.7458 2.52756 6.44687e-17)
(24.7102 2.45867 1.37238e-15)
(24.7913 2.5075 -1.71092e-16)
(24.7816 2.53197 4.63621e-16)
(24.7565 2.51913 1.98437e-16)
(24.7339 2.45623 1.30264e-15)
(24.7811 2.50993 -5.67024e-17)
(24.7808 2.52799 -1.58775e-16)
(24.7673 2.51387 -4.90426e-16)
(24.7562 2.45633 -1.19531e-15)
(24.7733 2.51514 3.39608e-16)
(24.7814 2.52716 2.02121e-16)
(24.7782 2.51169 -2.67135e-18)
(24.7772 2.45887 -8.23104e-16)
(24.7679 2.52307 -7.65818e-17)
(24.7833 2.52941 -7.15161e-16)
(24.7893 2.51252 5.89669e-16)
(24.7972 2.46377 3.98632e-16)
(24.7651 2.53357 1.22656e-16)
(24.7868 2.53462 4.59142e-16)
(24.8007 2.51625 -7.37041e-16)
(24.8162 2.47094 -7.31118e-16)
(24.7647 2.5465 -1.20285e-16)
(24.7917 2.54263 -2.184e-16)
(24.8124 2.52275 3.68675e-16)
(24.8345 2.48028 2.45187e-16)
(24.7669 2.56167 2.05897e-16)
(24.7982 2.55328 4.86673e-17)
(24.8247 2.53186 -4.43894e-16)
(24.8522 2.49169 1.03432e-15)
(24.7298 2.58575 -1.27672e-16)
(24.7716 2.57888 5.47167e-17)
(24.8063 2.56637 -2.45223e-16)
(24.8374 2.54342 7.91258e-16)
(24.8695 2.50506 -1.69558e-16)
(24.7362 2.60983 3.59679e-16)
(24.7788 2.59791 -6.02494e-16)
(24.8161 2.58168 9.64565e-16)
(24.8509 2.55723 3.81282e-17)
(24.8866 2.52026 4.27958e-17)
(24.7456 2.63485 -1.06527e-16)
(24.7885 2.61851 1.20033e-16)
(24.8274 2.59897 -5.52812e-16)
(24.8651 2.57309 -8.89565e-16)
(24.9035 2.53715 -2.32384e-17)
(24.7578 2.66057 -1.40522e-16)
(24.8004 2.64044 3.65075e-16)
(24.8404 2.61801 -1.01463e-16)
(24.8801 2.59078 3.34957e-16)
(24.9205 2.55558 -5.36372e-16)
(24.7727 2.68678 2.41832e-16)
(24.8146 2.66346 2.92491e-16)
(24.8551 2.63854 2.86989e-16)
(24.896 2.61007 9.69536e-17)
(24.9378 2.57541 5.27138e-16)
(24.7901 2.71326 3.34048e-17)
(24.8309 2.68732 -9.77031e-17)
(24.8713 2.66031 -3.35499e-16)
(24.9128 2.63075 4.06577e-16)
(24.9553 2.59645 2.44199e-16)
(24.8098 2.73982 -2.47978e-17)
(24.8492 2.71178 -3.56421e-16)
(24.889 2.68307 2.35467e-16)
(24.9306 2.65258 -3.03912e-16)
(24.9732 2.61855 -1.03666e-16)
(24.8315 2.76627 7.9734e-17)
(24.8694 2.73662 7.528e-17)
(24.9082 2.70657 -1.44942e-16)
(24.9493 2.67534 -3.24115e-16)
(24.9916 2.64151 -5.63486e-16)
(24.8551 2.79244 -6.19787e-17)
(24.8912 2.76163 3.3932e-16)
(24.9287 2.7306 -2.87091e-17)
(24.969 2.6988 3.76859e-16)
(25.0106 2.66518 3.4825e-16)
(24.8804 2.81819 1.05128e-16)
(24.9145 2.78663 -2.71786e-16)
(24.9506 2.75494 -3.32663e-17)
(24.9897 2.72276 1.31485e-16)
(25.0301 2.68936 -5.45526e-16)
(24.9071 2.84339 2.01475e-16)
(24.9392 2.81143 -3.39942e-16)
(24.9736 2.77938 1.06742e-16)
(25.0112 2.74702 3.83705e-16)
(25.0504 2.7139 5.75756e-17)
(24.935 2.86793 -1.1417e-16)
(24.9651 2.83589 2.05028e-17)
(24.9977 2.80375 -1.99538e-16)
(25.0337 2.77139 1.35168e-16)
(25.0712 2.73863 -1.34348e-16)
(24.9639 2.89173 1.14719e-16)
(24.9921 2.85987 1.75487e-16)
(25.0227 2.82788 -1.14842e-17)
(25.057 2.7957 -4.13845e-16)
(25.0928 2.76338 -1.95795e-16)
(24.9937 2.9147 -4.95877e-17)
(25.0198 2.88327 -3.11387e-16)
(25.0486 2.85164 4.37825e-16)
(25.081 2.8198 -3.3903e-16)
(25.1149 2.78801 8.81015e-17)
(25.0021 2.96768 2.06391e-17)
(25.0241 2.93681 -6.30075e-17)
(25.0483 2.90598 -5.80906e-17)
(25.0751 2.8749 1.85764e-16)
(25.1056 2.84356 4.49012e-16)
(25.1376 2.8124 -5.65728e-17)
(25.0347 2.98801 -6.32604e-17)
(25.0548 2.958 -3.11526e-16)
(25.0772 2.92794 4.7248e-16)
(25.1021 2.89756 -2.53553e-16)
(25.1307 2.86684 3.34809e-16)
(25.1607 2.8364 -1.24337e-16)
(25.0673 3.00728 1.60818e-16)
(25.0857 2.97823 7.19774e-17)
(25.1063 2.94907 -2.36328e-16)
(25.1294 2.91951 1.60223e-16)
(25.156 2.88954 -4.68459e-17)
(25.1842 2.85991 9.1027e-17)
(25.0997 3.02548 4.45285e-17)
(25.1165 2.99749 -5.11527e-17)
(25.1354 2.96932 5.50613e-17)
(25.1568 2.9407 -1.48767e-16)
(25.1815 2.91157 -1.07651e-16)
(25.2077 2.88283 -6.51266e-18)
(25.1316 3.04265 -1.64292e-16)
(25.1469 3.01578 2.02652e-16)
(25.1643 2.98867 8.62864e-17)
(25.184 2.96106 2.17475e-16)
(25.2069 2.93286 -6.01451e-17)
(25.2313 2.90506 1.16722e-16)
(25.1629 3.0588 7.71827e-17)
(25.1769 3.03308 2.0591e-16)
(25.1928 3.00709 -2.00199e-16)
(25.2109 2.98055 -1.81492e-16)
(25.2321 2.95334 8.05459e-17)
(25.2547 2.92655 -2.36373e-16)
(25.1936 3.07396 -3.37699e-17)
(25.2063 3.04943 -9.58117e-17)
(25.2208 3.02458 2.04951e-16)
(25.2374 2.99915 -3.17944e-16)
(25.257 2.97299 -6.37396e-17)
(25.2779 2.94725 3.03057e-16)
(25.2235 3.0882 -2.95109e-16)
(25.2351 3.06484 2.57494e-16)
(25.2483 3.04116 -5.95794e-17)
(25.2636 3.01687 5.9757e-17)
(25.2816 2.99179 2.8373e-17)
(25.3008 2.96713 -2.29179e-16)
(25.2527 3.10154 8.99176e-17)
(25.2632 3.07936 -2.64702e-16)
(25.2753 3.05684 1.83712e-16)
(25.2892 3.0337 6.16919e-17)
(25.3058 3.00972 -3.56158e-16)
(25.3235 2.98617 1.5256e-16)
(25.2726 3.1349 3.30931e-18)
(25.2809 3.11403 -5.79686e-17)
(25.2905 3.093 5.06543e-17)
(25.3015 3.07164 5.48187e-17)
(25.3142 3.04965 -1.43408e-16)
(25.3294 3.02679 -6.31515e-17)
(25.3457 3.00435 7.81159e-17)
(25.3005 3.14542 -2.60019e-16)
(25.3081 3.12567 1.03299e-16)
(25.3168 3.10578 8.81902e-17)
(25.3268 3.08556 -3.20857e-17)
(25.3384 3.06471 1.98752e-16)
(25.3524 3.04296 -2.14636e-16)
(25.3673 3.02165 -9.94534e-17)
(25.327 3.15514 -3.62641e-18)
(25.3339 3.13648 1.85968e-16)
(25.3417 3.1177 -1.55294e-16)
(25.3509 3.09859 -1.83917e-16)
(25.3615 3.07888 1.61459e-16)
(25.3742 3.05824 4.39242e-16)
(25.388 3.03805 -1.37979e-16)
(25.3518 3.16406 6.4614e-17)
(25.358 3.14647 -7.89663e-18)
(25.3652 3.12876 -1.28168e-17)
(25.3734 3.11074 -7.3425e-18)
(25.3831 3.09213 2.64505e-16)
(25.3948 3.0726 -6.02077e-17)
(25.4074 3.05352 -3.53006e-16)
(25.3748 3.17225 -1.23029e-16)
(25.3804 3.15567 1.56122e-16)
(25.3868 3.13901 3.90163e-17)
(25.3944 3.12205 -9.65106e-17)
(25.4032 3.10452 -1.2501e-16)
(25.4139 3.08608 5.00691e-17)
(25.4255 3.0681 3.31717e-17)
(25.396 3.17964 5.13937e-17)
(25.401 3.16405 -8.80184e-17)
(25.4068 3.14839 2.31769e-16)
(25.4136 3.13246 -1.97296e-16)
(25.4217 3.11598 2.8619e-16)
(25.4314 3.09861 -1.74345e-16)
(25.4421 3.08171 3.01457e-16)
(25.4124 3.18535 -1.3468e-16)
(25.417 3.17057 -4.88959e-18)
(25.4224 3.15575 -9.92958e-17)
(25.4287 3.14068 -6.38089e-18)
(25.4362 3.12511 -5.29885e-17)
(25.4453 3.10866 -8.81439e-17)
(25.4552 3.09274 9.98169e-17)
(25.4251 3.18982 -1.90799e-16)
(25.4294 3.17572 -2.79853e-17)
(25.4344 3.16161 1.19538e-16)
(25.4403 3.14728 -1.62884e-18)
(25.4474 3.13247 -1.14749e-16)
(25.456 3.11685 1.34775e-17)
(25.4655 3.10177 -1.6197e-16)
(25.4376 3.19417 3.01296e-17)
(25.4416 3.18078 8.37171e-17)
(25.4463 3.16739 -7.07449e-17)
(25.4518 3.15383 -1.02276e-16)
(25.4585 3.13983 -1.99825e-16)
(25.4666 3.12505 4.81727e-16)
(25.4755 3.11086 -2.77385e-16)
(25.4499 3.19837 7.58715e-17)
(25.4535 3.18568 -2.87942e-17)
(25.4579 3.17303 2.39214e-17)
(25.463 3.16023 -1.52176e-16)
(25.4692 3.14704 2.4987e-16)
(25.4768 3.13313 -2.7342e-16)
(25.4851 3.11984 3.19015e-16)
(25.4591 3.21448 1.0071e-16)
(25.4618 3.20237 4.99596e-17)
(25.4651 3.19042 -4.68829e-17)
(25.4691 3.17854 -4.3971e-17)
(25.4738 3.16654 -9.69776e-17)
(25.4796 3.1542 -1.03913e-16)
(25.4866 3.14119 3.03428e-16)
(25.4944 3.12879 -1.48496e-16)
(25.4708 3.21737 -4.92423e-17)
(25.4732 3.20593 8.4011e-17)
(25.4761 3.1947 -8.88085e-17)
(25.4797 3.18357 -8.00652e-17)
(25.484 3.17239 8.10938e-17)
(25.4893 3.16094 1.65125e-16)
(25.4958 3.14891 -3.55354e-17)
(25.5031 3.13765 7.06801e-17)
(25.4813 3.22027 1.57848e-16)
(25.4833 3.20953 -1.86973e-16)
(25.4858 3.19899 2.19097e-16)
(25.4889 3.18856 -1.79517e-16)
(25.4926 3.17808 -2.10026e-16)
(25.4972 3.16735 3.23615e-16)
(25.503 3.15604 -2.28344e-16)
(25.5094 3.14519 1.50353e-16)
(25.4888 3.22134 2.25757e-17)
(25.4903 3.2115 -1.62931e-16)
(25.4923 3.20197 1.07699e-16)
(25.4948 3.19266 -2.99998e-17)
(25.4979 3.18341 -1.23568e-16)
(25.5019 3.17408 3.55768e-16)
(25.5071 3.16446 -2.12302e-16)
(25.5136 3.15628 3.63362e-17)
(25.4899 3.2214 -8.08959e-17)
(25.4903 3.21136 -8.18866e-17)
(25.4913 3.20155 -1.31282e-16)
(25.4928 3.19193 2.3421e-16)
(25.4949 3.18235 4.0128e-17)
(25.4977 3.17255 -8.34273e-17)
(25.5008 3.1621 2.45052e-16)
(25.5038 3.151 -3.14482e-16)
(25.4875 3.22809 1.02737e-16)
(25.4874 3.22108 3.3389e-17)
(25.4876 3.21443 -1.52681e-16)
(25.4883 3.20802 -1.04705e-16)
(25.4895 3.20178 4.46195e-17)
(25.4917 3.19584 5.45186e-17)
(25.4963 3.19044 -1.35483e-16)
(25.5042 3.18887 1.26027e-17)
(25.474 3.18395 -1.37194e-16)
(25.4738 3.1728 1.0859e-16)
(25.4743 3.16216 9.6274e-17)
(25.4756 3.15197 -7.45047e-17)
(25.4772 3.14207 3.17985e-16)
(25.4784 3.1318 -4.425e-16)
(25.4767 3.12016 1.76978e-16)
(25.4713 3.10467 -2.71133e-16)
(25.5135 3.32263 1.55022e-16)
(25.514 3.32101 -1.21048e-16)
(25.5146 3.31944 1.02546e-17)
(25.5155 3.31797 6.46734e-17)
(25.5175 3.31681 -8.57852e-17)
(25.5222 3.31667 -1.50898e-16)
(25.5353 3.31901 1.71767e-16)
(25.556 3.32805 -4.08452e-17)
(25.561 2.95964 1.19463e-16)
(25.5662 2.94724 1.45706e-16)
(25.572 2.93546 -1.1667e-16)
(25.5782 2.92405 -3.10905e-16)
(25.5829 2.91252 4.16211e-16)
(25.5844 2.90072 -3.53772e-16)
(25.5743 2.88746 8.59122e-16)
(25.5555 2.8789 -5.40325e-16)
(18.5689 1.40548 7.99034e-19)
(21.2065 1.31017 1.57472e-17)
(22.1301 1.37845 7.78168e-19)
(22.637 1.47283 -3.53924e-19)
(22.9055 1.53883 1.38293e-18)
(23.0337 1.62214 9.55554e-19)
(23.1262 1.67917 -2.07517e-20)
(23.2179 1.75235 1.8908e-19)
(23.3127 1.81085 2.35502e-19)
(23.4069 1.86935 0)
(23.4993 1.92247 -2.11354e-17)
(23.5898 1.97127 3.29073e-19)
(23.6779 2.01593 -1.11789e-19)
(23.7635 2.0564 -1.14003e-19)
(23.8462 2.09294 6.75059e-20)
(23.9259 2.12561 2.87933e-17)
(24.0024 2.15481 4.73125e-17)
(24.0756 2.18054 -6.94689e-21)
(24.1453 2.2033 2.43931e-21)
(24.2115 2.2233 1.47256e-20)
(24.2741 2.24089 -5.07254e-20)
(24.3332 2.25643 9.5438e-21)
(24.3887 2.27021 1.01789e-19)
(24.4408 2.28263 5.42844e-20)
(24.4895 2.29397 2.98574e-19)
(24.535 2.30454 -4.11317e-20)
(24.5774 2.31465 5.33941e-19)
(24.6168 2.32454 3.78352e-19)
(24.6534 2.33445 3.92211e-20)
(24.6874 2.34459 2.71614e-19)
(24.719 2.35515 -6.95475e-19)
(24.7484 2.36626 -8.42119e-17)
(24.7757 2.37808 -3.27897e-17)
(24.8011 2.3907 2.12363e-18)
(24.8249 2.40421 -2.10515e-18)
(24.8473 2.41869 -1.59956e-18)
(24.8684 2.43418 3.04282e-18)
(24.8884 2.45071 6.19562e-19)
(24.9076 2.46829 5.25429e-19)
(24.926 2.48691 -2.25003e-18)
(24.944 2.50656 -1.17484e-16)
(24.9616 2.52717 2.54919e-18)
(24.979 2.54868 -3.15056e-17)
(24.9964 2.57103 -9.01999e-17)
(25.0138 2.59412 2.43391e-18)
(25.0315 2.61784 -7.71639e-17)
(25.0495 2.64208 1.60139e-18)
(25.0678 2.66672 1.44529e-18)
(25.0866 2.69164 1.36148e-16)
(25.1059 2.7167 3.0711e-19)
(25.1258 2.74179 1.87785e-18)
(25.1462 2.76677 -2.18882e-16)
(25.167 2.79153 -5.62026e-19)
(25.1883 2.81596 1.36335e-17)
(25.2099 2.83995 -7.70527e-20)
(25.2317 2.86339 -3.37873e-19)
(25.2535 2.8862 -1.4618e-18)
(25.2752 2.90831 5.52342e-17)
(25.2968 2.92968 1.26015e-17)
(25.3182 2.95026 1.28894e-16)
(25.3394 2.97003 2.35522e-16)
(25.3603 2.98896 1.49183e-16)
(25.3806 3.00703 5.51846e-17)
(25.4 3.02421 2.15679e-19)
(25.4184 3.04045 2.53247e-18)
(25.4354 3.05581 5.83753e-17)
(25.451 3.07018 -4.92839e-17)
(25.4635 3.08189 -1.14171e-18)
(25.4732 3.09149 2.22336e-18)
(25.4827 3.10121 -1.40908e-16)
(25.4918 3.11083 -1.42471e-16)
(25.5005 3.12042 8.87184e-19)
(25.5087 3.13007 1.00513e-16)
(25.5143 3.138 -1.28066e-16)
(25.5181 3.1507 0)
(25.5065 3.14404 -2.0467e-17)
(25.5085 3.1873 -1.25284e-17)
(25.4708 3.09596 2.55873e-16)
(25.5653 3.33312 -5.8923e-18)
(25.5533 2.87746 -2.84373e-16)
(21.0242 1.29216 -5.19822e-18)
(22.8579 1.28541 -4.90072e-18)
(23.5991 1.35073 8.57682e-18)
(23.8826 1.38805 -3.86952e-18)
(23.9867 1.41713 2.81361e-17)
(24.0144 1.44673 1.2903e-17)
(24.0333 1.47397 -3.21648e-19)
(24.0572 1.50774 3.39335e-18)
(24.0846 1.53949 5.13981e-18)
(24.1134 1.57516 0)
(24.1434 1.61142 2.40123e-17)
(24.1745 1.64899 1.37607e-17)
(24.2066 1.68752 -6.47713e-18)
(24.2396 1.72664 -1.00556e-17)
(24.2733 1.76604 3.75649e-17)
(24.3076 1.80548 -3.73528e-17)
(24.3425 1.84466 -4.71644e-17)
(24.3776 1.88326 4.58694e-18)
(24.4129 1.92104 3.22388e-17)
(24.4481 1.9578 6.32422e-18)
(24.4831 1.99331 -5.65213e-18)
(24.5178 2.02748 1.93079e-17)
(24.5519 2.06014 -9.78714e-18)
(24.5853 2.09128 1.19502e-18)
(24.6179 2.12088 4.51801e-18)
(24.6495 2.14897 -1.21282e-17)
(24.6801 2.17562 4.38262e-18)
(24.7095 2.20095 2.40673e-18)
(24.7377 2.22511 1.98604e-19)
(24.7647 2.24825 1.12105e-18)
(24.7904 2.27054 -2.39033e-18)
(24.8149 2.29215 8.33466e-17)
(24.8382 2.31329 9.92159e-17)
(24.8604 2.33411 4.71611e-18)
(24.8815 2.35478 -5.02848e-17)
(24.9016 2.37545 -2.77363e-17)
(24.9208 2.39625 3.19479e-17)
(24.9392 2.41729 9.54813e-19)
(24.9569 2.43867 9.7913e-18)
(24.974 2.46045 -5.26948e-17)
(24.9907 2.48268 3.35364e-17)
(25.0071 2.50539 1.04819e-16)
(25.0233 2.52859 3.09552e-17)
(25.0394 2.55227 9.47695e-17)
(25.0555 2.57638 1.27786e-16)
(25.0718 2.60089 6.75938e-17)
(25.0883 2.62574 7.56008e-17)
(25.1051 2.65083 -9.20161e-17)
(25.1223 2.67611 -1.31092e-16)
(25.1399 2.70146 -8.94641e-17)
(25.1581 2.7268 2.18697e-18)
(25.1767 2.75202 1.52858e-16)
(25.1959 2.77703 1.18426e-17)
(25.2154 2.80172 -2.95568e-17)
(25.2352 2.826 -9.10653e-20)
(25.2552 2.84977 -9.95389e-17)
(25.2753 2.87294 7.7603e-18)
(25.2954 2.89546 -1.08323e-16)
(25.3154 2.91726 -2.44091e-16)
(25.3353 2.93831 -2.69083e-17)
(25.3551 2.95859 -2.31449e-16)
(25.3746 2.97805 1.246e-17)
(25.3936 2.99665 -8.06197e-19)
(25.4119 3.01438 3.06635e-16)
(25.4291 3.03119 3.73119e-17)
(25.4451 3.04712 -6.38111e-17)
(25.4597 3.06205 4.72734e-17)
(25.4714 3.07425 -5.88857e-17)
(25.4805 3.08427 6.57605e-17)
(25.4893 3.09444 1.40113e-16)
(25.4979 3.10454 1.39286e-16)
(25.506 3.11461 1.08308e-18)
(25.5136 3.12482 -1.02242e-16)
(25.5186 3.13313 1.24806e-16)
(25.5214 3.14676 0)
(25.5097 3.13977 2.13413e-17)
(25.5093 3.18539 1.46801e-18)
(25.4764 3.09231 -3.4627e-16)
(25.5628 3.33348 5.72614e-18)
(25.5668 2.88114 2.82559e-16)
(22.7087 1.38047 4.46724e-18)
(23.9195 1.42429 9.27118e-18)
(24.458 1.47453 1.12336e-18)
(24.5987 1.50451 -1.13135e-18)
(24.6272 1.5345 -5.61762e-18)
(24.6287 1.56147 4.27935e-18)
(24.6329 1.58933 -1.14684e-19)
(24.6399 1.61689 3.08474e-18)
(24.6474 1.64361 1.84718e-17)
(24.6547 1.67067 0)
(24.662 1.69691 -9.48554e-18)
(24.6694 1.72322 7.04193e-18)
(24.6769 1.74927 -3.55296e-18)
(24.6847 1.77524 -1.53009e-17)
(24.6927 1.80116 -1.91797e-17)
(24.7012 1.82717 7.91408e-18)
(24.7101 1.85321 3.41235e-17)
(24.7196 1.87949 2.55852e-17)
(24.7297 1.90584 -3.7647e-17)
(24.7404 1.9324 5.38546e-18)
(24.7517 1.9591 -6.43308e-17)
(24.7637 1.98594 -2.75883e-17)
(24.7764 2.01282 5.53662e-18)
(24.7897 2.03971 -1.64914e-17)
(24.8036 2.06655 4.84861e-18)
(24.818 2.09325 1.59265e-17)
(24.8328 2.11973 5.05176e-17)
(24.848 2.14596 2.81507e-18)
(24.8635 2.17187 2.36588e-19)
(24.8791 2.19743 -8.19037e-18)
(24.8948 2.22263 -3.75778e-17)
(24.9106 2.24748 1.42317e-17)
(24.9262 2.272 -1.88692e-18)
(24.9418 2.29623 5.82848e-17)
(24.9571 2.32023 4.06741e-17)
(24.9722 2.34406 -4.71746e-17)
(24.9871 2.36779 -2.07749e-17)
(25.0018 2.3915 1.10113e-18)
(25.0163 2.41525 -7.42066e-17)
(25.0305 2.43911 2.97797e-18)
(25.0447 2.46312 -4.71595e-17)
(25.0587 2.48733 -9.71659e-17)
(25.0728 2.51175 -3.15013e-17)
(25.0868 2.53642 -5.57437e-17)
(25.101 2.56131 -2.89874e-18)
(25.1154 2.58642 -5.15254e-18)
(25.13 2.61171 -8.18257e-17)
(25.145 2.63714 5.87234e-18)
(25.1603 2.66265 2.34302e-18)
(25.1761 2.68819 1.56805e-16)
(25.1924 2.71367 -3.27351e-17)
(25.2092 2.73902 -1.14033e-16)
(25.2265 2.76415 1.71479e-16)
(25.2441 2.78899 2.62203e-17)
(25.2621 2.81343 7.61641e-17)
(25.2803 2.8374 1.69495e-16)
(25.2987 2.86082 -2.09864e-18)
(25.317 2.88362 1.04768e-16)
(25.3354 2.90574 4.43254e-18)
(25.3537 2.92716 -4.35616e-19)
(25.372 2.94783 1.82501e-18)
(25.3901 2.96772 -7.74579e-19)
(25.4078 2.98678 -8.38216e-19)
(25.4247 3.00498 -2.89202e-16)
(25.4407 3.02228 -3.07265e-17)
(25.4556 3.03871 -3.26689e-18)
(25.4692 3.05416 -4.77014e-17)
(25.4801 3.06681 -4.9404e-19)
(25.4885 3.07722 -5.98526e-17)
(25.4966 3.08782 -1.7189e-16)
(25.5045 3.09836 -1.37966e-16)
(25.512 3.10888 -8.20238e-17)
(25.5189 3.11964 -6.23108e-17)
(25.5233 3.12836 -1.77024e-18)
(25.5249 3.14276 0)
(25.5135 3.13583 -5.34727e-17)
(25.5098 3.18291 4.29012e-16)
(25.4837 3.08983 3.43107e-16)
(25.559 3.33259 -5.28167e-18)
(25.5831 2.88505 -9.09968e-19)
(23.7063 1.48734 -5.07421e-19)
(24.4896 1.52427 -6.30934e-18)
(24.8111 1.55104 1.48966e-18)
(24.8519 1.56958 -2.95457e-19)
(24.8511 1.58949 8.22198e-18)
(24.8502 1.60879 1.08352e-18)
(24.854 1.63017 -2.92728e-20)
(24.859 1.65153 1.72327e-19)
(24.8639 1.67383 -9.30157e-19)
(24.8688 1.69663 0)
(24.8736 1.71975 1.28191e-18)
(24.8785 1.74339 2.11969e-18)
(24.8833 1.76723 -1.12626e-18)
(24.8882 1.79132 -9.89718e-19)
(24.8931 1.81555 2.279e-17)
(24.8981 1.83988 9.64393e-18)
(24.9031 1.86423 -3.58841e-18)
(24.9083 1.88861 -9.8826e-19)
(24.9135 1.91291 2.29408e-17)
(24.9189 1.93721 2.64529e-18)
(24.9245 1.96144 4.099e-18)
(24.9304 1.98563 2.30708e-17)
(24.9364 2.00979 4.95816e-17)
(24.9428 2.03393 -1.28559e-17)
(24.9496 2.05807 3.2692e-18)
(24.9567 2.08224 -8.74851e-19)
(24.9641 2.10644 -4.10468e-17)
(24.972 2.13068 2.23256e-18)
(24.9803 2.15496 1.96623e-19)
(24.9889 2.17929 2.06907e-18)
(24.9979 2.20366 5.11096e-19)
(25.0073 2.22806 -1.6077e-18)
(25.0169 2.25248 -2.33683e-17)
(25.0269 2.27693 -1.60142e-17)
(25.0371 2.30138 -7.11931e-17)
(25.0475 2.32586 1.52115e-18)
(25.058 2.35036 1.24658e-16)
(25.0688 2.37491 1.13496e-18)
(25.0796 2.39951 6.63731e-17)
(25.0907 2.42418 -1.83116e-17)
(25.1018 2.44895 6.85044e-17)
(25.1131 2.47383 9.2748e-17)
(25.1246 2.49883 -2.46435e-17)
(25.1362 2.52396 6.31129e-18)
(25.1481 2.54921 -4.07934e-17)
(25.1603 2.57459 -5.25404e-18)
(25.1729 2.60006 2.5065e-18)
(25.1858 2.62559 5.95322e-18)
(25.1991 2.65116 2.37004e-18)
(25.213 2.67671 -2.57478e-18)
(25.2273 2.70219 3.74822e-18)
(25.2422 2.72753 3.43255e-18)
(25.2575 2.75266 -1.63132e-19)
(25.2733 2.77751 -1.62705e-18)
(25.2895 2.802 -1.11233e-16)
(25.3059 2.82606 -1.629e-16)
(25.3224 2.8496 -8.13846e-17)
(25.339 2.87257 -1.57998e-18)
(25.3558 2.89491 2.17217e-16)
(25.3725 2.91659 -4.42163e-19)
(25.3893 2.93757 2.15701e-16)
(25.406 2.9578 -7.88676e-19)
(25.4223 2.97725 -8.5493e-19)
(25.438 2.99586 -8.0001e-20)
(25.4527 3.01359 3.38481e-18)
(25.4665 3.03048 -3.35145e-18)
(25.479 3.04639 -2.17347e-19)
(25.489 3.05948 -5.0914e-19)
(25.4967 3.07025 3.01917e-18)
(25.5042 3.08125 2.67949e-18)
(25.5114 3.09222 4.94667e-19)
(25.5183 3.1032 2.47273e-18)
(25.5245 3.11447 -3.15264e-19)
(25.5283 3.12363 -1.88499e-18)
(25.5287 3.13871 0)
(25.5174 3.13206 1.32727e-18)
(25.5109 3.18021 -1.67198e-17)
(25.4905 3.08778 -9.12591e-17)
(25.5576 3.33156 -1.79002e-19)
(25.5967 2.88811 -6.42836e-19)
(24.4636 1.62833 -6.13863e-18)
(24.92 1.6501 9.68756e-19)
(25.0502 1.66469 1.21523e-18)
(25.0395 1.67558 -3.23512e-19)
(25.0348 1.68738 7.1684e-18)
(25.0347 1.69964 1.66023e-17)
(25.0367 1.71301 -9.33061e-18)
(25.0385 1.72665 8.84315e-19)
(25.04 1.74118 -1.39983e-18)
(25.0414 1.75627 0)
(25.0426 1.77207 1.56056e-17)
(25.0438 1.78859 2.18683e-17)
(25.0449 1.80579 -8.65767e-18)
(25.0461 1.8237 -9.36386e-18)
(25.0472 1.84229 2.99924e-19)
(25.0485 1.86152 -1.13156e-18)
(25.0499 1.8814 -4.54117e-19)
(25.0514 1.90185 -9.56734e-19)
(25.0531 1.92283 -3.44872e-17)
(25.0549 1.9443 3.53286e-18)
(25.057 1.9662 3.13302e-18)
(25.0593 1.98846 -1.27897e-17)
(25.0618 2.01103 -2.30426e-18)
(25.0647 2.03387 4.04531e-18)
(25.0678 2.05691 2.74275e-17)
(25.0712 2.08013 7.0025e-18)
(25.0749 2.10349 3.85989e-17)
(25.0789 2.12697 2.30126e-17)
(25.0832 2.15055 2.88184e-17)
(25.0879 2.17422 1.7038e-17)
(25.0929 2.19797 5.60436e-17)
(25.0982 2.22181 -2.50926e-17)
(25.1039 2.24574 -2.72967e-17)
(25.1099 2.26976 3.43152e-17)
(25.1162 2.29386 -9.77367e-18)
(25.1228 2.31807 2.02014e-17)
(25.1298 2.34237 -2.96413e-18)
(25.1371 2.36678 -4.06041e-17)
(25.1447 2.39129 1.52455e-17)
(25.1525 2.41591 1.30445e-17)
(25.1607 2.44064 -3.70463e-17)
(25.1692 2.46549 -8.78733e-17)
(25.178 2.49045 5.47783e-17)
(25.1872 2.51551 6.49636e-18)
(25.1967 2.54068 -6.91624e-17)
(25.2066 2.56593 -5.40833e-18)
(25.2169 2.59125 1.9879e-18)
(25.2277 2.61662 4.85872e-17)
(25.2389 2.642 5.59025e-17)
(25.2507 2.66735 4.79922e-17)
(25.2631 2.69263 7.24474e-19)
(25.276 2.71779 2.33997e-16)
(25.2894 2.74276 -1.68361e-19)
(25.3033 2.76748 -2.61554e-17)
(25.3176 2.79188 1.04821e-16)
(25.3321 2.81588 4.30375e-17)
(25.3469 2.83942 -1.15608e-16)
(25.3618 2.86244 -1.64725e-18)
(25.3769 2.88489 1.02175e-17)
(25.392 2.90673 2.28557e-17)
(25.4073 2.92792 -4.34412e-18)
(25.4225 2.94841 -1.2605e-17)
(25.4375 2.96814 -2.11206e-16)
(25.4518 2.98709 2.67166e-16)
(25.4653 3.00519 1.42926e-16)
(25.4779 3.02247 -3.56966e-18)
(25.4894 3.03881 -2.32124e-19)
(25.4985 3.05228 -1.00378e-16)
(25.5055 3.0634 3.23696e-18)
(25.5123 3.07479 3.74596e-17)
(25.5188 3.08617 5.33141e-19)
(25.525 3.09759 2.23806e-16)
(25.5305 3.10936 -3.42085e-19)
(25.5337 3.11898 -1.21159e-16)
(25.5329 3.13466 0)
(25.5215 3.12842 -1.82406e-17)
(25.5127 3.17742 1.24766e-17)
(25.497 3.08601 8.87869e-17)
(25.5582 3.33048 1.41945e-19)
(25.6092 2.8908 -6.14813e-19)
(25.0073 1.75846 -4.2395e-19)
(25.2072 1.76845 8.62103e-19)
(25.2207 1.77774 -8.54319e-19)
(25.2052 1.78556 -5.88001e-19)
(25.2052 1.79461 -3.09251e-19)
(25.206 1.80409 -1.31017e-17)
(25.2071 1.81405 1.67092e-17)
(25.2074 1.82436 -1.35258e-18)
(25.2074 1.83518 -1.03729e-17)
(25.207 1.84639 0)
(25.2063 1.85811 -5.98543e-18)
(25.2053 1.87029 -7.02371e-19)
(25.204 1.88298 -8.10811e-20)
(25.2025 1.8962 -2.21149e-18)
(25.2008 1.90995 -2.07312e-19)
(25.1989 1.92425 -7.84634e-18)
(25.1969 1.93914 -2.03303e-18)
(25.1949 1.95459 -1.42428e-17)
(25.1929 1.97066 2.27897e-19)
(25.191 1.98732 3.72964e-19)
(25.1891 2.00458 3.89989e-17)
(25.1874 2.02244 2.68942e-19)
(25.1859 2.04087 -2.22605e-17)
(25.1846 2.05988 2.71477e-17)
(25.1837 2.0794 -1.45108e-18)
(25.183 2.09945 -1.82323e-17)
(25.1827 2.11995 -8.25661e-19)
(25.1828 2.14089 -4.17735e-19)
(25.1833 2.16222 -1.79937e-17)
(25.1841 2.18391 -1.30731e-17)
(25.1854 2.20591 -5.42033e-17)
(25.187 2.2282 2.17527e-17)
(25.1891 2.25074 2.76141e-18)
(25.1916 2.27353 -5.27632e-17)
(25.1946 2.29653 1.06157e-17)
(25.1979 2.31973 -1.69629e-17)
(25.2016 2.34312 -2.94515e-18)
(25.2058 2.36669 4.23803e-17)
(25.2103 2.39043 -1.32568e-17)
(25.2153 2.41434 -1.24945e-17)
(25.2207 2.43841 -1.05453e-17)
(25.2265 2.46264 8.32358e-17)
(25.2327 2.48701 -2.02339e-19)
(25.2393 2.51152 3.48126e-17)
(25.2464 2.53615 3.31234e-18)
(25.254 2.56089 -5.52675e-18)
(25.2621 2.58571 -4.52805e-17)
(25.2707 2.61059 -3.58387e-17)
(25.2798 2.63551 -5.05455e-17)
(25.2896 2.66042 -1.81971e-16)
(25.2999 2.68529 6.65615e-17)
(25.3108 2.71007 -8.07642e-17)
(25.3223 2.7347 -1.4238e-16)
(25.3343 2.75912 -6.61035e-19)
(25.3467 2.78326 -6.95119e-17)
(25.3594 2.80707 -3.67064e-17)
(25.3724 2.83047 1.16254e-16)
(25.3856 2.85341 -1.72688e-18)
(25.3989 2.87585 -1.47095e-17)
(25.4125 2.89773 -2.36975e-17)
(25.4263 2.91901 -4.59696e-18)
(25.44 2.93966 -5.21284e-19)
(25.4535 2.9596 2.08477e-16)
(25.4665 2.97879 -2.80798e-16)
(25.4787 2.99718 -1.34958e-16)
(25.49 3.0148 -3.83548e-18)
(25.5004 3.03151 4.29909e-17)
(25.5086 3.04532 1.51026e-16)
(25.5149 3.05675 3.498e-18)
(25.5209 3.06849 2.40716e-18)
(25.5268 3.08027 2.07187e-18)
(25.5323 3.0921 -1.3922e-16)
(25.5371 3.10435 5.74459e-17)
(25.5395 3.11442 1.16542e-16)
(25.5375 3.13065 0)
(25.526 3.12495 5.35298e-17)
(25.5149 3.17455 -3.99538e-16)
(25.5038 3.08459 -1.33493e-18)
(25.3147 1.8709 -3.04565e-19)
(25.3518 1.87394 5.86365e-19)
(25.3338 1.88064 5.40109e-19)
(25.3298 1.88665 -2.29701e-19)
(25.3317 1.89381 -1.99343e-19)
(25.3324 1.90112 9.46315e-19)
(25.3328 1.90882 -1.15936e-18)
(25.3327 1.91686 2.79162e-19)
(25.3321 1.92531 4.51212e-19)
(25.3312 1.93412 0)
(25.33 1.94335 2.06781e-19)
(25.3284 1.953 -4.74942e-19)
(25.3264 1.96308 -5.55225e-20)
(25.3242 1.9736 5.07464e-19)
(25.3216 1.98455 -1.46247e-19)
(25.3188 1.99598 1.00587e-19)
(25.3158 2.00788 -1.4854e-18)
(25.3126 2.02025 1.09227e-18)
(25.3092 2.03312 1.73114e-19)
(25.3057 2.04649 3.64365e-18)
(25.3021 2.06037 -1.58426e-18)
(25.2985 2.07477 1.64851e-17)
(25.295 2.0897 -1.12754e-17)
(25.2915 2.10517 5.75024e-19)
(25.2881 2.12118 -2.50207e-20)
(25.2849 2.13774 5.39203e-19)
(25.2819 2.15483 -7.28422e-19)
(25.2792 2.17246 -3.73691e-19)
(25.2768 2.19063 -9.65321e-19)
(25.2748 2.2093 1.68489e-18)
(25.2731 2.22847 4.26048e-19)
(25.2718 2.24812 -1.37278e-18)
(25.2709 2.26822 2.59549e-18)
(25.2705 2.28875 5.50281e-17)
(25.2705 2.30967 4.65324e-19)
(25.2709 2.33098 1.4254e-18)
(25.2719 2.35262 -2.83727e-18)
(25.2733 2.3746 1.10532e-18)
(25.2751 2.39687 8.86968e-19)
(25.2775 2.41943 1.98944e-19)
(25.2803 2.44225 1.35364e-18)
(25.2836 2.46532 -1.85999e-18)
(25.2874 2.4886 -2.00469e-19)
(25.2917 2.5121 4.62947e-18)
(25.2965 2.53578 3.30535e-18)
(25.3018 2.55963 -5.53269e-18)
(25.3078 2.58361 5.66173e-18)
(25.3142 2.6077 6.32275e-18)
(25.3213 2.63188 2.52785e-18)
(25.3291 2.6561 4.41746e-18)
(25.3374 2.68033 8.48705e-19)
(25.3464 2.70452 -3.73596e-18)
(25.356 2.72861 6.87677e-18)
(25.3661 2.75256 -6.76194e-19)
(25.3766 2.77629 -3.78864e-17)
(25.3876 2.79975 3.94931e-17)
(25.3987 2.82286 6.7375e-19)
(25.4102 2.84559 -1.78772e-18)
(25.4219 2.86787 -2.42397e-18)
(25.4339 2.88968 2.09764e-17)
(25.4461 2.91095 -1.82299e-16)
(25.4583 2.93164 1.03858e-17)
(25.4704 2.95169 -1.01208e-18)
(25.482 2.97105 3.41489e-19)
(25.4929 2.98965 4.07881e-18)
(25.5029 3.00753 -4.0736e-18)
(25.5122 3.02454 -1.38028e-18)
(25.5194 3.03865 -1.90985e-18)
(25.5249 3.05035 3.74044e-18)
(25.5302 3.06241 -3.02742e-17)
(25.5353 3.07454 -8.66585e-19)
(25.5401 3.08677 -2.09675e-16)
(25.5441 3.09947 1.80159e-16)
(25.5458 3.11 -1.16782e-16)
(25.5426 3.1267 0)
(25.5308 3.12166 1.2306e-18)
(25.4454 1.97037 2.86134e-18)
(25.4299 1.97101 5.43379e-18)
(25.422 1.97651 8.98687e-19)
(25.4241 1.98116 -4.06996e-20)
(25.4253 1.98664 -1.42211e-19)
(25.4255 1.99214 1.13964e-18)
(25.4255 1.998 -5.66708e-18)
(25.425 2.00412 5.08887e-19)
(25.4242 2.01056 6.30897e-18)
(25.423 2.01732 0)
(25.4215 2.02443 3.64407e-18)
(25.4196 2.03189 -3.43927e-19)
(25.4174 2.03973 -4.0288e-20)
(25.4149 2.04796 1.23279e-17)
(25.4121 2.05659 -1.06658e-19)
(25.4091 2.06565 2.08596e-19)
(25.4057 2.07515 -1.09145e-18)
(25.4022 2.08509 1.01007e-17)
(25.3984 2.0955 1.13563e-17)
(25.3945 2.10638 1.33275e-18)
(25.3904 2.11774 -2.75902e-17)
(25.3863 2.12961 -3.70442e-18)
(25.3821 2.14197 1.85122e-18)
(25.3779 2.15484 5.36292e-19)
(25.3736 2.16823 -1.97553e-20)
(25.3695 2.18214 1.26144e-17)
(25.3654 2.19657 -1.77968e-17)
(25.3615 2.21153 -4.38676e-19)
(25.3577 2.22701 1.05406e-17)
(25.3542 2.24303 1.15504e-17)
(25.3509 2.25957 3.79155e-17)
(25.3479 2.27663 -1.7345e-17)
(25.3452 2.29421 4.82106e-17)
(25.3428 2.3123 -2.5415e-17)
(25.3409 2.33087 4.22064e-19)
(25.3393 2.34992 1.30699e-18)
(25.3381 2.36943 -2.62765e-18)
(25.3374 2.38939 1.03305e-18)
(25.3371 2.40976 -3.56445e-17)
(25.3374 2.43053 1.22039e-17)
(25.3381 2.45167 3.70602e-17)
(25.3392 2.47316 -1.79003e-18)
(25.3409 2.49497 -4.01299e-17)
(25.3432 2.51709 -1.92849e-17)
(25.3459 2.53947 3.23266e-18)
(25.3493 2.5621 -5.43564e-18)
(25.3532 2.58494 4.67785e-17)
(25.3577 2.60797 6.26277e-18)
(25.3629 2.63115 2.51315e-18)
(25.3687 2.65445 1.17045e-16)
(25.3752 2.67782 1.0704e-16)
(25.3823 2.70122 -1.31229e-16)
(25.3901 2.72459 1.33033e-16)
(25.3984 2.74789 2.00239e-17)
(25.4071 2.77104 8.70161e-18)
(25.4163 2.79399 6.42442e-17)
(25.4257 2.81667 6.63384e-17)
(25.4355 2.83904 -1.83144e-18)
(25.4455 2.86105 -1.70768e-16)
(25.4559 2.88265 -1.37354e-18)
(25.4666 2.9038 -1.13402e-17)
(25.4773 2.92443 -9.60874e-19)
(25.4879 2.94449 -1.0547e-18)
(25.4981 2.96391 1.38462e-17)
(25.5077 2.98264 4.27962e-18)
(25.5165 3.00071 -4.28842e-18)
(25.5246 3.01795 -1.58758e-18)
(25.5308 3.0323 -1.69696e-17)
(25.5355 3.04425 1.92167e-16)
(25.54 3.05659 3.54719e-17)
(25.5444 3.06905 -7.52643e-19)
(25.5485 3.08165 2.35495e-16)
(25.5517 3.09475 -3.26531e-16)
(25.5525 3.10575 -3.11874e-19)
(25.5052 2.05968 -2.85345e-18)
(25.4965 2.06033 -3.55001e-18)
(25.4977 2.06491 1.31283e-19)
(25.4997 2.06853 -1.43725e-19)
(25.5 2.07277 -1.12329e-19)
(25.5001 2.07703 6.53954e-18)
(25.4998 2.08158 -4.32031e-18)
(25.4991 2.08634 1.22321e-19)
(25.4982 2.09134 -4.75586e-19)
(25.4969 2.09661 0)
(25.4953 2.10214 -3.076e-19)
(25.4934 2.10797 -2.79013e-19)
(25.4911 2.11409 -3.27988e-20)
(25.4885 2.12053 -1.11571e-17)
(25.4857 2.12731 -8.73905e-20)
(25.4825 2.13444 -6.92479e-20)
(25.4791 2.14195 -8.99095e-19)
(25.4755 2.14983 -4.40654e-19)
(25.4716 2.15813 -1.22163e-18)
(25.4675 2.16686 1.10493e-18)
(25.4633 2.17602 1.61331e-18)
(25.4589 2.18564 -1.14022e-17)
(25.4545 2.19573 2.24872e-17)
(25.4499 2.20632 3.64706e-19)
(25.4453 2.21739 -1.65622e-20)
(25.4407 2.22898 -9.87109e-19)
(25.4362 2.24109 1.38433e-18)
(25.4317 2.25372 -2.47183e-19)
(25.4273 2.26688 -1.89888e-18)
(25.423 2.28058 1.6455e-19)
(25.4188 2.29481 -6.81065e-17)
(25.4149 2.30958 7.95924e-18)
(25.4112 2.32488 -2.57295e-18)
(25.4077 2.34071 2.09261e-18)
(25.4046 2.35707 3.76995e-19)
(25.4017 2.37395 1.17772e-18)
(25.3992 2.39133 -2.38857e-18)
(25.397 2.40922 9.4715e-19)
(25.3952 2.42758 3.67262e-17)
(25.3938 2.44642 -1.16733e-17)
(25.3929 2.4657 -3.40797e-17)
(25.3925 2.48542 -1.69291e-18)
(25.3925 2.50554 3.92723e-17)
(25.393 2.52604 6.13185e-18)
(25.394 2.54689 3.11543e-18)
(25.3956 2.56807 -5.26741e-18)
(25.3978 2.58955 2.58058e-18)
(25.4006 2.6113 6.12977e-18)
(25.404 2.63327 2.47107e-18)
(25.4081 2.65544 -2.71799e-18)
(25.4129 2.67776 -1.55496e-16)
(25.4183 2.70019 1.22731e-16)
(25.4243 2.72267 -1.258e-16)
(25.4309 2.74515 -1.80967e-18)
(25.4379 2.76756 2.84223e-17)
(25.4453 2.78985 -9.31086e-17)
(25.4531 2.81197 -6.45404e-17)
(25.4612 2.83385 -1.86555e-18)
(25.4697 2.85545 1.64767e-16)
(25.4786 2.87673 -2.09529e-17)
(25.4877 2.89763 1.76905e-16)
(25.497 2.91809 -1.10226e-17)
(25.5061 2.93805 -1.39523e-16)
(25.5149 2.95745 -1.76089e-17)
(25.5232 2.97623 1.73474e-17)
(25.5307 2.9944 -5.30508e-17)
(25.5376 3.01181 -4.05244e-17)
(25.5429 3.02635 -2.02401e-17)
(25.5467 3.0385 -1.08831e-18)
(25.5505 3.05108 2.91553e-18)
(25.5541 3.06382 7.43516e-19)
(25.5575 2.14081 -1.8565e-19)
(25.5584 2.14175 -5.41242e-19)
(25.5605 2.14538 2.85602e-19)
(25.5611 2.14823 -1.12812e-19)
(25.5612 2.15159 -8.83683e-20)
(25.5611 2.15497 -5.36661e-18)
(25.5607 2.15858 3.98707e-18)
(25.56 2.16236 -1.1504e-19)
(25.559 2.16634 -4.45994e-18)
(25.5577 2.17053 0)
(25.5562 2.17493 -2.67569e-18)
(25.5543 2.17957 -2.24205e-19)
(25.5521 2.18446 -2.64604e-20)
(25.5496 2.18961 2.4423e-19)
(25.5469 2.19503 4.35656e-18)
(25.5439 2.20074 -3.37267e-18)
(25.5406 2.20677 -7.3854e-19)
(25.537 2.21311 -7.01379e-18)
(25.5333 2.2198 -9.08395e-18)
(25.5293 2.22685 -6.07368e-20)
(25.5251 2.23428 1.97985e-17)
(25.5208 2.24209 1.15988e-19)
(25.5164 2.25033 -1.89983e-17)
(25.5118 2.25899 2.45376e-19)
(25.5071 2.2681 6.58096e-19)
(25.5024 2.27767 -9.91856e-18)
(25.4976 2.28773 1.40742e-17)
(25.4929 2.29827 -1.15755e-19)
(25.4882 2.30933 -1.02424e-17)
(25.4835 2.3209 -7.56035e-18)
(25.4789 2.333 3.12486e-17)
(25.4745 2.34563 5.75576e-18)
(25.4702 2.3588 -2.31098e-17)
(25.466 2.37251 -1.31306e-17)
(25.4621 2.38676 -5.37987e-18)
(25.4584 2.40156 1.16602e-17)
(25.455 2.41688 -4.04443e-17)
(25.4518 2.43274 8.63538e-19)
(25.449 2.44912 9.27261e-18)
(25.4465 2.46602 7.96453e-18)
(25.4444 2.4834 1.12966e-18)
(25.4427 2.50128 -1.58345e-18)
(25.4414 2.51961 -1.73912e-19)
(25.4406 2.53839 5.27094e-17)
(25.4402 2.5576 4.78551e-17)
(25.4404 2.5772 -5.04766e-18)
(25.4411 2.59717 -3.22814e-17)
(25.4424 2.61747 5.93807e-18)
(25.4443 2.63809 2.40605e-18)
(25.4469 2.65898 -9.93769e-17)
(25.4501 2.6801 6.33503e-18)
(25.4539 2.7014 5.25128e-17)
(25.4584 2.72283 7.32431e-18)
(25.4633 2.74435 -1.80312e-18)
(25.4688 2.76589 -1.06557e-19)
(25.4746 2.78739 3.31325e-18)
(25.4808 2.8088 7.04444e-19)
(25.4874 2.83006 -1.89027e-18)
(25.4943 2.85114 -2.59195e-18)
(25.5017 2.87197 -5.50723e-19)
(25.5094 2.89251 -1.71296e-16)
(25.5172 2.9127 5.39771e-17)
(25.5249 2.93246 5.61846e-17)
(25.5324 2.95174 -1.18372e-17)
(25.5393 2.97047 -8.15352e-18)
(25.5456 2.98867 -1.13622e-16)
(25.6083 2.21481 -3.71334e-19)
(25.6104 2.21573 2.02563e-19)
(25.6111 2.21856 7.19895e-20)
(25.6112 2.22086 -1.57796e-19)
(25.6112 2.22354 -3.14875e-19)
(25.611 2.22625 4.77354e-18)
(25.6105 2.22915 -2.5239e-18)
(25.6098 2.23218 2.78132e-19)
(25.6088 2.23538 3.63076e-18)
(25.6076 2.23874 0)
(25.6061 2.24228 -3.79457e-19)
(25.6043 2.24602 -1.78177e-19)
(25.6022 2.24996 -1.30139e-18)
(25.5999 2.25412 6.32124e-18)
(25.5974 2.2585 -4.45097e-18)
(25.5945 2.26313 4.21626e-19)
(25.5915 2.26802 -1.50489e-18)
(25.5882 2.27318 6.11161e-18)
(25.5847 2.27863 7.17733e-20)
(25.581 2.28439 8.609e-19)
(25.5771 2.29047 -1.6725e-17)
(25.573 2.29689 -1.40465e-18)
(25.5688 2.30367 1.64995e-17)
(25.5644 2.31082 -1.03264e-17)
(25.5599 2.31836 -6.64791e-19)
(25.5553 2.32632 1.78928e-18)
(25.5507 2.33469 -3.65092e-19)
(25.546 2.34351 -1.92981e-19)
(25.5413 2.35279 -5.14117e-19)
(25.5366 2.36254 1.78633e-17)
(25.5319 2.37279 2.41794e-19)
(25.5272 2.38353 -8.04646e-19)
(25.5227 2.39478 -1.28629e-17)
(25.5182 2.40656 3.15106e-17)
(25.5139 2.41887 5.90903e-18)
(25.5098 2.43171 -9.45747e-18)
(25.5058 2.44509 3.56662e-17)
(25.502 2.45902 7.8161e-19)
(25.4985 2.47348 -7.78179e-18)
(25.4953 2.48847 -5.48525e-19)
(25.4923 2.50399 7.72569e-18)
(25.4897 2.52003 -1.46744e-18)
(25.4874 2.53656 -2.98767e-17)
(25.4856 2.5536 -4.08637e-17)
(25.4841 2.5711 -7.79028e-19)
(25.4832 2.58905 -4.78789e-18)
(25.4827 2.60744 3.67577e-17)
(25.4828 2.62622 5.69545e-18)
(25.4834 2.64538 3.77302e-17)
(25.4847 2.66488 9.32146e-17)
(25.4866 2.68469 1.30159e-16)
(25.489 2.70475 -1.61821e-16)
(25.492 2.72503 1.15974e-16)
(25.4956 2.74547 -1.8699e-17)
(25.4996 2.76601 -5.31352e-17)
(25.5039 2.7866 -2.51953e-17)
(25.5087 2.80718 7.06002e-19)
(25.5138 2.82771 -1.90291e-18)
(25.5193 2.84814 -1.36095e-16)
(25.5252 2.86843 2.82288e-17)
(25.5315 2.8885 1.59734e-16)
(25.6518 2.2822 -9.05491e-20)
(25.6526 2.283 1.60773e-19)
(25.6527 2.28523 -6.07369e-20)
(25.6527 2.28711 -6.28274e-20)
(25.6526 2.28927 1.7801e-19)
(25.6522 2.29147 -4.24063e-18)
(25.6517 2.29382 1.92233e-18)
(25.651 2.29627 -8.93195e-20)
(25.65 2.29886 -3.21824e-18)
(25.6488 2.30159 0)
(25.6474 2.30446 4.97685e-19)
(25.6457 2.3075 -1.43946e-19)
(25.6438 2.3107 1.20918e-18)
(25.6417 2.31408 -5.7158e-18)
(25.6393 2.31765 9.23394e-20)
(25.6368 2.32142 3.43679e-19)
(25.634 2.32542 3.87943e-19)
(25.6309 2.32964 -5.10581e-18)
(25.6277 2.33411 5.96614e-18)
(25.6243 2.33884 1.43031e-18)
(25.6207 2.34384 1.45051e-17)
(25.617 2.34914 2.38495e-19)
(25.6131 2.35475 -5.43915e-18)
(25.609 2.36068 1.04933e-17)
(25.6049 2.36695 4.92275e-19)
(25.6006 2.37358 4.21495e-18)
(25.5962 2.38059 -1.00038e-17)
(25.5918 2.38799 -3.12419e-19)
(25.5873 2.3958 -9.0652e-18)
(25.5827 2.40404 -9.37959e-19)
(25.5781 2.41272 2.22135e-17)
(25.5736 2.42186 -1.48549e-17)
(25.5691 2.43147 1.91274e-17)
(25.5646 2.44157 1.71412e-18)
(25.5601 2.45217 -4.1942e-18)
(25.5558 2.46328 9.14758e-18)
(25.5516 2.4749 -3.1888e-17)
(25.5476 2.48705 7.00933e-19)
(25.5437 2.49973 7.39799e-18)
(25.54 2.51294 -4.97832e-19)
(25.5365 2.52669 1.1791e-17)
(25.5333 2.54096 -2.60366e-17)
(25.5304 2.55576 5.44101e-17)
(25.5278 2.57107 2.72855e-17)
(25.5256 2.58689 -1.89333e-17)
(25.5238 2.60319 -4.50023e-18)
(25.5224 2.61997 -2.69973e-17)
(25.5215 2.6372 5.41617e-17)
(25.5211 2.65486 -1.53571e-18)
(25.5213 2.67292 -8.42283e-17)
(25.522 2.69134 -5.17422e-18)
(25.5233 2.7101 1.46077e-16)
(25.5251 2.72913 4.5806e-18)
(25.5273 2.7484 3.07184e-17)
(25.6873 2.34355 1.19979e-18)
(25.6875 2.34423 9.0935e-19)
(25.6875 2.34604 1.33844e-18)
(25.6875 2.34759 -5.09041e-20)
(25.6873 2.34935 -2.20337e-19)
(25.6869 2.35115 5.94715e-19)
(25.6863 2.35307 -1.63304e-18)
(25.6855 2.35507 -8.05733e-20)
(25.6846 2.35719 2.63833e-18)
(25.6834 2.35943 0)
(25.6821 2.36178 -2.59984e-18)
(25.6805 2.36427 2.04453e-18)
(25.6788 2.36689 -1.40354e-20)
(25.6769 2.36967 5.32007e-18)
(25.6747 2.3726 2.70436e-18)
(25.6724 2.37571 6.63944e-18)
(25.6699 2.379 -4.037e-19)
(25.6671 2.38248 4.49562e-18)
(25.6642 2.38617 -5.63843e-19)
(25.6612 2.39008 5.17488e-19)
(25.6579 2.39422 -1.2365e-17)
(25.6545 2.39861 7.97883e-18)
(25.651 2.40327 -1.30197e-19)
(25.6473 2.40821 1.86987e-19)
(25.6435 2.41344 -8.79441e-18)
(25.6396 2.41899 5.31564e-18)
(25.6355 2.42486 3.81981e-18)
(25.6314 2.43108 4.8465e-21)
(25.6272 2.43767 4.97818e-19)
(25.623 2.44464 -8.07582e-19)
(25.6186 2.452 -1.52674e-17)
(25.6143 2.45978 1.32298e-17)
(25.61 2.46799 7.98044e-18)
(25.6056 2.47664 -2.1795e-19)
(25.6013 2.48576 6.65265e-19)
(25.597 2.49534 -5.51303e-20)
(25.5928 2.50542 1.11622e-17)
(25.5887 2.51599 6.37153e-18)
(25.5846 2.52707 -2.69461e-17)
(25.5808 2.53866 -4.49152e-19)
(25.577 2.55078 6.92615e-18)
(25.5735 2.56341 7.63527e-18)
)
;

boundaryField
{
    inlet
    {
        type            freestreamVelocity;
        freestreamValue uniform (25.75 3.62 0);
        value           nonuniform List<vector> 
13
(
(25.6677 3.33233 5.20412e-17)
(25.6699 3.32686 6.34895e-17)
(25.6724 3.32165 -5.08495e-17)
(25.6751 3.3166 -1.35537e-16)
(25.6772 3.3115 1.81487e-16)
(25.6778 3.30629 -1.54297e-16)
(25.6733 3.30043 3.7479e-16)
(25.6651 3.29666 -2.35743e-16)
(25.6642 3.29603 -1.24074e-16)
(25.6701 3.29764 1.23279e-16)
(25.6772 3.29936 -3.96998e-19)
(25.6831 3.3007 -2.80447e-19)
(25.6886 3.30188 -2.68216e-19)
)
;
    }
    outlet
    {
        type            freestreamVelocity;
        freestreamValue nonuniform List<vector> 0();
        value           nonuniform List<vector> 0();
    }
    walls
    {
        type            noSlip;
    }
    frontAndBack
    {
        type            empty;
    }
    procBoundary2to1
    {
        type            processor;
        value           nonuniform List<vector> 
84
(
(23.5017 2.26733 9.76349e-18)
(25.0048 2.9201 -2.58316e-17)
(25.6308 2.66168 -1.92078e-16)
(25.8309 2.95773 1.99231e-16)
(25.7575 2.64969 3.31945e-17)
(25.7266 2.85953 8.90375e-17)
(25.6906 2.69199 7.57968e-17)
(25.6506 2.7534 -1.52753e-16)
(25.6141 2.69277 3.53072e-17)
(25.5744 2.69147 3.59924e-16)
(25.5354 2.66244 -6.54161e-16)
(25.495 2.64593 1.71432e-17)
(25.4544 2.62407 3.05231e-16)
(25.4131 2.6048 3.67879e-16)
(25.3715 2.58496 -4.28328e-17)
(25.3296 2.56601 3.87218e-17)
(25.2876 2.54761 -2.34803e-16)
(25.2456 2.53009 -6.84142e-16)
(25.2038 2.51357 2.6053e-16)
(25.1623 2.49822 7.47823e-16)
(25.1215 2.48423 -6.47022e-16)
(25.0814 2.47176 2.26857e-16)
(25.0424 2.461 -2.26668e-16)
(25.0047 2.45208 7.81916e-17)
(24.9684 2.44517 -2.11902e-16)
(24.934 2.44039 3.79939e-16)
(24.9014 2.43787 -5.73925e-16)
(24.8711 2.43768 6.24515e-16)
(24.8432 2.4399 -6.71451e-16)
(24.818 2.44454 7.33503e-16)
(24.7955 2.45163 8.45376e-17)
(24.776 2.46111 -4.12973e-16)
(24.7596 2.47294 -6.59822e-17)
(24.7464 2.48701 4.73175e-16)
(24.7365 2.50319 -5.5514e-16)
(24.7299 2.52135 3.31041e-16)
(24.7266 2.54129 1.78981e-16)
(24.7266 2.56283 -2.65744e-17)
(24.7266 2.56283 -2.65744e-17)
(24.6802 2.59167 -2.86398e-16)
(24.6876 2.62137 1.33422e-16)
(24.6983 2.65123 1.50118e-17)
(24.7122 2.68105 9.99985e-17)
(24.729 2.71065 1.53277e-16)
(24.7485 2.73987 7.4363e-17)
(24.7704 2.76856 2.95077e-16)
(24.7944 2.79661 -1.1422e-16)
(24.8203 2.82388 -6.57597e-17)
(24.8478 2.85031 -6.54157e-17)
(24.8768 2.87581 6.66902e-17)
(24.9069 2.90033 -1.27491e-16)
(24.938 2.92383 -8.78832e-17)
(24.9698 2.94628 7.68591e-17)
(24.9698 2.94628 7.68591e-17)
(24.9821 2.99876 1.53965e-16)
(25.0165 3.01814 -1.25246e-16)
(25.0507 3.03636 9.34076e-17)
(25.0846 3.05345 -1.02725e-16)
(25.1179 3.06945 -2.45305e-17)
(25.1505 3.08441 1.36657e-16)
(25.1823 3.09838 2.24036e-17)
(25.2133 3.11142 -9.54634e-18)
(25.2434 3.12358 8.69983e-18)
(25.2434 3.12358 8.69983e-18)
(25.2652 3.15576 4.75865e-17)
(25.2939 3.16516 -5.32171e-18)
(25.3211 3.17379 6.36145e-17)
(25.3465 3.18168 -1.06502e-16)
(25.37 3.18886 -2.04364e-16)
(25.3917 3.19528 -1.69912e-17)
(25.4085 3.2002 -1.00069e-16)
(25.4215 3.20401 -2.4116e-18)
(25.4343 3.20769 -9.29427e-17)
(25.4468 3.2112 -6.83705e-17)
(25.4468 3.2112 -6.83705e-17)
(25.4569 3.22683 1.47726e-16)
(25.4689 3.22907 1.52371e-17)
(25.4799 3.23126 2.08354e-18)
(25.4879 3.23154 -4.58931e-17)
(25.49 3.23171 -4.53765e-18)
(25.4881 3.23554 4.91352e-17)
(25.4751 3.19558 -1.40649e-16)
(25.513 3.32442 5.55786e-17)
(25.5569 2.97286 8.35398e-17)
)
;
    }
    procBoundary2to3
    {
        type            processor;
        value           nonuniform List<vector> 
88
(
(25.5598 3.32915 -1.26852e-16)
(25.6222 2.89346 1.57783e-16)
(25.5177 3.17157 -3.89911e-16)
(25.5598 3.32915 -1.26852e-16)
(25.5111 3.08359 -6.93396e-17)
(25.5481 3.12283 0)
(25.5177 3.17157 -3.89911e-16)
(25.5359 3.11858 -1.52606e-16)
(25.5574 3.07676 -2.20798e-16)
(25.5598 3.09023 4.19017e-18)
(25.5481 3.12283 0)
(25.5597 3.1017 2.94056e-17)
(25.5512 3.00617 1.86339e-17)
(25.5555 3.02085 7.36245e-17)
(25.5586 3.03314 7.34359e-17)
(25.5615 3.04593 -2.49874e-16)
(25.5574 3.07676 -2.20798e-16)
(25.5643 3.05892 6.18286e-17)
(25.5379 2.90831 1.69365e-16)
(25.5443 2.92777 -1.53145e-16)
(25.5503 2.94683 -3.97059e-17)
(25.5559 2.96543 -2.39482e-16)
(25.5512 3.00617 1.86339e-17)
(25.561 2.98357 -5.30401e-17)
(25.53 2.76785 -2.20606e-17)
(25.5331 2.78744 -1.06622e-16)
(25.5365 2.8071 -1.80182e-16)
(25.5402 2.8268 6.55828e-17)
(25.5444 2.84649 -2.10066e-17)
(25.549 2.86611 8.26301e-17)
(25.5379 2.90831 1.69365e-16)
(25.5539 2.88562 2.10453e-16)
(25.5702 2.57657 1.74921e-17)
(25.5671 2.59025 -1.00889e-16)
(25.5644 2.60445 -2.78319e-18)
(25.5619 2.61916 9.64407e-17)
(25.5599 2.63436 -1.04243e-16)
(25.5583 2.65006 1.65852e-17)
(25.5571 2.66621 7.57643e-18)
(25.5564 2.68282 -2.10619e-17)
(25.5562 2.69984 1.2913e-16)
(25.5565 2.71724 1.82242e-16)
(25.5573 2.73498 1.36404e-17)
(25.53 2.76785 -2.20606e-17)
(25.5584 2.75303 4.94535e-17)
(25.7171 2.39948 2.29742e-18)
(25.7172 2.40007 -1.52987e-19)
(25.7171 2.40155 5.63782e-19)
(25.717 2.40283 7.59854e-19)
(25.7166 2.40428 3.51888e-19)
(25.7162 2.40576 3.84105e-20)
(25.7156 2.40734 -3.02451e-18)
(25.7148 2.409 -1.24068e-18)
(25.7139 2.41075 2.92723e-18)
(25.7128 2.4126 0)
(25.7116 2.41454 -4.71795e-19)
(25.7102 2.4166 6.66073e-18)
(25.7086 2.41877 2.1037e-19)
(25.7068 2.42107 7.47718e-18)
(25.7049 2.42351 7.6068e-19)
(25.7028 2.42608 1.9053e-18)
(25.7005 2.42881 6.08855e-18)
(25.6981 2.43171 3.0502e-18)
(25.6955 2.43478 8.54449e-18)
(25.6928 2.43803 -7.8647e-18)
(25.6899 2.44149 -1.16967e-17)
(25.6868 2.44516 4.45873e-18)
(25.6837 2.44905 -2.73768e-18)
(25.6804 2.45319 -8.60686e-18)
(25.6769 2.45758 -8.29875e-18)
(25.6734 2.46224 1.63153e-17)
(25.6697 2.46719 -5.73021e-18)
(25.666 2.47244 2.21249e-18)
(25.6621 2.47801 -7.9303e-18)
(25.6582 2.48391 1.29708e-17)
(25.6543 2.49017 8.26171e-18)
(25.6502 2.49679 9.89173e-18)
(25.6462 2.5038 2.51417e-17)
(25.6421 2.51122 -1.84909e-17)
(25.638 2.51905 -1.1264e-17)
(25.6339 2.52732 9.45845e-19)
(25.6298 2.53604 -1.3396e-17)
(25.6257 2.54522 -5.41478e-18)
(25.6217 2.55487 -2.43946e-17)
(25.6178 2.56501 8.20678e-18)
(25.614 2.57565 1.15731e-17)
(25.5702 2.57657 1.74921e-17)
(25.6104 2.5868 -2.68866e-17)
)
;
    }
    procBoundary2to6
    {
        type            processor;
        value           nonuniform List<vector> 
13
(
(12.686 0.751092 2.54929e-17)
(18.4287 1.08715 -2.56014e-17)
(21.1395 1.27182 -4.96078e-18)
(22.6113 1.42469 2.62451e-18)
(23.7135 1.58132 -1.22472e-18)
(24.5525 1.72518 -6.36959e-20)
(25.1108 1.85171 -4.90619e-19)
(25.4087 1.96092 -2.06068e-18)
(25.5215 2.0543 1.37726e-18)
(25.5661 2.13657 -1.22141e-18)
(25.6078 2.21127 6.84841e-19)
(25.6505 2.2794 -1.68185e-19)
(25.6871 2.34136 3.6728e-19)
)
;
    }
}


// ************************************************************************* //
