/*--------------------------------*- C++ -*----------------------------------*\
| =========                 |                                                 |
| \\      /  F ield         | OpenFOAM: The Open Source CFD Toolbox           |
|  \\    /   O peration     | Version:  2306                                  |
|   \\  /    A nd           | Website:  www.openfoam.com                      |
|    \\/     M anipulation  |                                                 |
\*---------------------------------------------------------------------------*/
FoamFile
{
    version     2.0;
    format      ascii;
    arch        "LSB;label=32;scalar=64";
    class       volVectorField;
    location    "950";
    object      momentError;
}
// * * * * * * * * * * * * * * * * * * * * * * * * * * * * * * * * * * * * * //

dimensions      [0 1 -2 0 0 0 0];

internalField   nonuniform List<vector> 
1340
(
(0.00016504 1.78588e-05 1.26148e-15)
(2.56936e-05 -2.00527e-05 -2.16462e-15)
(0.000339197 -0.000128744 -1.10573e-14)
(0.00219512 -0.00126867 -2.14937e-14)
(4.5102e-05 1.45102e-05 -1.55113e-15)
(0.000220163 2.65331e-05 -6.65598e-17)
(0.000284139 1.76677e-05 3.77963e-15)
(0.00158169 0.000199789 9.20382e-15)
(0.000171422 3.12216e-05 3.72873e-17)
(4.45379e-05 8.05764e-06 1.44751e-14)
(0.000232431 6.29758e-05 8.75125e-15)
(0.00124621 0.000217654 -1.0338e-13)
(-0.000276919 -0.00105835 7.59922e-15)
(0.000623398 0.00191819 -1.28761e-14)
(0.000255225 -0.0003566 -2.99211e-14)
(0.00110653 0.000241015 -1.06438e-16)
(0.000302811 0.00125219 -6.92494e-16)
(0.000152519 -0.00253877 1.03027e-14)
(0.000176364 0.000503843 -1.08707e-14)
(0.00107818 0.000133135 5.48108e-15)
(0.000241873 -5.24069e-05 -1.19157e-14)
(-0.00021476 0.000802851 3.44892e-15)
(0.000377716 -0.000268958 4.42061e-14)
(0.00133699 -0.00043985 3.1052e-14)
(-1.35593e-06 -0.000175701 7.24258e-15)
(0.000123954 -0.000117852 -1.53646e-15)
(0.000246091 8.8471e-05 -2.47753e-15)
(0.000712631 0.000405174 -4.22939e-14)
(9.37559e-05 -1.29421e-05 -3.42321e-15)
(0.000137028 2.43193e-05 -6.46792e-15)
(0.000227518 9.03722e-05 3.78679e-15)
(0.000318795 0.000601872 -2.25902e-14)
(8.64838e-05 -2.39292e-06 -1.09979e-15)
(0.000135691 4.61607e-06 8.89104e-16)
(0.000245558 5.01566e-05 -8.14319e-15)
(0.000667443 0.000191848 7.93267e-15)
(8.73465e-05 1.92036e-06 -4.81391e-16)
(0.000135436 1.24583e-05 -2.28722e-14)
(0.000239891 5.82953e-05 6.30214e-16)
(0.000544372 0.000241365 1.68673e-14)
(8.69594e-05 4.80861e-06 2.33567e-15)
(0.000133835 1.49023e-05 2.05433e-14)
(0.000234468 5.84914e-05 7.87447e-15)
(0.000489403 0.000232457 -7.15149e-14)
(8.64055e-05 7.02228e-06 7.27907e-15)
(0.000131482 1.80249e-05 -4.67781e-15)
(0.00022543 6.35234e-05 -2.28053e-14)
(0.000426774 0.000239476 4.09795e-14)
(8.57407e-05 9.10124e-06 -1.25873e-14)
(0.000128947 2.09486e-05 4.02359e-15)
(0.000215305 6.79347e-05 2.53902e-14)
(0.000370863 0.00024223 6.16962e-14)
(8.48547e-05 1.10614e-05 7.45368e-16)
(0.000125752 2.38848e-05 2.6238e-15)
(0.000203678 7.27368e-05 -1.32531e-14)
(0.000319552 0.00024377 -6.36308e-15)
(8.38127e-05 1.31332e-05 7.28456e-16)
(0.000122343 2.69922e-05 -6.64002e-15)
(0.000191386 7.74068e-05 -2.43984e-14)
(0.000273351 0.000242651 -2.48136e-14)
(8.24886e-05 1.50292e-05 -1.03633e-15)
(0.000118247 3.00249e-05 4.81766e-16)
(0.000178225 8.17489e-05 1.92372e-14)
(0.000231959 0.00023936 4.77229e-14)
(8.0965e-05 1.71644e-05 3.09239e-15)
(0.000113938 3.31807e-05 -4.24569e-15)
(0.000164894 8.55714e-05 1.71492e-14)
(0.000195264 0.000233817 -1.92928e-14)
(7.90963e-05 1.90797e-05 1.59434e-15)
(0.000108986 3.61757e-05 7.50056e-15)
(0.000151188 8.87681e-05 3.81842e-15)
(0.000162852 0.000226705 -9.95265e-15)
(7.70202e-05 2.09386e-05 5.65204e-15)
(0.000103869 3.91211e-05 1.59034e-14)
(0.000137699 9.12701e-05 -1.01178e-14)
(0.000134541 0.000217796 -3.12921e-14)
(7.45955e-05 2.26293e-05 -9.50879e-15)
(9.81556e-05 4.18805e-05 -1.78574e-14)
(0.00012425 9.31166e-05 -1.3247e-14)
(0.000109958 0.000207884 1.15003e-14)
(7.19086e-05 2.45815e-05 5.55263e-15)
(9.22937e-05 4.47484e-05 4.16686e-15)
(0.000111333 9.41314e-05 1.99643e-14)
(8.87821e-05 0.000196854 1.62225e-14)
(6.8787e-05 2.64851e-05 -2.00695e-15)
(8.59923e-05 4.74081e-05 2.8875e-15)
(9.88493e-05 9.4494e-05 -5.2957e-15)
(7.06123e-05 0.000185612 -1.26031e-14)
(6.54586e-05 2.83415e-05 -7.54265e-18)
(7.97268e-05 4.96105e-05 -3.6581e-15)
(8.70873e-05 9.4139e-05 -1.08325e-14)
(5.51152e-05 0.000173964 -2.18459e-15)
(6.1801e-05 3.00916e-05 1.01937e-16)
(7.31614e-05 5.15016e-05 1.74194e-15)
(7.59325e-05 9.33204e-05 1.47809e-14)
(4.20766e-05 0.000162487 1.78731e-14)
(5.79939e-05 3.1689e-05 2.43616e-15)
(6.67097e-05 5.30624e-05 -5.36333e-15)
(6.56511e-05 9.17036e-05 -4.54198e-15)
(3.11221e-05 0.000150898 -1.11227e-14)
(5.39025e-05 3.32296e-05 -9.86175e-17)
(6.01215e-05 5.42664e-05 8.99567e-15)
(5.61624e-05 8.96344e-05 -1.18244e-14)
(2.20764e-05 0.000139786 -1.96158e-14)
(4.9731e-05 3.45176e-05 4.49174e-15)
(5.38603e-05 5.47522e-05 -1.19969e-14)
(4.76079e-05 8.6816e-05 -2.31779e-15)
(1.45841e-05 0.000128917 2.12686e-14)
(4.5442e-05 3.55992e-05 -8.96023e-15)
(4.7658e-05 5.48215e-05 2.83528e-15)
(3.98364e-05 8.36568e-05 1.39005e-15)
(8.57569e-06 0.000118585 -9.70505e-15)
(4.12083e-05 3.62287e-05 7.56002e-15)
(4.18955e-05 5.41673e-05 -1.63755e-16)
(3.30074e-05 7.98202e-05 7.08259e-15)
(3.74097e-06 0.000108531 1.4064e-14)
(3.70204e-05 3.66182e-05 -8.13953e-15)
(3.63323e-05 5.31347e-05 6.89111e-15)
(2.69236e-05 7.57652e-05 2.02214e-15)
(1.52977e-08 9.90583e-05 4.63211e-16)
(3.29906e-05 3.6584e-05 -1.75599e-15)
(3.12915e-05 5.15265e-05 2.6643e-15)
(2.17291e-05 7.12153e-05 1.10591e-15)
(-2.86744e-06 8.99823e-05 -9.27276e-15)
(2.91716e-05 3.63453e-05 7.90576e-15)
(2.65522e-05 4.96486e-05 -1.50045e-15)
(1.7197e-05 6.66001e-05 -3.67958e-15)
(-4.9779e-06 8.15834e-05 -1.35902e-14)
(2.56045e-05 3.56696e-05 1.32755e-15)
(2.24077e-05 4.73191e-05 -1.19624e-16)
(1.34446e-05 6.17665e-05 1.74055e-15)
(-6.52691e-06 7.36489e-05 8.4588e-15)
(2.23206e-05 3.48629e-05 -6.34251e-15)
(1.86021e-05 4.48339e-05 -3.62229e-15)
(1.0188e-05 5.71024e-05 -1.62712e-15)
(-7.56236e-06 6.64165e-05 9.13745e-15)
(1.9305e-05 3.37963e-05 4.02121e-15)
(1.53743e-05 4.21472e-05 4.77808e-15)
(7.57349e-06 5.24394e-05 3.64605e-15)
(-8.23903e-06 5.96944e-05 -8.00826e-15)
(1.66167e-05 3.26038e-05 -2.96916e-15)
(1.24822e-05 3.95461e-05 -3.8735e-15)
(5.32591e-06 4.80365e-05 -2.11706e-15)
(-8.60095e-06 5.36647e-05 1.06789e-14)
(1.41622e-05 3.13597e-05 -1.86155e-15)
(1.01339e-05 3.67694e-05 2.9658e-15)
(3.62088e-06 4.3806e-05 1.36687e-15)
(-8.75133e-06 4.81031e-05 -3.06838e-15)
(1.21708e-05 2.95859e-05 -7.37774e-16)
(8.17109e-06 3.40429e-05 -3.03734e-15)
(2.10862e-06 3.99605e-05 3.6698e-15)
(-8.7066e-06 4.3162e-05 -2.85047e-15)
(1.20262e-05 2.37403e-05 4.84956e-15)
(9.83218e-06 2.70157e-05 -2.38794e-16)
(7.35753e-06 3.23262e-05 2.1246e-15)
(6.92898e-07 3.5987e-05 -1.46878e-15)
(-8.45552e-06 3.8716e-05 -8.22409e-15)
(1.05403e-05 2.24934e-05 -6.37951e-15)
(8.21472e-06 2.54498e-05 1.84021e-15)
(5.71762e-06 2.97594e-05 1.71775e-15)
(-1.97804e-07 3.26575e-05 -1.14235e-14)
(-8.16808e-06 3.47315e-05 1.80475e-15)
(9.17514e-06 2.12054e-05 1.45759e-15)
(6.81381e-06 2.37529e-05 -3.21839e-16)
(4.48212e-06 2.7343e-05 -8.76084e-16)
(-8.18174e-07 2.95113e-05 1.00865e-14)
(-7.79473e-06 3.10887e-05 6.41116e-15)
(7.97825e-06 1.99733e-05 8.91731e-16)
(5.54364e-06 2.21358e-05 -6.22657e-16)
(3.37795e-06 2.50843e-05 -2.18185e-15)
(-1.30588e-06 2.66899e-05 -7.18825e-17)
(-7.37613e-06 2.78762e-05 1.13481e-16)
(6.87973e-06 1.87006e-05 -3.52009e-15)
(4.55916e-06 2.04983e-05 -3.48853e-15)
(2.59325e-06 2.291e-05 -3.82653e-15)
(-1.58567e-06 2.40612e-05 -2.07592e-15)
(-6.90072e-06 2.49396e-05 -2.49766e-15)
(5.95335e-06 1.74287e-05 -1.43802e-15)
(3.68168e-06 1.8895e-05 -4.17669e-16)
(1.88027e-06 2.09316e-05 3.37716e-15)
(-1.79867e-06 2.17122e-05 1.12256e-15)
(-6.41914e-06 2.23688e-05 -6.51175e-15)
(5.1145e-06 1.61514e-05 -4.2782e-15)
(3.00251e-06 1.73732e-05 3.39654e-15)
(1.40547e-06 1.90299e-05 1.8734e-15)
(-1.84689e-06 1.95388e-05 -1.79875e-15)
(-5.90478e-06 2.0026e-05 3.29874e-15)
(4.41885e-06 1.48912e-05 1.24486e-15)
(2.42149e-06 1.59074e-05 -1.67453e-15)
(9.86786e-07 1.72813e-05 -5.73274e-16)
(-1.88866e-06 1.76054e-05 2.40965e-15)
(-5.41838e-06 1.79849e-05 5.67522e-15)
(3.79062e-06 1.36782e-05 1.78144e-15)
(1.96714e-06 1.44787e-05 -1.43829e-15)
(7.25373e-07 1.56584e-05 -2.47509e-15)
(-1.81482e-06 1.58371e-05 -1.56042e-16)
(-4.91595e-06 1.6138e-05 -4.64045e-15)
(3.29189e-06 1.25312e-05 -5.82938e-16)
(1.58955e-06 1.31361e-05 8.81667e-17)
(4.73649e-07 1.42164e-05 3.19968e-15)
(-1.77004e-06 1.42768e-05 -1.99211e-15)
(-4.46831e-06 1.45416e-05 1.26535e-15)
(2.84436e-06 1.14933e-05 -2.2906e-15)
(1.27528e-06 1.19619e-05 1.52021e-16)
(3.14758e-07 1.29021e-05 3.73116e-15)
(-1.63422e-06 1.28719e-05 -3.22274e-15)
(-4.00384e-06 1.31044e-05 -2.51726e-15)
(2.47428e-06 1.05524e-05 1.71922e-15)
(1.04782e-06 1.08916e-05 4.62767e-16)
(1.98838e-07 1.17323e-05 7.62262e-16)
(-1.54204e-06 1.16375e-05 6.05316e-16)
(-3.60634e-06 1.18559e-05 -9.63449e-16)
(2.17861e-06 9.74232e-06 8.71182e-16)
(8.60747e-07 9.89889e-06 -2.2804e-15)
(1.32876e-07 1.06706e-05 -1.95364e-15)
(-1.37807e-06 1.05217e-05 1.88924e-15)
(-3.17879e-06 1.07342e-05 4.57287e-15)
(1.97327e-06 8.81439e-06 -1.12014e-15)
(8.45982e-07 9.11805e-06 3.02928e-15)
(7.64075e-08 9.64081e-06 9.0121e-17)
(-1.25759e-06 9.53536e-06 -2.19517e-15)
(-2.83233e-06 9.74573e-06 2.81491e-15)
(2.79933e-06 7.87728e-06 -2.12018e-15)
(1.60569e-06 7.85255e-06 3.54611e-16)
(1.09109e-06 8.82963e-06 1.34317e-15)
(-8.28384e-08 8.535e-06 1.38529e-16)
(-1.07324e-06 8.65965e-06 -3.53598e-15)
(-2.44205e-06 8.85228e-06 -3.18206e-15)
(2.58997e-06 7.17652e-06 1.27129e-15)
(1.52516e-06 7.14439e-06 2.98484e-15)
(1.09657e-06 8.02119e-06 6.32689e-17)
(-7.64961e-08 7.71537e-06 -3.07456e-15)
(-9.49598e-07 7.85767e-06 9.15979e-16)
(-2.21331e-06 8.10194e-06 -2.43814e-15)
(2.46739e-06 6.4843e-06 -1.76698e-15)
(1.408e-06 6.46764e-06 -2.28282e-15)
(9.24055e-07 7.23799e-06 1.03148e-15)
(-4.30985e-08 6.96988e-06 1.47179e-15)
(-8.7776e-07 7.12266e-06 -1.4304e-15)
(-1.9247e-06 7.41642e-06 2.62983e-16)
(2.16588e-06 5.81691e-06 7.03657e-16)
(1.31068e-06 5.81243e-06 -2.93924e-16)
(9.74959e-07 6.49134e-06 6.38969e-17)
(-5.46244e-08 6.29558e-06 -1.11179e-16)
(-8.122e-07 6.45664e-06 1.74727e-15)
(-1.80596e-06 6.76227e-06 5.85364e-16)
(2.04729e-06 5.19739e-06 1.16527e-15)
(1.22412e-06 5.1939e-06 6.73153e-16)
(7.56022e-07 5.87786e-06 -2.22892e-15)
(-9.84785e-08 5.72087e-06 -1.42326e-15)
(-7.89959e-07 5.86767e-06 -1.08054e-15)
(-1.6143e-06 6.1768e-06 2.50071e-16)
(1.7297e-06 4.66134e-06 -1.37791e-15)
(1.00405e-06 4.75521e-06 -1.88535e-15)
(6.99977e-07 5.35007e-06 -1.11305e-15)
(-1.15821e-07 5.23811e-06 2.91325e-15)
(-7.29069e-07 5.34522e-06 3.96772e-16)
(-1.51186e-06 5.58784e-06 2.95015e-16)
(1.48825e-06 4.20866e-06 -1.68283e-16)
(8.504e-07 4.28149e-06 1.19804e-15)
(4.87558e-07 4.87794e-06 -6.80397e-16)
(-1.56563e-07 4.77345e-06 -5.54735e-16)
(-6.37136e-07 4.83787e-06 3.39658e-15)
(-1.30253e-06 5.06779e-06 -1.36974e-15)
(1.15485e-06 3.76613e-06 1.84824e-15)
(5.6976e-07 3.88696e-06 1.39735e-15)
(3.92846e-07 4.38576e-06 -2.44651e-15)
(-7.97141e-08 4.26879e-06 7.58291e-16)
(-5.17579e-07 4.33651e-06 -9.80929e-16)
(-1.16718e-06 4.56088e-06 1.06873e-15)
(8.71549e-07 3.34494e-06 -1.24001e-15)
(4.68361e-07 3.48838e-06 7.98677e-16)
(3.25503e-07 3.82929e-06 1.74162e-15)
(-7.65429e-08 3.77009e-06 -2.73668e-15)
(-4.55644e-07 3.8848e-06 1.4161e-15)
(-1.02302e-06 4.12948e-06 2.64388e-15)
(1.07272e-06 2.88789e-06 -4.96601e-16)
(6.02229e-07 2.91589e-06 4.3485e-16)
(4.87973e-07 3.35228e-06 3.70477e-16)
(1.82928e-07 3.29356e-06 -1.01377e-15)
(-6.9721e-08 3.3928e-06 1.37261e-16)
(-4.32509e-07 3.49203e-06 1.55232e-15)
(-9.86521e-07 3.79858e-06 5.71213e-17)
(8.22379e-07 2.65035e-06 1.46591e-15)
(4.53456e-07 2.66129e-06 1.99525e-15)
(4.3981e-07 3.03966e-06 -1.83373e-15)
(1.09483e-07 2.99597e-06 -1.12616e-16)
(-1.35495e-07 3.08393e-06 -6.98136e-16)
(-4.75658e-07 3.21854e-06 -7.65334e-16)
(-9.14474e-07 3.48754e-06 2.45351e-15)
(6.8847e-07 2.42151e-06 -1.30464e-16)
(3.63538e-07 2.41229e-06 -1.01755e-15)
(2.70494e-07 2.78266e-06 -1.21596e-15)
(1.84537e-08 2.73943e-06 2.62866e-15)
(-2.01464e-07 2.83782e-06 1.13563e-15)
(-4.66138e-07 2.93305e-06 -3.14486e-15)
(-8.50669e-07 3.18529e-06 -2.31371e-15)
(4.97055e-07 2.19512e-06 6.42586e-16)
(2.15847e-07 2.19095e-06 -7.64171e-16)
(2.01895e-07 2.53482e-06 2.20354e-16)
(-6.6683e-08 2.48954e-06 5.32786e-16)
(-2.35145e-07 2.56934e-06 -1.09201e-15)
(-4.47749e-07 2.65137e-06 -2.18637e-15)
(-7.70091e-07 2.87902e-06 2.5219e-15)
(4.15762e-07 2.01845e-06 2.81697e-15)
(1.27208e-07 1.97289e-06 5.83733e-17)
(5.69659e-08 2.31467e-06 -1.85313e-15)
(-1.27689e-07 2.24395e-06 1.48385e-16)
(-2.53739e-07 2.30194e-06 1.29665e-15)
(-4.07351e-07 2.36454e-06 5.96326e-16)
(-6.72712e-07 2.56918e-06 -4.78346e-16)
(3.01955e-07 1.86782e-06 -3.40414e-16)
(3.57359e-08 1.81399e-06 3.26187e-16)
(3.26462e-08 2.08898e-06 -5.01151e-16)
(-1.4731e-07 1.98572e-06 -7.1907e-16)
(-2.26705e-07 2.02352e-06 4.86221e-16)
(-3.53701e-07 2.07244e-06 -1.13231e-15)
(-5.91688e-07 2.26093e-06 1.82911e-16)
(2.91525e-07 1.74571e-06 1.68646e-15)
(4.38744e-08 1.65061e-06 8.08909e-16)
(1.5937e-08 1.92182e-06 2.24122e-16)
(-1.16561e-07 1.78601e-06 6.99875e-16)
(-2.03511e-07 1.81589e-06 -5.75986e-17)
(-3.13078e-07 1.85152e-06 8.10117e-16)
(-5.16575e-07 2.01626e-06 -3.77384e-17)
(2.58599e-07 1.63789e-06 7.49271e-16)
(4.36201e-08 1.5707e-06 1.82417e-15)
(5.5175e-08 1.79428e-06 -5.75336e-16)
(-9.76693e-08 1.65905e-06 -1.08864e-15)
(-1.75703e-07 1.67517e-06 6.13589e-16)
(-2.8947e-07 1.72343e-06 4.7414e-16)
(-4.74572e-07 1.8786e-06 4.45048e-16)
(2.44291e-07 1.54323e-06 8.21053e-16)
(5.73714e-08 1.46911e-06 -8.55037e-16)
(4.89451e-08 1.68141e-06 -4.58445e-16)
(-7.10376e-08 1.55697e-06 7.71338e-16)
(-1.55542e-07 1.56403e-06 1.90994e-15)
(-2.61356e-07 1.61845e-06 -8.104e-16)
(-4.29099e-07 1.77229e-06 -2.539e-15)
(2.05406e-07 1.43599e-06 -1.06435e-17)
(6.35614e-08 1.40842e-06 -5.17743e-16)
(6.35182e-08 1.52143e-06 1.24854e-17)
(-5.22014e-08 1.43242e-06 7.25978e-16)
(-1.21592e-07 1.43138e-06 -1.38605e-16)
(-2.18633e-07 1.47607e-06 -4.51168e-16)
(-3.81734e-07 1.64186e-06 6.02239e-16)
(2.48747e-07 1.22567e-06 -1.4422e-15)
(1.39981e-07 1.20191e-06 -8.67093e-16)
(1.80859e-07 1.37962e-06 -5.64574e-17)
(3.8362e-08 1.27948e-06 4.67228e-16)
(-1.9107e-08 1.27631e-06 4.405e-16)
(-9.05684e-08 1.26509e-06 1.30018e-15)
(-1.7422e-07 1.30581e-06 -6.24635e-16)
(-3.3274e-07 1.4661e-06 -1.53133e-15)
(2.22566e-07 1.02874e-06 1.55501e-16)
(1.34101e-07 9.96152e-07 -3.97707e-17)
(1.36125e-07 1.16585e-06 -5.04324e-16)
(4.63948e-08 1.08593e-06 1.23246e-15)
(-4.52407e-09 1.09171e-06 3.81676e-16)
(-6.35489e-08 1.08519e-06 -1.26855e-15)
(-1.33623e-07 1.1233e-06 -6.36905e-16)
(-2.78283e-07 1.25818e-06 3.24235e-16)
(1.61583e-07 8.53137e-07 -9.35342e-16)
(9.24416e-08 8.38927e-07 4.77447e-18)
(1.27379e-07 9.80697e-07 3.80576e-16)
(3.59867e-08 9.13268e-07 -1.37287e-15)
(-7.42784e-10 9.22725e-07 2.70998e-15)
(-4.6789e-08 9.20596e-07 -3.04028e-16)
(-9.98708e-08 9.56814e-07 -1.15037e-15)
(-2.20955e-07 1.06977e-06 1.03809e-15)
(1.60586e-07 7.59241e-07 5.25165e-17)
(7.07264e-08 7.18042e-07 5.93262e-16)
(8.59058e-08 8.69105e-07 7.44866e-16)
(2.54399e-08 7.88973e-07 -1.08847e-15)
(-3.27758e-09 7.99996e-07 1.20605e-15)
(-3.77803e-08 7.9843e-07 -6.3508e-16)
(-7.62188e-08 8.29793e-07 -1.4768e-15)
(-1.69349e-07 9.26519e-07 1.68978e-15)
(1.45926e-07 7.04684e-07 1.74299e-16)
(6.57423e-08 6.69024e-07 6.63974e-16)
(8.77258e-08 8.05619e-07 1.31546e-15)
(1.50635e-08 7.26945e-07 -2.56969e-17)
(-7.03401e-09 7.35998e-07 -1.89747e-15)
(-3.23355e-08 7.3314e-07 5.56122e-16)
(-5.55561e-08 7.587e-07 -5.48048e-16)
(-1.2251e-07 8.45549e-07 -3.61696e-16)
(1.50414e-07 7.02844e-07 -6.26371e-16)
(4.83947e-08 6.63933e-07 -9.79125e-16)
(4.80749e-08 7.93722e-07 3.07386e-16)
(9.40457e-09 7.18091e-07 1.49009e-15)
(-7.81141e-09 7.24074e-07 2.82959e-16)
(-2.43293e-08 7.17171e-07 -5.88839e-16)
(-3.83884e-08 7.3555e-07 1.33251e-16)
(-8.13114e-08 8.30938e-07 8.44341e-16)
(1.18493e-07 7.42668e-07 1.59278e-15)
(4.40907e-08 7.11795e-07 4.65309e-16)
(5.8551e-08 8.58065e-07 -1.30971e-15)
(8.58866e-09 7.87097e-07 1.39634e-16)
(-3.11958e-09 7.95682e-07 -9.35912e-16)
(-1.32774e-08 7.90789e-07 -3.36779e-16)
(-1.05796e-08 8.13465e-07 1.7406e-15)
(-1.45729e-08 9.33447e-07 -1.12693e-16)
(8.29005e-08 7.46758e-07 -1.05418e-15)
(-8.53153e-09 6.8636e-07 -4.73447e-16)
(-2.41485e-09 8.71073e-07 1.0052e-15)
(-4.82155e-09 7.94992e-07 -4.35872e-16)
(-8.20312e-09 8.03169e-07 -3.63243e-16)
(-6.81436e-09 7.94407e-07 1.22524e-15)
(5.58981e-09 8.26336e-07 -8.84998e-17)
(2.22532e-08 9.94228e-07 -8.54991e-16)
(4.68978e-08 8.08979e-07 -6.32218e-16)
(-1.39019e-09 7.84697e-07 -1.25382e-15)
(4.12815e-09 8.60446e-07 -6.62606e-16)
(3.8454e-09 8.17106e-07 2.37662e-15)
(7.61469e-09 8.19264e-07 -1.31034e-16)
(1.69731e-08 8.20032e-07 -6.26945e-16)
(4.22993e-08 8.75687e-07 -8.639e-16)
(1.04009e-07 1.05751e-06 -3.35963e-15)
(-0.0286912 -0.0115413 -1.46526e-14)
(0.00587327 0.00353578 1.77521e-14)
(0.00311099 0.00373273 -9.39184e-14)
(0.00164629 0.0031184 1.65258e-14)
(0.00077867 0.00262864 3.68629e-14)
(0.000606735 0.00260687 -1.78182e-14)
(0.000701299 0.00221456 -5.62092e-14)
(0.00045233 0.00170096 3.64423e-15)
(0.000376548 0.00164994 4.87589e-15)
(0.000316547 0.00144633 -2.55686e-14)
(0.000256565 0.00126934 -1.26923e-14)
(0.00020766 0.00111064 3.63804e-14)
(0.000165967 0.000970178 5.63701e-14)
(0.000130806 0.000846567 -3.54015e-14)
(0.000101127 0.000737518 2.21712e-14)
(7.64196e-05 0.000642541 9.86926e-15)
(5.58171e-05 0.000559359 -4.68481e-14)
(3.89409e-05 0.000487474 3.68867e-14)
(2.51344e-05 0.000424513 -5.08599e-14)
(1.41113e-05 0.000370406 3.02248e-14)
(5.26227e-06 0.000323617 -8.0705e-15)
(-1.59928e-06 0.000283614 1.88467e-15)
(-6.91198e-06 0.00024873 1.0875e-14)
(-1.08127e-05 0.000218892 -9.95733e-15)
(-1.36966e-05 0.000192958 -2.99936e-15)
(-1.56282e-05 0.000170691 -4.26653e-15)
(-1.6894e-05 0.00015106 1.61463e-14)
(-1.75087e-05 0.000133989 -1.03337e-14)
(-1.7728e-05 0.000118781 1.22514e-14)
(-1.75237e-05 0.000105447 2.20416e-15)
(-1.71229e-05 9.35038e-05 -1.40438e-14)
(-1.64614e-05 8.30025e-05 -1.23068e-14)
(-1.57302e-05 7.3587e-05 1.19066e-14)
(-1.48506e-05 6.5327e-05 8.64836e-15)
(-1.39966e-05 5.79168e-05 -2.95952e-15)
(-1.3059e-05 5.14331e-05 5.99331e-15)
(-1.21836e-05 4.56272e-05 -1.71106e-15)
(-1.1251e-05 4.05863e-05 -1.18976e-14)
(-1.04442e-05 3.59944e-05 3.52807e-15)
(-9.56012e-06 3.20004e-05 -2.02809e-16)
(-8.79733e-06 2.83736e-05 -7.94703e-16)
(-7.96892e-06 2.52326e-05 6.57842e-15)
(-7.27098e-06 2.23821e-05 -4.84521e-15)
(-6.5093e-06 1.99242e-05 -8.18251e-16)
(-5.88814e-06 1.77013e-05 7.70574e-16)
(-5.2109e-06 1.57954e-05 5.91776e-15)
(-4.67298e-06 1.40818e-05 -2.64767e-15)
(-4.08678e-06 1.26165e-05 5.59096e-15)
(-3.62486e-06 1.13036e-05 -1.04803e-15)
(-3.12394e-06 1.0173e-05 1.48379e-15)
(-2.71745e-06 9.15847e-06 1.41619e-15)
(-2.27693e-06 8.27145e-06 2.8897e-16)
(-1.91939e-06 7.54753e-06 1.53612e-15)
(-1.59141e-06 6.93528e-06 1.8666e-15)
(-1.3273e-06 6.38409e-06 -1.04594e-15)
(-1.12471e-06 5.87464e-06 -3.69644e-16)
(-1.00334e-06 5.32451e-06 -1.36936e-15)
(-8.77542e-07 4.81564e-06 1.9927e-15)
(-8.08375e-07 4.27308e-06 -3.96588e-15)
(-7.00333e-07 3.86243e-06 1.23544e-15)
(-6.56728e-07 3.49168e-06 -4.68299e-15)
(-5.90712e-07 3.18762e-06 -2.02103e-15)
(-5.30417e-07 2.93e-06 1.71065e-16)
(-4.72337e-07 2.65331e-06 3.04079e-15)
(-4.05527e-07 2.37372e-06 3.48985e-15)
(-3.32944e-07 2.11011e-06 -7.68482e-16)
(-2.84061e-07 1.84242e-06 -2.94978e-15)
(-2.56772e-07 1.61541e-06 -1.35038e-15)
(-2.48236e-07 1.5006e-06 1.87342e-15)
(-2.34522e-07 1.39404e-06 5.28607e-15)
(-2.31529e-07 1.2868e-06 -2.39359e-15)
(-2.35217e-07 1.15948e-06 2.02682e-15)
(-2.32027e-07 9.92694e-07 -1.70056e-15)
(-2.06198e-07 8.26612e-07 -7.02326e-16)
(-1.73271e-07 7.1107e-07 -8.05718e-16)
(-1.1518e-07 6.6453e-07 3.81722e-15)
(-7.43502e-08 6.85221e-07 -3.98555e-16)
(7.10353e-09 7.98929e-07 2.29187e-16)
(1.85179e-08 8.09748e-07 8.96856e-16)
(1.88055e-07 8.47646e-07 9.78968e-15)
(-0.020586 -0.000344146 3.87852e-15)
(-0.00365576 0.000477563 -4.31418e-15)
(-0.00158934 0.000698811 1.90313e-14)
(-0.00118374 0.000931614 -3.98176e-15)
(-0.00131014 0.000277625 -6.10743e-15)
(-0.000880048 0.000604162 1.92091e-15)
(-0.000751551 0.0012793 1.03851e-14)
(-0.000724016 0.000794227 -6.26952e-16)
(-0.000647737 0.000702439 -7.38935e-16)
(-0.000569706 0.000656122 3.5305e-15)
(-0.000500496 0.000608835 3.86449e-15)
(-0.000438738 0.000562853 -7.5557e-15)
(-0.000383736 0.000518485 -1.00679e-14)
(-0.000334671 0.000475275 6.31439e-15)
(-0.000291348 0.000433937 -3.5121e-15)
(-0.000252999 0.000394382 -2.51105e-15)
(-0.000219444 0.000356986 7.9059e-15)
(-0.000189963 0.000321801 -6.18787e-15)
(-0.000164424 0.000288956 9.16805e-15)
(-0.000142133 0.000258689 -5.81928e-15)
(-0.000122943 0.000230991 1.02456e-15)
(-0.00010623 0.000205958 -1.89167e-16)
(-9.19148e-05 0.000183297 -1.4433e-15)
(-7.94657e-05 0.000163164 8.80388e-16)
(-6.88064e-05 0.000145119 8.80571e-16)
(-5.95189e-05 0.000129178 1.41202e-15)
(-5.15727e-05 0.000114933 -3.25466e-15)
(-4.46337e-05 0.000102328 2.13334e-15)
(-3.87046e-05 9.09865e-05 -2.63765e-15)
(-3.35241e-05 8.09221e-05 -1.36697e-16)
(-2.91075e-05 7.18489e-05 2.30036e-15)
(-2.52394e-05 6.38078e-05 2.41278e-15)
(-2.19478e-05 5.65508e-05 -2.59798e-15)
(-1.90625e-05 5.01528e-05 -1.28331e-15)
(-1.66084e-05 4.43801e-05 1.29669e-15)
(-1.44474e-05 3.93084e-05 -1.35363e-15)
(-1.26213e-05 3.47139e-05 1.47431e-16)
(-1.09411e-05 3.08031e-05 1.87521e-15)
(-9.53211e-06 2.72137e-05 -4.04033e-16)
(-8.27947e-06 2.40499e-05 4.42815e-16)
(-7.21191e-06 2.11784e-05 6.25543e-16)
(-6.23647e-06 1.8683e-05 -1.92689e-15)
(-5.40731e-06 1.64422e-05 9.36376e-16)
(-4.63467e-06 1.45077e-05 4.48739e-16)
(-3.98942e-06 1.27862e-05 -1.11699e-15)
(-3.37646e-06 1.13066e-05 -7.93064e-16)
(-2.87718e-06 1.00064e-05 8.67892e-17)
(-2.38903e-06 8.88474e-06 -2.06575e-16)
(-2.00378e-06 7.90063e-06 -3.61007e-16)
(-1.61354e-06 7.03444e-06 6.51158e-16)
(-1.31648e-06 6.26842e-06 -6.8003e-16)
(-9.90912e-07 5.62924e-06 1.20889e-15)
(-7.69807e-07 5.09437e-06 2.60172e-16)
(-4.68124e-07 4.67851e-06 -1.44142e-16)
(-2.83025e-07 4.31526e-06 4.2775e-16)
(-5.57683e-08 4.01244e-06 9.34445e-16)
(4.19091e-08 3.66685e-06 2.08975e-16)
(1.23041e-07 3.29433e-06 1.318e-16)
(1.28971e-07 2.92883e-06 1.87782e-15)
(1.00169e-07 2.58074e-06 -1.4144e-15)
(1.12042e-07 2.3226e-06 -7.77812e-16)
(1.24313e-07 2.10103e-06 -1.48485e-15)
(1.33561e-07 1.90111e-06 -9.69566e-16)
(1.64944e-07 1.7103e-06 -2.74757e-15)
(1.85821e-07 1.50823e-06 -8.1928e-16)
(1.97102e-07 1.32092e-06 -2.07358e-16)
(1.96186e-07 1.15412e-06 6.69789e-16)
(1.46874e-07 9.96554e-07 5.13568e-16)
(1.04576e-07 8.80991e-07 -9.12844e-16)
(7.95952e-08 7.94339e-07 -2.93811e-16)
(5.88865e-08 7.0842e-07 8.6237e-16)
(2.39966e-08 6.05491e-07 -3.37766e-16)
(-7.6174e-09 4.93038e-07 -5.07708e-16)
(-3.81355e-08 3.97532e-07 7.98411e-16)
(-5.80518e-08 3.32827e-07 5.88638e-17)
(-3.05519e-08 3.2325e-07 -5.37256e-16)
(-3.73574e-08 3.3791e-07 1.16849e-15)
(-2.55271e-08 3.88819e-07 -2.37685e-16)
(-5.23759e-08 2.92821e-07 -1.5325e-16)
(1.275e-07 3.32359e-07 4.13602e-16)
(-0.00233089 -0.00113925 -1.25421e-16)
(-0.00101897 -0.000997157 -7.02999e-17)
(-0.00072015 -0.000850069 -8.54014e-17)
(-0.00076003 -0.000678101 1.09605e-16)
(-0.000807027 -0.000620563 -2.41398e-16)
(-0.000731027 -0.000678838 -1.69564e-16)
(-0.000706648 -0.000567488 1.6196e-17)
(-0.000661198 -0.000394053 -2.08809e-16)
(-0.000621612 -0.000334636 -2.3666e-16)
(-0.000576506 -0.000271493 1.07823e-16)
(-0.000533085 -0.000212552 -2.45489e-16)
(-0.000490757 -0.00016049 -2.05173e-16)
(-0.000449944 -0.000114866 1.7826e-16)
(-0.000410778 -7.57342e-05 3.57746e-16)
(-0.000373564 -4.25091e-05 -1.90612e-16)
(-0.000338336 -1.49282e-05 1.89427e-16)
(-0.000305302 7.72045e-06 9.73178e-17)
(-0.000274421 2.56669e-05 -1.28001e-17)
(-0.000245828 3.95797e-05 -3.79872e-17)
(-0.000219422 5.00394e-05 1.52377e-16)
(-0.000195245 5.75844e-05 7.16397e-16)
(-0.000173154 6.27374e-05 -3.43105e-17)
(-0.000153152 6.57211e-05 2.03552e-16)
(-0.00013507 6.71762e-05 8.66948e-17)
(-0.000118851 6.72617e-05 -1.12867e-16)
(-0.000104317 6.63634e-05 -1.89417e-16)
(-9.14018e-05 6.45482e-05 -4.93159e-16)
(-7.99261e-05 6.2132e-05 -8.84325e-18)
(-6.98119e-05 5.9178e-05 1.30352e-18)
(-6.08933e-05 5.59137e-05 1.85337e-16)
(-5.30893e-05 5.23914e-05 2.37432e-16)
(-4.62533e-05 4.88015e-05 -1.10043e-15)
(-4.02981e-05 4.51684e-05 -1.24156e-15)
(-3.511e-05 4.16256e-05 -6.14911e-16)
(-3.05991e-05 3.8164e-05 2.37203e-16)
(-2.66838e-05 3.48949e-05 6.74066e-16)
(-2.32862e-05 3.17358e-05 1.85523e-18)
(-2.03361e-05 2.88359e-05 1.51627e-16)
(-1.77422e-05 2.60887e-05 4.91895e-16)
(-1.54993e-05 2.35796e-05 5.03397e-16)
(-1.35177e-05 2.12182e-05 4.43905e-17)
(-1.18075e-05 1.91094e-05 -2.36036e-16)
(-1.02825e-05 1.71548e-05 -1.62164e-16)
(-8.96994e-06 1.54334e-05 -7.96142e-16)
(-7.79278e-06 1.38629e-05 -1.40169e-15)
(-6.78258e-06 1.2491e-05 -6.92565e-16)
(-5.87555e-06 1.12568e-05 -2.66297e-16)
(-5.09684e-06 1.01764e-05 9.38563e-16)
(-4.40243e-06 9.20778e-06 1.38104e-15)
(-3.80199e-06 8.34501e-06 -3.26995e-17)
(-3.27671e-06 7.56109e-06 4.27576e-16)
(-2.81582e-06 6.87168e-06 -1.54517e-15)
(-2.39674e-06 6.28607e-06 -1.20156e-15)
(-2.00625e-06 5.80212e-06 1.63414e-16)
(-1.61219e-06 5.42756e-06 -8.58536e-16)
(-1.28183e-06 5.0848e-06 -2.68481e-16)
(-9.65735e-07 4.76235e-06 -3.01898e-16)
(-7.61747e-07 4.39009e-06 6.05261e-16)
(-6.22866e-07 3.9945e-06 2.97677e-15)
(-5.44804e-07 3.60306e-06 5.485e-16)
(-4.90148e-07 3.24881e-06 3.30923e-15)
(-4.29113e-07 2.97057e-06 1.40988e-16)
(-3.53001e-07 2.72564e-06 3.43952e-16)
(-2.84116e-07 2.47757e-06 -1.47835e-15)
(-2.1938e-07 2.23145e-06 -2.43398e-16)
(-1.71983e-07 1.99739e-06 8.26617e-16)
(-1.43795e-07 1.78308e-06 -3.29699e-16)
(-1.37549e-07 1.60169e-06 6.27223e-16)
(-1.52729e-07 1.46829e-06 -2.15463e-16)
(-1.60136e-07 1.35176e-06 -6.7579e-16)
(-1.54374e-07 1.23964e-06 -9.3161e-16)
(-1.39861e-07 1.10209e-06 4.86598e-16)
(-1.31736e-07 9.36433e-07 1.62725e-15)
(-1.4169e-07 7.8566e-07 -1.57745e-15)
(-1.54647e-07 6.67314e-07 5.89786e-17)
(-9.49511e-08 6.29762e-07 -1.02051e-16)
(-1.18716e-07 6.21069e-07 -2.62294e-15)
(-1.25735e-07 6.70025e-07 2.06788e-15)
(-1.11494e-07 6.0303e-07 -2.08183e-17)
(5.85375e-08 7.01716e-07 -3.54632e-15)
(-0.000862638 -0.000461271 2.70521e-17)
(-0.00045453 -0.000369574 -3.34759e-17)
(-0.000227513 -0.000311025 2.89633e-18)
(-0.000172175 -0.000277854 -6.76621e-17)
(-0.00018988 -0.000303153 2.6893e-17)
(-0.000201138 -0.000307471 1.93608e-17)
(-0.00019781 -0.000286632 -1.76144e-17)
(-0.000207868 -0.000274162 -1.54372e-17)
(-0.000215005 -0.000262697 -1.57896e-16)
(-0.000218753 -0.000248692 -7.84994e-18)
(-0.000220718 -0.000231697 1.3725e-16)
(-0.000220775 -0.000213453 -1.08969e-17)
(-0.000218981 -0.000194067 5.45835e-17)
(-0.000215398 -0.000174624 -1.59509e-17)
(-0.000210213 -0.000154949 -3.63625e-19)
(-0.000203549 -0.000135774 -1.82608e-16)
(-0.000195656 -0.00011695 -3.46999e-16)
(-0.000186695 -9.91115e-05 -3.55225e-16)
(-0.000176924 -8.22786e-05 1.66748e-16)
(-0.000166528 -6.66456e-05 -2.76214e-17)
(-0.000155734 -5.22728e-05 5.20254e-16)
(-0.000144704 -3.90917e-05 -1.31799e-16)
(-0.000133632 -2.73311e-05 -3.68048e-16)
(-0.000122695 -1.68602e-05 2.92328e-16)
(-0.000112011 -7.83253e-06 -5.09566e-17)
(-0.000101711 -6.96723e-08 5.96207e-18)
(-9.18743e-05 6.3602e-06 -1.22716e-16)
(-8.26181e-05 1.1608e-05 -2.48834e-17)
(-7.39585e-05 1.56319e-05 4.52334e-17)
(-6.59639e-05 1.86438e-05 9.61549e-17)
(-5.86166e-05 2.06777e-05 4.51164e-16)
(-5.19439e-05 2.19569e-05 5.0155e-17)
(-4.58975e-05 2.25422e-05 3.21469e-16)
(-4.04714e-05 2.2635e-05 -2.00876e-16)
(-3.56061e-05 2.22655e-05 8.13615e-18)
(-3.12783e-05 2.1614e-05 7.78925e-17)
(-2.74371e-05 2.06633e-05 -5.12883e-16)
(-2.4034e-05 1.96045e-05 -1.94808e-16)
(-2.10101e-05 1.8391e-05 4.20336e-16)
(-1.83519e-05 1.7164e-05 -7.06528e-17)
(-1.60026e-05 1.58722e-05 -1.78462e-16)
(-1.39492e-05 1.46478e-05 4.92076e-16)
(-1.21349e-05 1.34313e-05 6.30315e-16)
(-1.0559e-05 1.23267e-05 7.65246e-16)
(-9.16656e-06 1.12673e-05 4.08739e-16)
(-7.96429e-06 1.03263e-05 1.88718e-16)
(-6.90219e-06 9.44711e-06 9.26121e-16)
(-5.98905e-06 8.66889e-06 -1.86336e-16)
(-5.18539e-06 7.94678e-06 -1.83817e-16)
(-4.49678e-06 7.29269e-06 -1.60865e-15)
(-3.89551e-06 6.68589e-06 2.98976e-16)
(-3.38357e-06 6.11637e-06 1.84172e-15)
(-2.92434e-06 5.63314e-06 -1.68112e-15)
(-2.50206e-06 5.2041e-06 -2.64767e-16)
(-2.09825e-06 4.87524e-06 2.50059e-16)
(-1.69634e-06 4.61584e-06 -7.89674e-16)
(-1.33657e-06 4.36082e-06 2.91539e-16)
(-1.02098e-06 4.11216e-06 -1.46663e-15)
(-8.12634e-07 3.80582e-06 -1.69825e-15)
(-6.76698e-07 3.47016e-06 -1.53519e-16)
(-5.74669e-07 3.15406e-06 -1.69807e-15)
(-4.80411e-07 2.87307e-06 4.94808e-17)
(-3.96266e-07 2.63056e-06 -3.89779e-16)
(-3.09607e-07 2.402e-06 3.97927e-15)
(-2.40635e-07 2.16621e-06 6.34464e-16)
(-2.0043e-07 1.94387e-06 -8.29913e-17)
(-1.67746e-07 1.74305e-06 5.68449e-16)
(-1.52276e-07 1.57356e-06 -3.03857e-16)
(-1.53814e-07 1.44628e-06 7.13127e-16)
(-1.52698e-07 1.33014e-06 2.04475e-15)
(-1.44396e-07 1.20933e-06 1.64684e-15)
(-1.26332e-07 1.07008e-06 1.23137e-15)
(-1.16068e-07 9.15161e-07 4.16477e-16)
(-1.30462e-07 7.7244e-07 4.68263e-17)
(-1.51312e-07 6.34697e-07 -2.15141e-18)
(-9.03611e-08 5.91732e-07 5.31754e-16)
(-1.22212e-07 5.86416e-07 -4.11481e-15)
(-1.42545e-07 6.204e-07 -3.44172e-15)
(-1.07624e-07 5.61809e-07 5.97683e-17)
(-1.94812e-08 6.71295e-07 5.79027e-16)
(-0.000229837 -0.000304413 9.00403e-17)
(0.000224145 -0.000172861 4.69755e-17)
(-0.000256333 -0.000208217 -6.59886e-18)
(1.17578e-05 -0.000256209 -3.3846e-17)
(-4.17738e-05 -0.000223792 -3.38913e-16)
(-5.14022e-05 -0.000207942 -9.011e-17)
(-5.54532e-05 -0.00018849 1.41106e-16)
(-6.25732e-05 -0.000183181 -1.12344e-17)
(-6.83727e-05 -0.000179566 6.37685e-17)
(-7.34121e-05 -0.000174912 -8.90403e-17)
(-7.82152e-05 -0.000168999 -3.53528e-16)
(-8.26064e-05 -0.00016228 -1.29013e-16)
(-8.65491e-05 -0.000154616 1.7227e-16)
(-8.98747e-05 -0.000146466 4.09782e-17)
(-9.26368e-05 -0.000137775 -2.53309e-16)
(-9.46519e-05 -0.00012866 -7.67402e-17)
(-9.60174e-05 -0.000119109 6.15643e-17)
(-9.65583e-05 -0.000109316 2.29537e-16)
(-9.64327e-05 -9.936e-05 -2.9431e-17)
(-9.54927e-05 -8.94107e-05 -1.04552e-16)
(-9.3915e-05 -7.95496e-05 -4.87472e-17)
(-9.15877e-05 -6.97816e-05 -1.51226e-16)
(-8.87007e-05 -6.01985e-05 -4.74472e-16)
(-8.51969e-05 -5.09085e-05 -4.86439e-18)
(-8.12757e-05 -4.20583e-05 -2.12185e-16)
(-7.69349e-05 -3.37084e-05 -1.53677e-16)
(-7.23423e-05 -2.59881e-05 1.45376e-16)
(-6.75271e-05 -1.89066e-05 -2.35252e-16)
(-6.26454e-05 -1.26707e-05 -2.31641e-16)
(-5.77438e-05 -7.20863e-06 -3.51113e-16)
(-5.29326e-05 -2.62401e-06 -4.67733e-16)
(-4.82545e-05 1.21038e-06 3.80748e-16)
(-4.37732e-05 4.24295e-06 2.74156e-16)
(-3.95181e-05 6.62627e-06 -3.37074e-17)
(-3.55238e-05 8.37107e-06 7.7915e-16)
(-3.18035e-05 9.63755e-06 -2.76775e-16)
(-2.83766e-05 1.03959e-05 -1.06444e-15)
(-2.52326e-05 1.08541e-05 2.85764e-16)
(-2.23586e-05 1.09714e-05 -9.34545e-16)
(-1.97614e-05 1.09056e-05 1.22791e-16)
(-1.74183e-05 1.06187e-05 -3.14595e-16)
(-1.5328e-05 1.02617e-05 -4.9156e-16)
(-1.34561e-05 9.78273e-06 -2.25146e-16)
(-1.1806e-05 9.30673e-06 2.97862e-18)
(-1.03346e-05 8.77522e-06 7.94187e-16)
(-9.04973e-06 8.2802e-06 4.96076e-17)
(-7.90721e-06 7.7702e-06 -3.30289e-16)
(-6.9175e-06 7.30214e-06 -4.54781e-16)
(-6.03931e-06 6.83627e-06 -4.79601e-16)
(-5.28189e-06 6.39852e-06 -1.99444e-16)
(-4.61608e-06 5.96586e-06 -2.75706e-16)
(-4.04037e-06 5.5545e-06 -1.7037e-15)
(-3.54345e-06 5.15301e-06 1.84638e-16)
(-3.07977e-06 4.80044e-06 9.72237e-17)
(-2.65834e-06 4.50276e-06 4.05254e-16)
(-2.22699e-06 4.26513e-06 1.68926e-15)
(-1.80751e-06 4.08355e-06 1.612e-15)
(-1.43623e-06 3.90496e-06 1.90661e-16)
(-1.1457e-06 3.70919e-06 -2.1355e-15)
(-9.17566e-07 3.43922e-06 -1.59253e-16)
(-7.54788e-07 3.14022e-06 -2.03079e-15)
(-6.31316e-07 2.88876e-06 2.82582e-16)
(-5.17519e-07 2.65724e-06 1.32741e-15)
(-4.1807e-07 2.42425e-06 -2.61628e-15)
(-3.45046e-07 2.20653e-06 -1.0525e-15)
(-3.03473e-07 1.98926e-06 4.1806e-17)
(-2.62262e-07 1.78795e-06 5.7312e-17)
(-2.26568e-07 1.62775e-06 8.20829e-16)
(-2.01987e-07 1.50404e-06 -1.97619e-16)
(-1.93533e-07 1.38156e-06 -5.1877e-16)
(-1.80937e-07 1.25759e-06 -4.00879e-16)
(-1.56877e-07 1.11463e-06 -1.62398e-15)
(-1.40379e-07 9.60426e-07 7.74925e-17)
(-1.49403e-07 8.16949e-07 8.55856e-16)
(-1.45917e-07 6.62577e-07 -2.30722e-18)
(-1.28e-07 6.02223e-07 7.87103e-17)
(-1.4223e-07 6.0492e-07 1.53816e-16)
(-1.57885e-07 6.36904e-07 1.06211e-15)
(-1.07032e-07 5.88084e-07 -2.34898e-16)
(-5.05269e-08 7.06469e-07 2.95405e-16)
(-0.00151313 -0.000398129 4.73035e-17)
(0.00151916 0.000380808 -2.05465e-17)
(-0.000808996 4.01851e-05 1.01699e-17)
(0.00059949 -0.000533698 -1.82987e-17)
(4.67568e-05 -0.000146534 1.21733e-16)
(1.13342e-05 -0.000116233 -1.76532e-16)
(5.94757e-06 -0.000105755 -1.16957e-16)
(1.34263e-06 -0.000100506 1.29174e-16)
(-2.99763e-06 -9.90508e-05 9.65112e-17)
(-7.14803e-06 -9.78784e-05 2.98728e-17)
(-1.14123e-05 -9.63642e-05 -7.5822e-17)
(-1.56314e-05 -9.49032e-05 -1.95247e-16)
(-1.98459e-05 -9.32094e-05 8.90793e-17)
(-2.38817e-05 -9.14413e-05 9.10008e-17)
(-2.78207e-05 -8.91783e-05 8.40449e-17)
(-3.14869e-05 -8.67802e-05 8.54315e-17)
(-3.49577e-05 -8.38633e-05 8.51493e-17)
(-3.80409e-05 -8.06754e-05 1.15808e-16)
(-4.08434e-05 -7.68837e-05 3.66704e-16)
(-4.318e-05 -7.28626e-05 -2.21439e-16)
(-4.51739e-05 -6.83988e-05 -3.32416e-16)
(-4.66454e-05 -6.36598e-05 3.4647e-16)
(-4.77224e-05 -5.84747e-05 1.25688e-16)
(-4.82458e-05 -5.30962e-05 -2.76874e-16)
(-4.8358e-05 -4.74285e-05 -1.2927e-16)
(-4.79424e-05 -4.1721e-05 6.3517e-17)
(-4.71471e-05 -3.60321e-05 -4.35096e-16)
(-4.58889e-05 -3.04769e-05 -1.42354e-16)
(-4.43207e-05 -2.51178e-05 -1.30199e-16)
(-4.24076e-05 -2.01164e-05 1.20467e-16)
(-4.02912e-05 -1.55558e-05 -2.22414e-16)
(-3.79577e-05 -1.14646e-05 5.64881e-18)
(-3.55341e-05 -7.88691e-06 3.57716e-16)
(-3.30159e-05 -4.76944e-06 5.03677e-17)
(-3.05057e-05 -2.16055e-06 -9.01625e-17)
(-2.80005e-05 3.74925e-08 -3.67774e-17)
(-2.55814e-05 1.77521e-06 1.44022e-16)
(-2.32381e-05 3.17854e-06 1.35745e-16)
(-2.10138e-05 4.20994e-06 1.05493e-16)
(-1.89154e-05 5.00577e-06 -2.3595e-17)
(-1.69643e-05 5.51321e-06 3.39131e-16)
(-1.51639e-05 5.86802e-06 4.75e-16)
(-1.35137e-05 6.03182e-06 -5.60507e-16)
(-1.20181e-05 6.11597e-06 -2.4238e-16)
(-1.06597e-05 6.076e-06 5.34258e-16)
(-9.44727e-06 6.00544e-06 1.23331e-16)
(-8.35293e-06 5.85943e-06 2.84739e-16)
(-7.38674e-06 5.70455e-06 -2.06422e-16)
(-6.5178e-06 5.50054e-06 5.5434e-17)
(-5.75567e-06 5.2916e-06 4.32975e-16)
(-5.07391e-06 5.04914e-06 -3.36871e-16)
(-4.47908e-06 4.79467e-06 -1.45716e-15)
(-3.94651e-06 4.53016e-06 7.34975e-16)
(-3.47956e-06 4.25048e-06 2.7027e-16)
(-3.0335e-06 4.01294e-06 -7.69561e-16)
(-2.60552e-06 3.80197e-06 -5.55086e-16)
(-2.17144e-06 3.6564e-06 2.71746e-16)
(-1.77782e-06 3.57432e-06 5.04473e-17)
(-1.41783e-06 3.44183e-06 3.93602e-16)
(-1.12235e-06 3.25279e-06 -4.58524e-17)
(-9.05419e-07 3.04628e-06 1.69269e-16)
(-7.343e-07 2.81719e-06 -7.86984e-17)
(-6.0778e-07 2.59892e-06 1.0212e-15)
(-5.02215e-07 2.39951e-06 -8.42093e-16)
(-4.20329e-07 2.19795e-06 -6.18681e-16)
(-3.6347e-07 1.99005e-06 1.359e-17)
(-3.26372e-07 1.78511e-06 -3.16232e-16)
(-2.77217e-07 1.62099e-06 1.27775e-16)
(-2.42148e-07 1.51004e-06 -1.25125e-17)
(-2.20632e-07 1.40346e-06 -4.168e-16)
(-2.02862e-07 1.27046e-06 7.73951e-17)
(-1.77931e-07 1.12306e-06 -1.69672e-15)
(-1.56493e-07 9.76871e-07 -4.74041e-17)
(-1.49146e-07 8.31716e-07 3.18138e-16)
(-1.43315e-07 6.7166e-07 -4.57413e-17)
(-1.52244e-07 6.06667e-07 6.13795e-17)
(-1.51725e-07 6.07926e-07 1.13566e-15)
(-1.52199e-07 6.35303e-07 -1.05574e-15)
(-3.51258e-05 -0.00018563 -5.13777e-18)
(5.8817e-05 -0.00017339 -1.1646e-17)
(4.54152e-05 -4.09433e-05 8.3833e-18)
(-5.46302e-05 -3.94071e-05 1.25056e-17)
(3.18869e-05 -9.54009e-05 3.40782e-18)
(2.95282e-05 -8.48822e-05 1.42947e-16)
(2.65766e-05 -7.76235e-05 -1.54359e-16)
(2.34118e-05 -7.38952e-05 4.56315e-18)
(2.04953e-05 -7.16676e-05 9.19812e-17)
(1.76246e-05 -6.98721e-05 -1.75356e-18)
(1.47254e-05 -6.78201e-05 8.48438e-17)
(1.17835e-05 -6.59369e-05 4.82557e-17)
(8.81887e-06 -6.41338e-05 -1.82875e-17)
(5.82204e-06 -6.25413e-05 1.96277e-17)
(2.81496e-06 -6.07766e-05 1.35512e-18)
(-1.88754e-07 -5.91321e-05 7.43837e-17)
(-3.18171e-06 -5.74249e-05 1.995e-17)
(-6.11948e-06 -5.57559e-05 1.27946e-16)
(-9.00339e-06 -5.3826e-05 -6.39489e-17)
(-1.17529e-05 -5.1866e-05 3.82009e-18)
(-1.43973e-05 -4.96937e-05 -4.47006e-16)
(-1.68388e-05 -4.7477e-05 -9.4317e-17)
(-1.91033e-05 -4.49549e-05 2.78552e-16)
(-2.10761e-05 -4.22897e-05 -2.34785e-16)
(-2.28083e-05 -3.93342e-05 5.67016e-17)
(-2.41845e-05 -3.62174e-05 1.85224e-16)
(-2.52804e-05 -3.28687e-05 4.95957e-17)
(-2.60053e-05 -2.94527e-05 4.8565e-17)
(-2.64397e-05 -2.5929e-05 2.18326e-16)
(-2.65076e-05 -2.24396e-05 1.4454e-16)
(-2.63167e-05 -1.90535e-05 6.18951e-16)
(-2.58258e-05 -1.58242e-05 -2.20643e-16)
(-2.51304e-05 -1.28093e-05 -1.67316e-16)
(-2.42075e-05 -1.00543e-05 1.34895e-16)
(-2.31438e-05 -7.58429e-06 -8.33491e-17)
(-2.19292e-05 -5.38672e-06 1.79497e-16)
(-2.06453e-05 -3.50757e-06 3.04002e-17)
(-1.92838e-05 -1.86607e-06 -4.35291e-16)
(-1.79057e-05 -5.09584e-07 7.56329e-17)
(-1.65176e-05 6.42628e-07 1.43369e-16)
(-1.51644e-05 1.54961e-06 8.25935e-17)
(-1.38514e-05 2.31094e-06 -8.44059e-16)
(-1.2602e-05 2.87474e-06 2.28191e-17)
(-1.1423e-05 3.3378e-06 -3.48055e-16)
(-1.03194e-05 3.65493e-06 -1.45773e-16)
(-9.30039e-06 3.9086e-06 5.21551e-17)
(-8.35554e-06 4.05334e-06 4.22616e-16)
(-7.49696e-06 4.15508e-06 3.63262e-16)
(-6.70455e-06 4.17827e-06 5.11184e-16)
(-5.9923e-06 4.16512e-06 1.79349e-15)
(-5.33952e-06 4.09369e-06 -3.85481e-16)
(-4.75667e-06 3.99231e-06 8.8348e-16)
(-4.22585e-06 3.8464e-06 1.38356e-15)
(-3.74704e-06 3.67565e-06 5.08642e-17)
(-3.31245e-06 3.48568e-06 9.34153e-16)
(-2.88401e-06 3.31575e-06 2.8406e-16)
(-2.47882e-06 3.21763e-06 -1.07459e-15)
(-2.08196e-06 3.15944e-06 2.42028e-17)
(-1.68859e-06 3.10942e-06 -1.7766e-16)
(-1.3561e-06 3.01133e-06 2.95947e-16)
(-1.06068e-06 2.85763e-06 9.04759e-16)
(-8.61587e-07 2.7047e-06 -9.8946e-17)
(-6.97695e-07 2.54034e-06 -2.14271e-15)
(-5.82401e-07 2.34488e-06 2.8823e-15)
(-4.80289e-07 2.16594e-06 1.39273e-15)
(-4.15334e-07 1.98073e-06 4.05111e-17)
(-3.80611e-07 1.78041e-06 -3.63744e-16)
(-3.27197e-07 1.61774e-06 -1.4963e-15)
(-2.95637e-07 1.50742e-06 2.96477e-16)
(-2.59656e-07 1.40136e-06 2.23503e-16)
(-2.32682e-07 1.2768e-06 1.33142e-16)
(-2.1005e-07 1.12862e-06 2.86571e-15)
(-1.77603e-07 9.82132e-07 -1.8572e-15)
(-1.57183e-07 8.4325e-07 -6.39283e-16)
(-1.50895e-07 6.83434e-07 -4.39798e-17)
(-1.64309e-07 6.06922e-07 -6.0248e-16)
(1.284e-05 -7.4641e-05 -1.169e-16)
(6.43129e-05 -4.22556e-05 -7.689e-17)
(2.48246e-05 -4.09119e-05 -1.3589e-18)
(5.22312e-05 -5.66904e-05 7.75642e-18)
(4.01217e-05 -4.81231e-05 -2.33479e-17)
(3.62271e-05 -4.37369e-05 3.14216e-17)
(3.40088e-05 -3.98384e-05 9.67223e-17)
(3.1863e-05 -3.76276e-05 -8.23428e-17)
(2.9747e-05 -3.64234e-05 -7.33579e-17)
(2.75623e-05 -3.55196e-05 -2.11884e-17)
(2.53076e-05 -3.45942e-05 -4.17624e-17)
(2.29936e-05 -3.37991e-05 3.11474e-17)
(2.06404e-05 -3.30669e-05 -9.38544e-17)
(1.82424e-05 -3.25495e-05 -1.26507e-16)
(1.58185e-05 -3.20627e-05 1.63112e-17)
(1.33792e-05 -3.1683e-05 4.79021e-18)
(1.09287e-05 -3.12415e-05 -3.30522e-17)
(8.47658e-06 -3.09248e-05 -1.76581e-16)
(6.02901e-06 -3.05201e-05 -1.13795e-16)
(3.621e-06 -3.01529e-05 1.21056e-16)
(1.24502e-06 -2.96019e-05 2.97633e-16)
(-1.05851e-06 -2.90781e-05 -1.6105e-16)
(-3.29963e-06 -2.84082e-05 7.08572e-17)
(-5.41211e-06 -2.76309e-05 4.94413e-17)
(-7.41532e-06 -2.65819e-05 -7.0258e-17)
(-9.23374e-06 -2.54064e-05 -4.57017e-17)
(-1.08923e-05 -2.39271e-05 1.40467e-16)
(-1.2316e-05 -2.23294e-05 -3.94515e-17)
(-1.35474e-05 -2.05389e-05 -1.04384e-16)
(-1.45131e-05 -1.86804e-05 -2.37122e-16)
(-1.52676e-05 -1.6674e-05 -3.31676e-16)
(-1.57651e-05 -1.47069e-05 2.2475e-17)
(-1.60649e-05 -1.27466e-05 -2.38893e-16)
(-1.61293e-05 -1.08606e-05 -3.51616e-16)
(-1.60291e-05 -9.07899e-06 -7.32022e-18)
(-1.5739e-05 -7.39617e-06 -3.71896e-17)
(-1.53294e-05 -5.85209e-06 9.91799e-18)
(-1.47807e-05 -4.42752e-06 1.43615e-16)
(-1.4151e-05 -3.1622e-06 2.12965e-16)
(-1.34348e-05 -2.00631e-06 -2.01991e-16)
(-1.268e-05 -1.02056e-06 -2.87296e-16)
(-1.18862e-05 -1.42166e-07 2.43524e-16)
(-1.10853e-05 5.83407e-07 3.10255e-16)
(-1.02819e-05 1.22092e-06 1.07014e-16)
(-9.49322e-06 1.72719e-06 -1.48904e-17)
(-8.72829e-06 2.16465e-06 -1.79172e-17)
(-7.99002e-06 2.49263e-06 -3.6488e-16)
(-7.29051e-06 2.76687e-06 -8.63921e-17)
(-6.62279e-06 2.94963e-06 -2.46936e-16)
(-6.00118e-06 3.09005e-06 -1.10264e-15)
(-5.41453e-06 3.15507e-06 -4.33582e-16)
(-4.87648e-06 3.17644e-06 6.02728e-16)
(-4.3739e-06 3.14144e-06 -1.19112e-15)
(-3.91716e-06 3.06203e-06 -5.98603e-17)
(-3.4968e-06 2.95045e-06 1.44552e-16)
(-3.10732e-06 2.82561e-06 -9.03632e-16)
(-2.74245e-06 2.75545e-06 -2.52458e-16)
(-2.36333e-06 2.73227e-06 1.92999e-16)
(-1.98904e-06 2.70555e-06 1.06351e-15)
(-1.60047e-06 2.65913e-06 -2.57025e-16)
(-1.28346e-06 2.61651e-06 1.80765e-15)
(-1.01668e-06 2.53534e-06 -9.70946e-17)
(-8.34042e-07 2.4048e-06 1.27473e-16)
(-6.74892e-07 2.27207e-06 -5.61078e-16)
(-5.67315e-07 2.11494e-06 -2.43522e-16)
(-4.93534e-07 1.95634e-06 -3.74718e-17)
(-4.42476e-07 1.75969e-06 5.96985e-17)
(-3.88791e-07 1.59248e-06 1.62677e-16)
(-3.40179e-07 1.49126e-06 -9.56987e-16)
(-3.04926e-07 1.39168e-06 1.50594e-16)
(-2.70943e-07 1.26888e-06 -1.64531e-16)
(-2.39241e-07 1.11825e-06 2.40492e-16)
(-1.98026e-07 9.75634e-07 1.42937e-16)
(-1.63213e-07 8.37911e-07 1.14937e-15)
(1.10038e-05 -3.26334e-05 6.83547e-17)
(2.30879e-05 -2.39298e-05 -1.00673e-17)
(1.56403e-05 -1.64099e-05 -1.52964e-17)
(1.63611e-05 -1.91538e-05 1.92793e-17)
(1.94367e-05 -1.98364e-05 -8.61468e-17)
(1.95076e-05 -1.73136e-05 -3.47231e-17)
(1.93202e-05 -1.51669e-05 1.03685e-16)
(1.89906e-05 -1.4112e-05 -9.1707e-18)
(1.85493e-05 -1.36283e-05 -5.04142e-17)
(1.79395e-05 -1.33729e-05 1.40707e-18)
(1.72019e-05 -1.31128e-05 -2.66279e-17)
(1.63234e-05 -1.29867e-05 -1.45504e-17)
(1.53589e-05 -1.28868e-05 8.77897e-17)
(1.42825e-05 -1.29254e-05 -1.14226e-18)
(1.31385e-05 -1.3015e-05 -9.5449e-18)
(1.19006e-05 -1.32134e-05 -5.42808e-19)
(1.06154e-05 -1.33631e-05 1.30962e-17)
(9.2579e-06 -1.35919e-05 -7.56087e-17)
(7.86202e-06 -1.38223e-05 -9.69447e-17)
(6.41181e-06 -1.41246e-05 -3.55266e-17)
(4.94026e-06 -1.43392e-05 3.13337e-16)
(3.44429e-06 -1.45768e-05 2.15561e-17)
(1.9412e-06 -1.47498e-05 -2.24594e-16)
(4.3699e-07 -1.49419e-05 1.52456e-17)
(-1.04399e-06 -1.49647e-05 7.01472e-18)
(-2.4742e-06 -1.49333e-05 -1.10747e-16)
(-3.84759e-06 -1.47179e-05 1.46888e-16)
(-5.1212e-06 -1.4387e-05 1.25038e-17)
(-6.30666e-06 -1.383e-05 -1.3562e-16)
(-7.35876e-06 -1.31716e-05 1.38709e-16)
(-8.29673e-06 -1.23329e-05 1.26904e-16)
(-9.06889e-06 -1.13894e-05 5.92413e-17)
(-9.7203e-06 -1.03549e-05 -3.87985e-16)
(-1.02078e-05 -9.29461e-06 2.4809e-16)
(-1.0577e-05 -8.18459e-06 -1.58987e-17)
(-1.07924e-05 -7.09173e-06 9.8665e-18)
(-1.09012e-05 -6.0305e-06 -1.50369e-17)
(-1.08729e-05 -4.99889e-06 -1.03252e-16)
(-1.07524e-05 -4.03008e-06 1.06985e-16)
(-1.0522e-05 -3.11609e-06 6.81791e-17)
(-1.02239e-05 -2.28199e-06 -9.0787e-17)
(-9.84596e-06 -1.49988e-06 -7.13919e-17)
(-9.42375e-06 -8.14441e-07 9.82847e-17)
(-8.95256e-06 -1.77565e-07 2.10421e-16)
(-8.45655e-06 3.6364e-07 4.78302e-17)
(-7.93837e-06 8.58418e-07 5.06826e-17)
(-7.41089e-06 1.26077e-06 -4.2321e-16)
(-6.88255e-06 1.61926e-06 -6.31946e-17)
(-6.35487e-06 1.89579e-06 -6.21936e-17)
(-5.84267e-06 2.12637e-06 -7.85023e-16)
(-5.3414e-06 2.28542e-06 -2.69088e-16)
(-4.86861e-06 2.40308e-06 6.21972e-16)
(-4.41682e-06 2.45462e-06 -3.75928e-16)
(-4.00083e-06 2.46628e-06 -2.33377e-16)
(-3.61835e-06 2.42312e-06 -1.71585e-16)
(-3.26972e-06 2.36793e-06 7.26391e-17)
(-2.95027e-06 2.32122e-06 -1.99839e-16)
(-2.61465e-06 2.28937e-06 -1.56191e-16)
(-2.25103e-06 2.27044e-06 6.16725e-16)
(-1.87116e-06 2.2778e-06 1.19785e-17)
(-1.5335e-06 2.27805e-06 -1.26855e-15)
(-1.24462e-06 2.28573e-06 2.90347e-16)
(-1.00932e-06 2.24722e-06 7.28676e-16)
(-8.17811e-07 2.13566e-06 -8.72046e-17)
(-6.76834e-07 2.03613e-06 -8.76701e-17)
(-5.77981e-07 1.89824e-06 1.18142e-16)
(-5.05952e-07 1.71667e-06 2.21348e-16)
(-4.38115e-07 1.54828e-06 3.26059e-16)
(-3.85802e-07 1.45273e-06 -1.38142e-15)
(-3.36717e-07 1.36611e-06 -7.41377e-16)
(-2.92555e-07 1.2399e-06 2.30477e-16)
(-1.18539e-05 -6.46828e-06 3.23453e-17)
(-6.56358e-06 -4.27448e-06 3.60299e-17)
(-7.56906e-06 -2.83019e-06 -3.07779e-18)
(-4.0711e-06 -4.32147e-06 -9.80779e-18)
(-2.1766e-06 -4.26651e-06 7.65686e-17)
(-7.28182e-07 -3.57164e-06 -3.05727e-17)
(5.69477e-07 -2.97444e-06 -4.15037e-17)
(1.68262e-06 -2.88597e-06 5.70949e-17)
(2.60964e-06 -3.06228e-06 5.49466e-17)
(3.32706e-06 -3.26054e-06 1.61661e-17)
(3.86585e-06 -3.41306e-06 3.30944e-17)
(4.22671e-06 -3.59667e-06 -8.93027e-19)
(4.4449e-06 -3.80763e-06 3.2085e-18)
(4.51817e-06 -4.0488e-06 6.85822e-17)
(4.47587e-06 -4.28277e-06 -1.66393e-17)
(4.31021e-06 -4.56908e-06 2.95321e-17)
(4.05301e-06 -4.8675e-06 3.84491e-17)
(3.69851e-06 -5.19487e-06 1.35258e-16)
(3.27065e-06 -5.50562e-06 1.06881e-16)
(2.75958e-06 -5.87378e-06 -1.28147e-16)
(2.18847e-06 -6.25188e-06 -2.34626e-16)
(1.55473e-06 -6.65747e-06 1.9526e-16)
(8.74656e-07 -7.01261e-06 -1.4011e-17)
(1.45262e-07 -7.40354e-06 -4.88521e-17)
(-6.21443e-07 -7.77339e-06 5.17105e-17)
(-1.41033e-06 -8.11354e-06 3.12667e-17)
(-2.2151e-06 -8.32808e-06 -1.39291e-16)
(-3.0156e-06 -8.48567e-06 4.64016e-17)
(-3.8069e-06 -8.47593e-06 1.39571e-16)
(-4.55492e-06 -8.39148e-06 -2.71467e-17)
(-5.27102e-06 -8.16509e-06 3.3945e-16)
(-5.91646e-06 -7.8814e-06 -3.23674e-17)
(-6.50861e-06 -7.43944e-06 2.40291e-16)
(-7.01055e-06 -6.94884e-06 7.15541e-17)
(-7.45013e-06 -6.3954e-06 -2.62148e-17)
(-7.78718e-06 -5.81011e-06 2.12306e-17)
(-8.05952e-06 -5.19687e-06 2.84781e-16)
(-8.23042e-06 -4.57063e-06 -4.71029e-17)
(-8.33555e-06 -3.94118e-06 -3.98618e-16)
(-8.34606e-06 -3.30025e-06 6.39218e-17)
(-8.29711e-06 -2.68903e-06 3.17547e-16)
(-8.16706e-06 -2.08858e-06 3.69953e-17)
(-7.98747e-06 -1.52934e-06 -4.72093e-16)
(-7.7447e-06 -9.90401e-07 -4.75521e-16)
(-7.4618e-06 -5.054e-07 -2.32783e-16)
(-7.13502e-06 -4.71139e-08 1.19262e-16)
(-6.77908e-06 3.509e-07 2.44846e-16)
(-6.39747e-06 7.18481e-07 -9.8743e-17)
(-5.99818e-06 1.02233e-06 1.73816e-16)
(-5.5916e-06 1.29879e-06 7.90755e-16)
(-5.18084e-06 1.51252e-06 1.36662e-15)
(-4.78023e-06 1.69305e-06 -1.57598e-15)
(-4.38595e-06 1.81625e-06 1.27202e-15)
(-4.01501e-06 1.89805e-06 2.7304e-17)
(-3.66401e-06 1.9321e-06 -2.75572e-16)
(-3.35656e-06 1.93228e-06 7.31271e-16)
(-3.05678e-06 1.91913e-06 5.75357e-16)
(-2.76141e-06 1.87768e-06 1.91274e-17)
(-2.41746e-06 1.84439e-06 -1.68521e-15)
(-2.10007e-06 1.85265e-06 3.52439e-16)
(-1.74171e-06 1.94068e-06 -3.93566e-16)
(-1.44378e-06 1.98672e-06 1.49947e-17)
(-1.1606e-06 1.98352e-06 5.88733e-16)
(-9.52372e-07 1.96256e-06 1.43074e-16)
(-7.81922e-07 1.90455e-06 -3.50266e-16)
(-6.58996e-07 1.79802e-06 7.89151e-16)
(-2.29371e-05 1.74754e-06 1.01119e-18)
(-2.46249e-05 2.15073e-06 -6.15595e-18)
(-2.36004e-05 3.03112e-06 -8.01729e-19)
(-2.09144e-05 2.70683e-06 1.9355e-17)
(-1.8569e-05 2.82763e-06 -6.33226e-17)
(-1.65595e-05 3.20395e-06 2.14193e-17)
(-1.46664e-05 3.43553e-06 1.05189e-17)
(-1.29011e-05 3.32933e-06 -4.7057e-17)
(-1.12908e-05 3.07717e-06 -8.41196e-18)
(-9.84633e-06 2.77062e-06 1.07838e-17)
(-8.55987e-06 2.47449e-06 2.17165e-17)
(-7.42924e-06 2.10301e-06 2.43682e-17)
(-6.44195e-06 1.70589e-06 -4.79502e-17)
(-5.59634e-06 1.24912e-06 -4.30922e-17)
(-4.87585e-06 8.08538e-07 9.29365e-18)
(-4.27981e-06 3.28566e-07 3.3657e-17)
(-3.7913e-06 -1.53586e-07 -2.52175e-17)
(-3.41211e-06 -6.61938e-07 -4.49041e-18)
(-3.12263e-06 -1.12975e-06 5.18523e-17)
(-2.92554e-06 -1.6141e-06 9.42686e-17)
(-2.80666e-06 -2.08117e-06 2.37909e-17)
(-2.77136e-06 -2.56954e-06 -1.23776e-16)
(-2.8023e-06 -3.00347e-06 1.00351e-16)
(-2.90131e-06 -3.44163e-06 1.00099e-16)
(-3.05995e-06 -3.84449e-06 -1.80662e-17)
(-3.2824e-06 -4.27015e-06 6.38631e-17)
(-3.55032e-06 -4.61987e-06 -1.06345e-16)
(-3.8574e-06 -4.9501e-06 1.67312e-17)
(-4.19716e-06 -5.20098e-06 -6.56308e-18)
(-4.54951e-06 -5.39407e-06 -5.10177e-17)
(-4.91554e-06 -5.46611e-06 -2.80572e-16)
(-5.27378e-06 -5.46084e-06 1.67446e-17)
(-5.62905e-06 -5.35646e-06 1.60445e-16)
(-5.9455e-06 -5.19364e-06 -1.00375e-16)
(-6.24427e-06 -4.9422e-06 6.57974e-17)
(-6.4943e-06 -4.65324e-06 -1.09793e-16)
(-6.71652e-06 -4.30789e-06 4.51091e-17)
(-6.87902e-06 -3.93363e-06 2.85879e-17)
(-7.00567e-06 -3.53488e-06 4.06568e-17)
(-7.07006e-06 -3.1265e-06 -9.14859e-17)
(-7.09398e-06 -2.7082e-06 -8.71677e-17)
(-7.05081e-06 -2.28241e-06 2.70917e-17)
(-6.97528e-06 -1.87014e-06 3.48524e-16)
(-6.84615e-06 -1.45592e-06 -1.44564e-16)
(-6.68513e-06 -1.06405e-06 -3.47281e-16)
(-6.47724e-06 -6.77138e-07 -1.52135e-17)
(-6.23904e-06 -3.27828e-07 2.77859e-17)
(-5.96409e-06 1.15206e-08 -2.97335e-18)
(-5.66546e-06 3.11368e-07 -2.79388e-16)
(-5.34545e-06 5.93e-07 -4.49775e-17)
(-5.01136e-06 8.33084e-07 -5.77608e-16)
(-4.67144e-06 1.05006e-06 5.93822e-16)
(-4.32167e-06 1.2134e-06 -7.57307e-16)
(-3.96954e-06 1.33875e-06 2.14643e-16)
(-3.63979e-06 1.43203e-06 2.62078e-16)
(-3.33927e-06 1.49449e-06 -2.05405e-16)
(-3.06428e-06 1.50678e-06 -3.73864e-16)
(-2.76889e-06 1.46416e-06 2.42063e-16)
(-2.50265e-06 1.45105e-06 7.95915e-16)
(-2.1883e-06 1.48294e-06 -1.64763e-16)
(-1.90051e-06 1.49126e-06 9.23906e-16)
(-2.88638e-05 1.19271e-06 1.58783e-18)
(-2.89065e-05 1.05318e-06 -2.42854e-18)
(-2.81401e-05 1.8191e-06 4.26179e-18)
(-2.66721e-05 1.85438e-06 -1.26514e-17)
(-2.52447e-05 1.93045e-06 6.00713e-17)
(-2.37834e-05 1.99878e-06 -1.7453e-17)
(-2.22656e-05 1.95414e-06 -1.62159e-17)
(-2.07328e-05 1.75157e-06 3.92138e-17)
(-1.923e-05 1.50533e-06 4.47998e-18)
(-1.77772e-05 1.23536e-06 -1.20539e-17)
(-1.63939e-05 9.6368e-07 -5.21946e-18)
(-1.50879e-05 6.57396e-07 -1.55029e-17)
(-1.38712e-05 3.50029e-07 4.76501e-17)
(-1.27459e-05 2.21752e-08 1.31445e-17)
(-1.17184e-05 -2.9779e-07 2.72338e-17)
(-1.07849e-05 -6.20177e-07 -1.16133e-17)
(-9.94767e-06 -9.22597e-07 5.01523e-17)
(-9.20221e-06 -1.23258e-06 -4.48139e-17)
(-8.5469e-06 -1.52724e-06 -5.33581e-17)
(-7.97405e-06 -1.81976e-06 -9.42312e-17)
(-7.48324e-06 -2.07885e-06 1.97001e-17)
(-7.06792e-06 -2.34806e-06 7.5301e-17)
(-6.72673e-06 -2.60769e-06 -1.5485e-16)
(-6.44854e-06 -2.86447e-06 2.32382e-19)
(-6.23682e-06 -3.07813e-06 -2.76335e-17)
(-6.08121e-06 -3.30389e-06 4.76891e-19)
(-5.98858e-06 -3.53483e-06 8.26353e-17)
(-5.93946e-06 -3.75034e-06 3.00436e-17)
(-5.94396e-06 -3.91306e-06 6.13738e-17)
(-5.98044e-06 -4.0644e-06 -2.23325e-16)
(-6.05446e-06 -4.13959e-06 -3.65506e-17)
(-6.13845e-06 -4.21277e-06 6.33649e-17)
(-6.24397e-06 -4.21435e-06 -5.27496e-17)
(-6.33848e-06 -4.18767e-06 -2.08464e-16)
(-6.44094e-06 -4.08549e-06 -6.71948e-17)
(-6.51639e-06 -3.95207e-06 1.16748e-16)
(-6.59198e-06 -3.77714e-06 -1.14917e-16)
(-6.63136e-06 -3.57458e-06 -3.36211e-17)
(-6.66072e-06 -3.33113e-06 1.26627e-18)
(-6.64901e-06 -3.05364e-06 -1.78116e-17)
(-6.59904e-06 -2.75171e-06 -1.92078e-17)
(-6.45294e-06 -2.43607e-06 4.45502e-17)
(-6.37077e-06 -2.12072e-06 -9.6132e-17)
(-6.28571e-06 -1.80124e-06 1.44927e-16)
(-6.17926e-06 -1.48223e-06 1.59417e-16)
(-6.02975e-06 -1.16969e-06 2.2563e-16)
(-5.85129e-06 -8.75095e-07 -3.9358e-16)
(-5.63616e-06 -5.8421e-07 -2.75425e-16)
(-5.39301e-06 -3.13694e-07 -9.69703e-17)
(-5.12623e-06 -4.43478e-08 -3.80036e-16)
(-4.83629e-06 1.95592e-07 -8.88725e-16)
(-4.54218e-06 4.28448e-07 7.77688e-16)
(-4.22165e-06 6.25691e-07 -7.74795e-16)
(-3.83027e-06 7.37876e-07 6.17849e-17)
(-2.28354e-05 -1.56107e-06 -2.17353e-17)
(-2.44467e-05 -1.118e-06 -2.94018e-17)
(-2.50731e-05 1.34975e-07 -1.16943e-17)
(-2.5234e-05 9.02369e-07 1.04533e-17)
(-2.51459e-05 1.44232e-06 -1.11671e-17)
(-2.47829e-05 1.75479e-06 4.7118e-17)
(-2.41985e-05 1.91392e-06 6.12817e-18)
(-2.34384e-05 1.90646e-06 -3.39611e-17)
(-2.25588e-05 1.8399e-06 -1.95461e-18)
(-2.15921e-05 1.69119e-06 3.66864e-17)
(-2.05734e-05 1.50756e-06 -1.17796e-18)
(-1.95282e-05 1.24646e-06 -3.82639e-18)
(-1.84803e-05 9.75118e-07 -4.74842e-17)
(-1.74484e-05 6.5406e-07 -6.81825e-19)
(-1.64459e-05 3.36514e-07 -7.11784e-17)
(-1.54858e-05 -1.59137e-08 -3.58701e-17)
(-1.45726e-05 -3.52495e-07 -1.69957e-17)
(-1.37167e-05 -7.10008e-07 1.59786e-17)
(-1.29158e-05 -1.04859e-06 -3.66985e-17)
(-1.21781e-05 -1.39633e-06 6.33791e-17)
(-1.14958e-05 -1.70302e-06 -9.27533e-17)
(-1.08759e-05 -2.0096e-06 -6.27509e-17)
(-1.03105e-05 -2.28695e-06 5.21864e-17)
(-9.80483e-06 -2.56145e-06 -4.33506e-17)
(-9.34692e-06 -2.78546e-06 1.73054e-17)
(-8.94275e-06 -3.00156e-06 -6.12277e-17)
(-8.58415e-06 -3.18433e-06 3.96068e-17)
(-8.2779e-06 -3.38197e-06 5.00688e-18)
(-8.00893e-06 -3.53011e-06 3.62609e-17)
(-7.78236e-06 -3.687e-06 1.15371e-16)
(-7.59015e-06 -3.8136e-06 -9.17019e-17)
(-7.42506e-06 -3.91754e-06 2.7627e-20)
(-7.29099e-06 -3.98463e-06 -1.38993e-16)
(-7.17491e-06 -4.02977e-06 1.09887e-17)
(-7.08064e-06 -4.0126e-06 2.36085e-17)
(-6.98977e-06 -3.9641e-06 -9.57421e-17)
(-6.91442e-06 -3.8496e-06 1.49496e-16)
(-6.8341e-06 -3.71646e-06 3.15567e-17)
(-6.74633e-06 -3.54164e-06 4.55275e-17)
(-6.68612e-06 -3.35076e-06 -9.94082e-18)
(-6.59653e-06 -3.07406e-06 -9.15838e-17)
(-6.09863e-06 -2.80782e-06 2.42775e-17)
)
;

boundaryField
{
    inlet
    {
        type            calculated;
        value           nonuniform List<vector> 
13
(
(4.5464e-08 0.629022 -6.32218e-16)
(-2.06759e-09 0.633725 -1.25382e-15)
(3.49306e-09 0.635563 -6.62606e-16)
(3.28452e-09 0.635394 2.37662e-15)
(7.14726e-09 0.635103 -1.31034e-16)
(1.65446e-08 0.640961 -6.26945e-16)
(4.19676e-08 0.661826 -8.639e-16)
(1.03426e-07 0.730916 -3.35963e-15)
(1.87262e-07 0.793604 9.78968e-15)
(1.25206e-07 0.786329 4.13602e-16)
(5.73785e-08 0.751515 -3.54632e-15)
(-2.15381e-08 0.727147 5.79027e-16)
(-5.09036e-08 0.712694 2.95405e-16)
)
;
    }
    outlet
    {
        type            calculated;
        value           nonuniform List<vector> 0();
    }
    walls
    {
        type            calculated;
        value           nonuniform List<vector> 4((-0.313374 2.46583 1.19974e-15) (-0.299019 2.09413 -2.25285e-15) (-0.296351 1.86383 -1.14605e-14) (0.112234 -0.614348 -2.1161e-14));
    }
    frontAndBack
    {
        type            empty;
    }
    procBoundary2to1
    {
        type            processor;
        value           nonuniform List<vector> 
84
(
(4.84839e-05 1.71131e-06 -2.90648e-15)
(9.47145e-05 -6.62357e-07 7.65901e-16)
(9.11837e-05 1.32689e-05 1.8677e-15)
(0.000159102 0.00028666 -3.23159e-15)
(2.01596e-05 -0.000464856 -9.2908e-16)
(-2.09576e-06 0.000207562 1.39486e-15)
(5.38935e-05 9.54415e-06 -3.16323e-15)
(6.76752e-05 -4.48965e-06 2.49803e-15)
(6.51836e-05 3.91067e-06 4.63044e-15)
(6.54467e-05 4.13142e-06 -6.475e-15)
(6.54028e-05 4.7682e-06 2.72915e-15)
(6.52741e-05 5.41762e-06 2.59541e-15)
(6.49642e-05 6.32497e-06 -8.87357e-15)
(6.4541e-05 7.21509e-06 2.14019e-15)
(6.39336e-05 8.14497e-06 8.07282e-15)
(6.31808e-05 9.02065e-06 -1.42096e-14)
(6.22145e-05 9.97542e-06 7.21064e-15)
(6.10861e-05 1.08417e-05 7.72353e-15)
(5.98167e-05 1.1945e-05 -8.08327e-15)
(5.83564e-05 1.30183e-05 4.35028e-16)
(5.67419e-05 1.41361e-05 3.8994e-15)
(5.48681e-05 1.53426e-05 -2.95651e-15)
(5.28471e-05 1.67885e-05 4.56466e-15)
(5.05766e-05 1.82997e-05 -1.9348e-15)
(4.82287e-05 1.9796e-05 4.68892e-15)
(4.56503e-05 2.13119e-05 -7.04198e-15)
(4.30141e-05 2.27417e-05 5.98601e-15)
(4.01886e-05 2.41321e-05 4.85143e-17)
(3.73635e-05 2.52935e-05 -4.3025e-16)
(3.44415e-05 2.63231e-05 -4.34677e-15)
(3.15614e-05 2.70269e-05 6.53311e-15)
(2.86058e-05 2.75478e-05 -2.6148e-15)
(2.57666e-05 2.77055e-05 -1.44376e-15)
(2.3054e-05 2.77059e-05 -8.18034e-15)
(2.05304e-05 2.73946e-05 9.64204e-15)
(1.81397e-05 2.69578e-05 -3.80368e-15)
(1.59594e-05 2.63488e-05 -1.26855e-15)
(1.38327e-05 2.53915e-05 1.16497e-15)
(1.38327e-05 2.53915e-05 1.16497e-15)
(1.32839e-05 2.07409e-05 -1.19992e-15)
(1.19581e-05 1.98651e-05 6.98095e-15)
(1.0769e-05 1.8949e-05 -5.59717e-15)
(9.65768e-06 1.80205e-05 -2.43747e-15)
(8.63048e-06 1.70064e-05 4.61856e-15)
(7.67907e-06 1.59814e-05 1.12309e-15)
(6.80615e-06 1.49304e-05 -1.17125e-15)
(6.02266e-06 1.38843e-05 -1.07452e-16)
(5.31788e-06 1.28428e-05 5.7768e-16)
(4.70174e-06 1.1857e-05 1.41315e-15)
(4.15103e-06 1.09494e-05 -1.769e-15)
(3.69756e-06 1.01566e-05 3.05627e-15)
(3.28565e-06 9.43476e-06 -6.41738e-16)
(2.98891e-06 8.70892e-06 -9.33824e-16)
(2.98891e-06 8.70892e-06 -9.33824e-16)
(3.58142e-06 7.86402e-06 1.76221e-16)
(3.42606e-06 7.11395e-06 -6.39614e-16)
(3.28309e-06 6.36095e-06 -1.13471e-16)
(2.93402e-06 5.68786e-06 1.01895e-15)
(2.68356e-06 5.05515e-06 1.97768e-15)
(2.31784e-06 4.50676e-06 -1.14093e-15)
(2.02627e-06 4.01569e-06 2.21566e-16)
(1.63097e-06 3.59424e-06 7.64505e-16)
(1.31927e-06 3.22817e-06 1.24066e-15)
(1.31927e-06 3.22817e-06 1.24066e-15)
(1.41258e-06 2.78883e-06 -3.88507e-16)
(1.14386e-06 2.57729e-06 2.36909e-16)
(9.45449e-07 2.36226e-06 -1.07758e-15)
(7.53979e-07 2.17411e-06 8.6862e-16)
(6.43521e-07 2.01826e-06 -2.23714e-16)
(5.45094e-07 1.88906e-06 8.64828e-16)
(5.20026e-07 1.78332e-06 -5.07735e-16)
(4.6169e-07 1.68443e-06 1.32404e-16)
(4.28061e-07 1.56188e-06 -2.30066e-17)
(3.56139e-07 1.41848e-06 1.18779e-15)
(3.56139e-07 1.41848e-06 1.18779e-15)
(3.88152e-07 1.22248e-06 -6.40931e-16)
(2.99484e-07 1.02594e-06 -8.12726e-17)
(2.49916e-07 8.75614e-07 1.02563e-16)
(2.29488e-07 7.91985e-07 2.17555e-16)
(2.30216e-07 7.40275e-07 -8.2136e-17)
(2.1435e-07 7.28788e-07 9.00819e-17)
(1.83528e-07 7.6404e-07 -3.044e-16)
(1.24197e-07 7.66501e-07 -5.35892e-17)
(6.90282e-08 8.04524e-07 -5.37711e-16)
)
;
    }
    procBoundary2to3
    {
        type            processor;
        value           nonuniform List<vector> 
88
(
(-1.12069e-07 5.78248e-07 6.04183e-16)
(-8.48404e-08 7.14131e-07 -1.95206e-15)
(-1.4677e-07 6.01305e-07 5.94286e-15)
(-1.12069e-07 5.78248e-07 6.04183e-16)
(-1.40201e-07 6.39789e-07 7.89908e-16)
(-1.48505e-07 6.7804e-07 9.75807e-17)
(-1.4677e-07 6.01305e-07 5.94286e-15)
(-1.56396e-07 6.0851e-07 6.32718e-16)
(-2.30201e-07 1.08031e-06 -1.32703e-15)
(-1.93212e-07 9.43864e-07 2.7691e-15)
(-1.48505e-07 6.7804e-07 9.75807e-17)
(-1.47963e-07 8.26103e-07 8.4667e-18)
(-5.26797e-07 1.61021e-06 2.16822e-16)
(-4.53882e-07 1.44316e-06 -2.65777e-16)
(-3.98941e-07 1.36088e-06 1.83284e-16)
(-3.47632e-07 1.29817e-06 1.12158e-15)
(-2.30201e-07 1.08031e-06 -1.32703e-15)
(-2.7971e-07 1.19126e-06 -4.12137e-16)
(-1.49165e-06 1.57326e-06 -9.60085e-16)
(-1.27367e-06 1.6567e-06 2.21608e-16)
(-1.04294e-06 1.68445e-06 3.47361e-16)
(-8.82964e-07 1.70992e-06 1.11304e-15)
(-5.26797e-07 1.61021e-06 2.16822e-16)
(-7.10489e-07 1.64696e-06 1.02631e-15)
(-3.43065e-06 8.06654e-07 4.63419e-16)
(-3.14446e-06 9.38741e-07 8.07185e-16)
(-2.87991e-06 9.91529e-07 9.941e-16)
(-2.63121e-06 1.01101e-06 -2.56764e-16)
(-2.38506e-06 9.94671e-07 7.71642e-16)
(-2.18233e-06 1.0643e-06 -7.49334e-16)
(-1.49165e-06 1.57326e-06 -9.60085e-16)
(-1.90303e-06 1.1404e-06 -2.28977e-15)
(-5.73115e-06 -2.47592e-06 -2.3942e-16)
(-5.62176e-06 -2.17424e-06 2.68119e-16)
(-5.51198e-06 -1.94953e-06 -1.10564e-16)
(-5.36403e-06 -1.71871e-06 -2.15848e-16)
(-5.20622e-06 -1.4884e-06 7.03285e-16)
(-5.01496e-06 -1.24858e-06 -5.63938e-16)
(-4.81467e-06 -1.00572e-06 9.91855e-17)
(-4.5877e-06 -7.56729e-07 6.16041e-16)
(-4.35299e-06 -5.15195e-07 -6.14698e-16)
(-4.08888e-06 -2.76316e-07 -1.85818e-15)
(-3.91219e-06 -9.83631e-09 3.37784e-17)
(-3.43065e-06 8.06654e-07 4.63419e-16)
(-3.68159e-06 2.43732e-07 -3.54437e-16)
(-1.01556e-05 -7.18317e-06 -2.3907e-17)
(-1.31148e-05 -6.62465e-06 -2.7697e-18)
(-1.54262e-05 -6.16539e-06 -2.61458e-17)
(-1.72875e-05 -5.71329e-06 -1.17639e-17)
(-1.87095e-05 -5.33918e-06 -8.89264e-18)
(-1.97371e-05 -5.05295e-06 2.48386e-17)
(-2.03833e-05 -4.81417e-06 6.72009e-17)
(-2.07299e-05 -4.62009e-06 -2.89412e-17)
(-2.07841e-05 -4.44097e-06 -5.41064e-17)
(-2.06288e-05 -4.29768e-06 2.53291e-17)
(-2.02617e-05 -4.1814e-06 -5.02823e-17)
(-1.97634e-05 -4.10379e-06 -6.09809e-17)
(-1.91244e-05 -4.03958e-06 -5.36791e-17)
(-1.84206e-05 -3.99859e-06 -1.08102e-16)
(-1.76317e-05 -3.97906e-06 -1.02434e-17)
(-1.68291e-05 -3.97621e-06 -8.98247e-17)
(-1.59825e-05 -3.9877e-06 -5.33867e-17)
(-1.51607e-05 -4.00605e-06 -1.20519e-16)
(-1.43226e-05 -4.04462e-06 -1.0008e-17)
(-1.35361e-05 -4.09375e-06 1.40507e-16)
(-1.27499e-05 -4.14589e-06 1.41576e-16)
(-1.20299e-05 -4.18609e-06 -8.4575e-17)
(-1.13189e-05 -4.23798e-06 5.85506e-17)
(-1.06834e-05 -4.29259e-06 1.26189e-16)
(-1.00584e-05 -4.33869e-06 1.14904e-17)
(-9.51007e-06 -4.36066e-06 -1.07147e-16)
(-8.97213e-06 -4.3805e-06 -7.39818e-18)
(-8.51127e-06 -4.40507e-06 2.56456e-17)
(-8.06085e-06 -4.42374e-06 -1.19015e-17)
(-7.68238e-06 -4.41566e-06 -9.52166e-17)
(-7.31709e-06 -4.40608e-06 8.1302e-17)
(-7.02103e-06 -4.39498e-06 -2.40964e-16)
(-6.73254e-06 -4.33768e-06 -9.33862e-17)
(-6.50816e-06 -4.28587e-06 1.70039e-16)
(-6.29525e-06 -4.20823e-06 3.13e-17)
(-6.13136e-06 -4.11974e-06 2.10385e-17)
(-5.97753e-06 -4.00194e-06 -3.25535e-17)
(-5.8521e-06 -3.88014e-06 4.52536e-17)
(-5.73969e-06 -3.76269e-06 2.55547e-16)
(-5.56475e-06 -3.60394e-06 -9.47062e-17)
(-5.76282e-06 -3.51967e-06 2.14521e-18)
(-5.73115e-06 -2.47592e-06 -2.3942e-16)
(-6.10289e-06 -3.22541e-06 1.81468e-17)
)
;
    }
    procBoundary2to6
    {
        type            processor;
        value           nonuniform List<vector> 
13
(
(-0.0313208 -0.0242198 -5.98704e-14)
(0.0804065 -0.00842916 1.85701e-14)
(-0.00224451 -0.000371343 2.67417e-16)
(0.00164517 -0.000704853 -4.87521e-17)
(-0.000400427 -0.000389106 8.8493e-17)
(-0.000727398 -0.00029953 2.25269e-17)
(-0.000133346 -0.000125535 6.89613e-18)
(-9.76068e-06 -6.14195e-05 5.09683e-18)
(2.6887e-06 -2.78164e-05 2.90315e-17)
(-1.74149e-05 -4.31317e-06 4.13904e-18)
(-7.48236e-06 5.00016e-06 8.97507e-18)
(-2.96789e-05 3.54527e-06 -1.19878e-18)
(-1.68762e-05 -9.31555e-07 -1.68646e-17)
)
;
    }
}


// ************************************************************************* //
