/*--------------------------------*- C++ -*----------------------------------*\
| =========                 |                                                 |
| \\      /  F ield         | OpenFOAM: The Open Source CFD Toolbox           |
|  \\    /   O peration     | Version:  2306                                  |
|   \\  /    A nd           | Website:  www.openfoam.com                      |
|    \\/     M anipulation  |                                                 |
\*---------------------------------------------------------------------------*/
FoamFile
{
    version     2.0;
    format      ascii;
    arch        "LSB;label=32;scalar=64";
    class       volVectorField;
    location    "825";
    object      momentError;
}
// * * * * * * * * * * * * * * * * * * * * * * * * * * * * * * * * * * * * * //

dimensions      [0 1 -2 0 0 0 0];

internalField   nonuniform List<vector> 
1340
(
(-0.000161203 -1.56224e-05 1.26222e-15)
(-1.62834e-05 2.41925e-05 -2.16357e-15)
(-0.000367912 0.00012769 -1.10554e-14)
(-0.00220069 0.0012573 -2.14909e-14)
(-3.79272e-05 -1.52859e-05 -1.55166e-15)
(-0.000203951 -2.44699e-05 -6.70834e-17)
(-0.000292206 -1.2366e-05 3.77889e-15)
(-0.00159591 -0.000211147 9.20253e-15)
(-6.68821e-05 -9.0157e-05 3.68144e-17)
(-1.71e-05 -4.74108e-05 1.44753e-14)
(-0.000318159 -5.03697e-05 8.74933e-15)
(-0.00130167 -0.00021806 -1.0337e-13)
(-0.000582822 -0.00183003 7.59148e-15)
(-0.000255109 -0.000266066 -1.28894e-14)
(-0.000183522 0.000650427 -2.99074e-14)
(-0.00115231 -0.000275668 -1.05031e-16)
(7.48717e-07 0.00260799 -6.87917e-16)
(-4.5503e-05 0.000262913 1.03185e-14)
(-0.000163744 -0.000758299 -1.08677e-14)
(-0.00105724 -5.20586e-05 5.48118e-15)
(0.000234689 -0.000904685 -1.19107e-14)
(-0.000128466 1.4958e-05 3.46359e-15)
(-0.000445735 0.00024939 4.41724e-14)
(-0.00130926 0.000334655 3.10368e-14)
(-5.67901e-05 8.85891e-05 7.24236e-15)
(-0.000162606 -1.55233e-05 -1.54295e-15)
(-0.000245918 -7.46443e-05 -2.46104e-15)
(-0.000719462 -0.000390411 -4.22069e-14)
(-9.0652e-05 -2.36398e-05 -3.42277e-15)
(-0.000126043 -4.24527e-05 -6.46566e-15)
(-0.00022701 -7.99962e-05 3.78589e-15)
(-0.000322788 -0.000604675 -2.26299e-14)
(-8.84043e-05 -8.19999e-06 -1.09944e-15)
(-0.000130213 -1.41883e-05 8.88886e-16)
(-0.00024791 -4.82076e-05 -8.14201e-15)
(-0.000673562 -0.000195971 7.93537e-15)
(-8.93408e-05 -1.24263e-05 -4.81076e-16)
(-0.000130518 -1.94019e-05 -2.28691e-14)
(-0.000241927 -5.53979e-05 6.30533e-16)
(-0.00054882 -0.000247625 1.68636e-14)
(-8.86267e-05 -1.36126e-05 2.33477e-15)
(-0.000129781 -2.01998e-05 2.05407e-14)
(-0.000236287 -5.60249e-05 7.87238e-15)
(-0.000493472 -0.000238008 -7.15056e-14)
(-8.78139e-05 -1.50839e-05 7.27808e-15)
(-0.000128204 -2.28834e-05 -4.67751e-15)
(-0.000227113 -6.18353e-05 -2.28011e-14)
(-0.000430545 -0.000244835 4.09787e-14)
(-8.69144e-05 -1.63189e-05 -1.25855e-14)
(-0.000126317 -2.53978e-05 4.02323e-15)
(-0.000216797 -6.71209e-05 2.53868e-14)
(-0.000374242 -0.000247368 6.16885e-14)
(-8.58291e-05 -1.75984e-05 7.45355e-16)
(-0.00012367 -2.80689e-05 2.62321e-15)
(-0.000204998 -7.27433e-05 -1.32516e-14)
(-0.000322584 -0.000248785 -6.367e-15)
(-8.46167e-05 -1.90506e-05 7.28292e-16)
(-0.000120718 -3.09569e-05 -6.63906e-15)
(-0.000192521 -7.81165e-05 -2.43956e-14)
(-0.000276027 -0.000247571 -2.48068e-14)
(-8.3153e-05 -2.04299e-05 -1.03625e-15)
(-0.000116996 -3.38351e-05 4.81748e-16)
(-0.000179199 -8.30731e-05 1.92357e-14)
(-0.000234319 -0.000244217 4.77163e-14)
(-8.15053e-05 -2.21253e-05 3.09198e-15)
(-0.000112985 -3.68714e-05 -4.24527e-15)
(-0.000165698 -8.73997e-05 1.71467e-14)
(-0.000197298 -0.000238616 -1.92928e-14)
(-7.95381e-05 -2.36809e-05 1.59416e-15)
(-0.000108267 -3.97913e-05 7.49982e-15)
(-0.000151844 -9.10301e-05 3.81778e-15)
(-0.0001646 -0.000231448 -9.94831e-15)
(-7.73684e-05 -2.52576e-05 5.65144e-15)
(-0.000103321 -4.26933e-05 1.59015e-14)
(-0.000138197 -9.38674e-05 -1.01167e-14)
(-0.000135996 -0.000222486 -3.12921e-14)
(-7.48698e-05 -2.67262e-05 -9.50788e-15)
(-9.77364e-05 -4.54366e-05 -1.78554e-14)
(-0.000124617 -9.59929e-05 -1.32451e-14)
(-0.00011115 -0.000212528 1.15023e-14)
(-7.21088e-05 -2.85018e-05 5.55214e-15)
(-9.19576e-05 -4.8279e-05 4.16656e-15)
(-0.000111558 -9.72156e-05 1.9962e-14)
(-8.97052e-05 -0.00020145 1.6219e-14)
(-6.89346e-05 -3.02623e-05 -2.00678e-15)
(-8.57169e-05 -5.09232e-05 2.8871e-15)
(-9.89583e-05 -9.77403e-05 -5.29532e-15)
(-7.13024e-05 -0.000190143 -1.26012e-14)
(-6.55497e-05 -3.1999e-05 -7.53355e-18)
(-7.94737e-05 -5.31135e-05 -3.65774e-15)
(-8.70715e-05 -9.74892e-05 -1.08313e-14)
(-5.55734e-05 -0.000178414 -2.1842e-15)
(-6.18513e-05 -3.36515e-05 1.01942e-16)
(-7.29222e-05 -5.49978e-05 1.74184e-15)
(-7.58211e-05 -9.67367e-05 1.47798e-14)
(-4.23353e-05 -0.00016684 1.78709e-14)
(-5.79954e-05 -3.51645e-05 2.43593e-15)
(-6.64579e-05 -5.65337e-05 -5.36294e-15)
(-6.54372e-05 -9.51419e-05 -4.54195e-15)
(-3.11809e-05 -0.000155159 -1.11215e-14)
(-5.38704e-05 -3.66302e-05 -9.86072e-17)
(-5.98625e-05 -5.77062e-05 8.99494e-15)
(-5.58708e-05 -9.30682e-05 -1.18233e-14)
(-2.19656e-05 -0.000143938 -1.9614e-14)
(-4.96578e-05 -3.78385e-05 4.49139e-15)
(-5.35719e-05 -5.81516e-05 -1.1996e-14)
(-4.72293e-05 -9.02244e-05 -2.31734e-15)
(-1.43057e-05 -0.000132961 2.12669e-14)
(-4.53409e-05 -3.88452e-05 -8.95957e-15)
(-4.73494e-05 -5.81749e-05 2.83507e-15)
(-3.93946e-05 -8.70213e-05 1.38969e-15)
(-8.15735e-06 -0.000122505 -9.70458e-15)
(-4.10705e-05 -3.94021e-05 7.55953e-15)
(-4.15483e-05 -5.74747e-05 -1.6374e-16)
(-3.2494e-05 -8.31295e-05 7.0822e-15)
(-3.18343e-06 -0.000112346 1.40631e-14)
(-3.68545e-05 -3.97213e-05 -8.139e-15)
(-3.59609e-05 -5.63857e-05 6.89059e-15)
(-2.63603e-05 -7.90062e-05 2.02182e-15)
(6.58803e-07 -0.000102757 4.63e-16)
(-3.27896e-05 -3.96138e-05 -1.75591e-15)
(-3.08816e-05 -5.47197e-05 2.66411e-15)
(-2.11061e-05 -7.43874e-05 1.10586e-15)
(3.65574e-06 -9.35818e-05 -9.27213e-15)
(-2.89431e-05 -3.92993e-05 7.90527e-15)
(-2.61185e-05 -5.2772e-05 -1.50036e-15)
(-1.65335e-05 -6.9691e-05 -3.67934e-15)
(5.86007e-06 -8.50689e-05 -1.35891e-14)
(-2.53441e-05 -3.85446e-05 1.32748e-15)
(-2.19377e-05 -5.03735e-05 -1.19575e-16)
(-1.27296e-05 -6.47786e-05 1.74047e-15)
(7.49896e-06 -7.70293e-05 8.45829e-15)
(-2.20306e-05 -3.76553e-05 -6.34215e-15)
(-1.81076e-05 -4.7808e-05 -3.62207e-15)
(-9.44113e-06 -6.0021e-05 -1.62703e-15)
(8.60379e-06 -6.96745e-05 9.13674e-15)
(-1.89839e-05 -3.65e-05 4.02102e-15)
(-1.48473e-05 -4.50346e-05 4.77779e-15)
(-6.78658e-06 -5.52645e-05 3.64579e-15)
(9.34371e-06 -6.28347e-05 -8.00775e-15)
(-1.62672e-05 -3.52122e-05 -2.96901e-15)
(-1.19321e-05 -4.23325e-05 -3.87328e-15)
(-4.51651e-06 -5.07528e-05 -2.11687e-15)
(9.74902e-06 -5.66695e-05 1.06782e-14)
(-1.37872e-05 -3.38599e-05 -1.86145e-15)
(-9.55669e-06 -3.94465e-05 2.96565e-15)
(-2.78217e-06 -4.64099e-05 1.36674e-15)
(9.93629e-06 -5.09728e-05 -3.06822e-15)
(-1.17719e-05 -3.19912e-05 -7.37744e-16)
(-7.56843e-06 -3.66243e-05 -3.03718e-15)
(-1.2557e-06 -4.245e-05 3.66961e-15)
(9.90816e-06 -4.5886e-05 -2.85031e-15)
(-1.18081e-05 -2.59661e-05 4.84937e-15)
(-9.46399e-06 -2.95002e-05 -2.3878e-16)
(-6.72999e-06 -3.47063e-05 2.12448e-15)
(1.84997e-07 -3.83619e-05 -1.46872e-15)
(9.6764e-06 -4.13007e-05 -8.22358e-15)
(-1.02869e-05 -2.46342e-05 -6.37924e-15)
(-7.81396e-06 -2.78215e-05 1.84011e-15)
(-5.07962e-06 -3.20268e-05 1.71766e-15)
(1.07247e-06 -3.49083e-05 -1.14229e-14)
(9.3865e-06 -3.71679e-05 1.80463e-15)
(-8.89141e-06 -2.32548e-05 1.45753e-15)
(-6.38525e-06 -2.60179e-05 -3.2182e-16)
(-3.83349e-06 -2.94903e-05 -8.76009e-16)
(1.68803e-06 -3.16351e-05 1.0086e-14)
(8.99988e-06 -3.33801e-05 6.41081e-15)
(-7.66748e-06 -2.1927e-05 8.91689e-16)
(-5.09556e-06 -2.42878e-05 -6.22625e-16)
(-2.72873e-06 -2.71081e-05 -2.18177e-15)
(2.15999e-06 -2.86821e-05 -7.18898e-17)
(8.55323e-06 -3.00175e-05 1.13488e-16)
(-6.54992e-06 -2.05583e-05 -3.51996e-15)
(-4.09694e-06 -2.25364e-05 -3.48838e-15)
(-1.94352e-06 -2.48128e-05 -3.82637e-15)
(2.42544e-06 -2.59254e-05 -2.07582e-15)
(8.04871e-06 -2.69389e-05 -2.49755e-15)
(-5.60917e-06 -1.91905e-05 -1.43797e-15)
(-3.21184e-06 -2.0821e-05 -4.17647e-16)
(-1.23921e-06 -2.27148e-05 3.37702e-15)
(2.61401e-06 -2.34493e-05 1.12251e-15)
(7.52775e-06 -2.42266e-05 -6.51143e-15)
(-4.76305e-06 -1.78191e-05 -4.27805e-15)
(-2.53056e-06 -1.91874e-05 3.3964e-15)
(-7.75146e-07 -2.06982e-05 1.87332e-15)
(2.63812e-06 -2.11555e-05 -1.79866e-15)
(6.97408e-06 -2.17521e-05 3.29859e-15)
(-4.06299e-06 -1.6467e-05 1.24481e-15)
(-1.9506e-06 -1.76141e-05 -1.67447e-15)
(-3.71725e-07 -1.88406e-05 -5.73248e-16)
(2.64949e-06 -1.91078e-05 2.40955e-15)
(6.4409e-06 -1.95847e-05 5.67497e-15)
(-3.43578e-06 -1.51669e-05 1.78138e-15)
(-1.50276e-06 -1.60844e-05 -1.43824e-15)
(-1.28503e-07 -1.71156e-05 -2.475e-15)
(2.54518e-06 -1.72333e-05 -1.56037e-16)
(5.89308e-06 -1.76225e-05 -4.64025e-15)
(-2.93944e-06 -1.39345e-05 -5.82914e-16)
(-1.13372e-06 -1.46426e-05 8.81654e-17)
(1.0149e-07 -1.55763e-05 3.19956e-15)
(2.46469e-06 -1.55726e-05 -1.99203e-15)
(5.39349e-06 -1.59176e-05 1.2653e-15)
(-2.49644e-06 -1.2809e-05 -2.29052e-15)
(-8.30873e-07 -1.33677e-05 1.52008e-16)
(2.36933e-07 -1.41669e-05 3.73103e-15)
(2.29373e-06 -1.4072e-05 -3.22262e-15)
(4.87964e-06 -1.43799e-05 -2.51717e-15)
(-2.13084e-06 -1.17797e-05 1.71916e-15)
(-6.14479e-07 -1.21968e-05 4.62753e-16)
(3.30005e-07 -1.2905e-05 7.62237e-16)
(2.16525e-06 -1.27467e-05 6.05295e-16)
(4.42969e-06 -1.30362e-05 -9.63413e-16)
(-1.84122e-06 -1.08834e-05 8.71158e-16)
(-4.40626e-07 -1.11092e-05 -2.28032e-15)
(3.72531e-07 -1.1756e-05 -1.95358e-15)
(1.96595e-06 -1.1546e-05 1.88917e-15)
(3.95413e-06 -1.18268e-05 4.5727e-15)
(-1.64039e-06 -9.89398e-06 -1.1201e-15)
(-4.39568e-07 -1.02324e-05 3.02918e-15)
(4.07968e-07 -1.06469e-05 9.01195e-17)
(1.81116e-06 -1.0481e-05 -2.1951e-15)
(3.55798e-06 -1.07557e-05 2.81482e-15)
(-2.52364e-06 -8.90336e-06 -2.12012e-15)
(-1.27576e-06 -8.94783e-06 3.54603e-16)
(-7.11345e-07 -9.7889e-06 1.34313e-15)
(5.43308e-07 -9.46313e-06 1.38522e-16)
(1.59268e-06 -9.53009e-06 -3.53586e-15)
(3.12483e-06 -9.78392e-06 -3.18195e-15)
(-2.31736e-06 -8.13513e-06 1.27126e-15)
(-1.19731e-06 -8.15989e-06 2.98475e-15)
(-7.26896e-07 -8.90576e-06 6.32702e-17)
(5.10411e-07 -8.56906e-06 -3.07447e-15)
(1.43418e-06 -8.65599e-06 9.15954e-16)
(2.84909e-06 -8.9583e-06 -2.43806e-15)
(-2.19801e-06 -7.37666e-06 -1.76693e-15)
(-1.08854e-06 -7.40753e-06 -2.28276e-15)
(-5.75463e-07 -8.04993e-06 1.03146e-15)
(4.48729e-07 -7.75184e-06 1.47174e-15)
(1.32518e-06 -7.85272e-06 -1.43036e-15)
(2.51581e-06 -8.20099e-06 2.62974e-16)
(-1.91242e-06 -6.64226e-06 7.03641e-16)
(-1.00686e-06 -6.67623e-06 -2.93917e-16)
(-6.43265e-07 -7.23537e-06 6.38964e-17)
(4.33149e-07 -7.01017e-06 -1.11175e-16)
(1.22549e-06 -7.12186e-06 1.74722e-15)
(2.35027e-06 -7.48034e-06 5.85345e-16)
(-1.8069e-06 -5.95535e-06 1.16524e-15)
(-9.35466e-07 -5.98431e-06 6.73137e-16)
(-4.4846e-07 -6.55551e-06 -2.22887e-15)
(4.46958e-07 -6.36897e-06 -1.42322e-15)
(1.16696e-06 -6.46998e-06 -1.08051e-15)
(2.11566e-06 -6.82889e-06 2.50064e-16)
(-1.51078e-06 -5.35474e-06 -1.37788e-15)
(-7.37384e-07 -5.47251e-06 -1.8853e-15)
(-4.14574e-07 -5.96304e-06 -1.11302e-15)
(4.35936e-07 -5.82225e-06 2.91318e-15)
(1.0736e-06 -5.8867e-06 3.96759e-16)
(1.97111e-06 -6.17898e-06 2.95006e-16)
(-1.28938e-06 -4.8404e-06 -1.6828e-16)
(-6.05304e-07 -4.9308e-06 1.19801e-15)
(-2.28316e-07 -5.43238e-06 -6.8038e-16)
(4.46404e-07 -5.29964e-06 -5.54721e-16)
(9.49622e-07 -5.32539e-06 3.39649e-15)
(1.72606e-06 -5.60276e-06 -1.3697e-15)
(-9.82023e-07 -4.34218e-06 1.8482e-15)
(-3.5016e-07 -4.47734e-06 1.39732e-15)
(-1.58284e-07 -4.88813e-06 -2.44645e-15)
(3.42527e-07 -4.74548e-06 7.58274e-16)
(8.02359e-07 -4.77884e-06 -9.80902e-16)
(1.55694e-06 -5.05009e-06 1.0687e-15)
(-7.17921e-07 -3.87676e-06 -1.23999e-15)
(-2.75417e-07 -4.01777e-06 7.98658e-16)
(-1.16097e-07 -4.28782e-06 1.74158e-15)
(3.13366e-07 -4.20609e-06 -2.73662e-15)
(7.13255e-07 -4.28846e-06 1.41607e-15)
(1.38121e-06 -4.57883e-06 2.64381e-15)
(-9.7135e-07 -3.38288e-06 -4.96591e-16)
(-4.56953e-07 -3.4335e-06 4.3484e-16)
(-3.28166e-07 -3.7939e-06 3.70468e-16)
(8.72707e-10 -3.71242e-06 -1.01375e-15)
(2.81621e-07 -3.78992e-06 1.37257e-16)
(6.64589e-07 -3.86036e-06 1.55228e-15)
(1.31204e-06 -4.21041e-06 5.71196e-17)
(-7.38177e-07 -3.09726e-06 1.46588e-15)
(-3.26464e-07 -3.12562e-06 1.99521e-15)
(-2.97966e-07 -3.4388e-06 -1.83369e-15)
(5.24219e-08 -3.37498e-06 -1.12614e-16)
(3.23229e-07 -3.44357e-06 -6.98121e-16)
(6.8205e-07 -3.55214e-06 -7.65315e-16)
(1.20852e-06 -3.864e-06 2.45345e-15)
(-6.17574e-07 -2.8228e-06 -1.30462e-16)
(-2.53067e-07 -2.82868e-06 -1.01753e-15)
(-1.48247e-07 -3.14198e-06 -1.21594e-15)
(1.22999e-07 -3.08167e-06 2.6286e-15)
(3.67289e-07 -3.1626e-06 1.13561e-15)
(6.4921e-07 -3.23525e-06 -3.14479e-15)
(1.11334e-06 -3.52892e-06 -2.31365e-15)
(-4.38613e-07 -2.55443e-06 6.42574e-16)
(-1.21183e-07 -2.56285e-06 -7.64157e-16)
(-9.45679e-08 -2.85871e-06 2.2035e-16)
(1.90954e-07 -2.79937e-06 5.32775e-16)
(3.81207e-07 -2.86391e-06 -1.09198e-15)
(6.08594e-07 -2.9261e-06 -2.18632e-15)
(1.00376e-06 -3.19523e-06 2.52185e-15)
(-3.63312e-07 -2.34013e-06 2.81692e-15)
(-4.25298e-08 -2.30782e-06 5.83727e-17)
(3.6757e-08 -2.6059e-06 -1.8531e-15)
(2.37258e-07 -2.52414e-06 1.48382e-16)
(3.81542e-07 -2.56876e-06 1.29663e-15)
(5.47767e-07 -2.61504e-06 5.96314e-16)
(8.78827e-07 -2.8614e-06 -4.78337e-16)
(-2.54024e-07 -2.15983e-06 -3.40408e-16)
(4.13739e-08 -2.11534e-06 3.26181e-16)
(5.42326e-08 -2.35419e-06 -5.01141e-16)
(2.45934e-07 -2.24174e-06 -7.19057e-16)
(3.3987e-07 -2.26766e-06 4.86213e-16)
(4.76506e-07 -2.30326e-06 -1.13229e-15)
(7.72088e-07 -2.53443e-06 1.82907e-16)
(-2.44685e-07 -2.01898e-06 1.68643e-15)
(3.19798e-08 -1.93144e-06 8.08896e-16)
(6.39766e-08 -2.1659e-06 2.24117e-16)
(2.06073e-07 -2.02127e-06 6.99862e-16)
(3.05186e-07 -2.04096e-06 -5.75978e-17)
(4.22591e-07 -2.06668e-06 8.10101e-16)
(6.79336e-07 -2.27519e-06 -3.77378e-17)
(-2.16344e-07 -1.89596e-06 7.49259e-16)
(2.63021e-08 -1.8314e-06 1.82415e-15)
(1.94011e-08 -2.02177e-06 -5.75327e-16)
(1.79518e-07 -1.87735e-06 -1.08862e-15)
(2.67065e-07 -1.8817e-06 6.13578e-16)
(3.87456e-07 -1.92259e-06 4.74132e-16)
(6.22407e-07 -2.12272e-06 4.45039e-16)
(-2.08203e-07 -1.78142e-06 8.21041e-16)
(6.28377e-09 -1.70827e-06 -8.55023e-16)
(1.84658e-08 -1.88939e-06 -4.58438e-16)
(1.44879e-07 -1.75671e-06 7.71326e-16)
(2.3656e-07 -1.75059e-06 1.90991e-15)
(3.48037e-07 -1.79844e-06 -8.10387e-16)
(5.61004e-07 -1.99499e-06 -2.53896e-15)
(-1.74312e-07 -1.65596e-06 -1.06433e-17)
(-9.92395e-09 -1.62156e-06 -5.17735e-16)
(-5.44986e-09 -1.71182e-06 1.24852e-17)
(1.16828e-07 -1.61519e-06 7.25967e-16)
(1.9248e-07 -1.60103e-06 -1.38602e-16)
(2.93761e-07 -1.63835e-06 -4.51162e-16)
(4.96357e-07 -1.84326e-06 6.02229e-16)
(-2.43461e-07 -1.43714e-06 -1.44218e-15)
(-1.06859e-07 -1.40953e-06 -8.67081e-16)
(-1.42861e-07 -1.5629e-06 -5.64565e-17)
(8.49142e-09 -1.45848e-06 4.67222e-16)
(7.32558e-08 -1.44585e-06 4.40494e-16)
(1.50852e-07 -1.4216e-06 1.30016e-15)
(2.3768e-07 -1.4548e-06 -6.24626e-16)
(4.30361e-07 -1.65099e-06 -1.53131e-15)
(-2.2396e-07 -1.22399e-06 1.55499e-16)
(-1.0998e-07 -1.18683e-06 -3.977e-17)
(-1.09691e-07 -1.33844e-06 -5.04318e-16)
(-1.06268e-08 -1.25445e-06 1.23245e-15)
(4.78886e-08 -1.25157e-06 3.81671e-16)
(1.13168e-07 -1.23261e-06 -1.26853e-15)
(1.8674e-07 -1.26402e-06 -6.36897e-16)
(3.59918e-07 -1.43357e-06 3.2423e-16)
(-1.67335e-07 -1.03199e-06 -9.35331e-16)
(-7.6298e-08 -1.01324e-06 4.77415e-18)
(-1.10073e-07 -1.14326e-06 3.80572e-16)
(-1.05254e-08 -1.07373e-06 -1.37285e-15)
(3.35072e-08 -1.07582e-06 2.70995e-15)
(8.53642e-08 -1.06212e-06 -3.04024e-16)
(1.42011e-07 -1.09225e-06 -1.15036e-15)
(2.86288e-07 -1.24012e-06 1.03808e-15)
(-1.65571e-07 -9.25145e-07 5.25162e-17)
(-5.60281e-08 -8.79409e-07 5.93255e-16)
(-7.51699e-08 -1.02466e-06 7.44858e-16)
(-8.34704e-09 -9.46111e-07 -1.08846e-15)
(2.61221e-08 -9.5192e-07 1.20603e-15)
(6.57651e-08 -9.40009e-07 -6.35073e-16)
(1.07682e-07 -9.66316e-07 -1.47678e-15)
(2.15703e-07 -1.10379e-06 1.68976e-15)
(-1.44098e-07 -8.55082e-07 1.74297e-16)
(-4.8067e-08 -8.14242e-07 6.63967e-16)
(-7.77192e-08 -9.5637e-07 1.31545e-15)
(-2.67112e-09 -8.82727e-07 -2.56967e-17)
(2.29667e-08 -8.89261e-07 -1.89745e-15)
(5.24843e-08 -8.78017e-07 5.56116e-16)
(7.85557e-08 -9.01898e-07 -5.48041e-16)
(1.50598e-07 -1.04278e-06 -3.61693e-16)
(-1.35185e-07 -8.22708e-07 -6.26366e-16)
(-2.35418e-08 -7.77293e-07 -9.79116e-16)
(-3.49125e-08 -9.22777e-07 3.07383e-16)
(3.45143e-09 -8.53528e-07 1.49008e-15)
(2.10272e-08 -8.59215e-07 2.82956e-16)
(3.99366e-08 -8.4634e-07 -5.88833e-16)
(5.54232e-08 -8.6909e-07 1.3325e-16)
(9.8988e-08 -1.02475e-06 8.44332e-16)
(-9.41508e-08 -8.12495e-07 1.59277e-15)
(-1.64079e-08 -7.79169e-07 4.65306e-16)
(-4.18521e-08 -9.3624e-07 -1.3097e-15)
(4.87545e-09 -8.67845e-07 1.39633e-16)
(1.44412e-08 -8.75965e-07 -9.35905e-16)
(2.45395e-08 -8.6807e-07 -3.36777e-16)
(2.21358e-08 -9.01319e-07 1.74059e-15)
(3.39927e-08 -1.05947e-06 -1.12692e-16)
(-5.98044e-08 -7.74898e-07 -1.05417e-15)
(2.53133e-08 -7.1823e-07 -4.73444e-16)
(1.08334e-08 -9.01266e-07 1.00519e-15)
(1.50462e-08 -8.23616e-07 -4.35868e-16)
(1.71985e-08 -8.30398e-07 -3.63241e-16)
(1.54426e-08 -8.21236e-07 1.22523e-15)
(4.45943e-09 -8.61044e-07 -8.85005e-17)
(6.16162e-10 -1.03925e-06 -8.54984e-16)
(-3.17954e-08 -7.91035e-07 -6.32217e-16)
(7.77655e-09 -7.6542e-07 -1.25381e-15)
(2.41967e-10 -8.39166e-07 -6.62605e-16)
(4.20159e-09 -7.9382e-07 2.37662e-15)
(4.37139e-10 -7.94887e-07 -1.31034e-16)
(-8.53783e-09 -7.96152e-07 -6.26944e-16)
(-3.13297e-08 -8.54226e-07 -8.63898e-16)
(-7.5596e-08 -1.01847e-06 -3.35963e-15)
(0.0287384 0.0115659 -1.46536e-14)
(-0.00575766 -0.00348671 1.77504e-14)
(-0.00319062 -0.00372509 -9.39078e-14)
(-0.0017715 -0.00320387 1.65232e-14)
(-0.000708768 -0.00267343 3.68573e-14)
(-0.00056361 -0.00251641 -1.78214e-14)
(-0.000703684 -0.00223766 -5.62557e-14)
(-0.000468658 -0.0017306 3.64499e-15)
(-0.000376399 -0.00166552 4.8752e-15)
(-0.000317041 -0.00146123 -2.5565e-14)
(-0.000257713 -0.00128387 -1.26902e-14)
(-0.000209182 -0.00112458 3.63748e-14)
(-0.00016771 -0.000983593 5.63618e-14)
(-0.000132669 -0.000859465 -3.53963e-14)
(-0.000102977 -0.000749932 2.21681e-14)
(-7.81822e-05 -0.000654456 9.86773e-15)
(-5.74051e-05 -0.000570792 -4.68416e-14)
(-4.03137e-05 -0.000498418 3.68817e-14)
(-2.62366e-05 -0.000435029 -5.08532e-14)
(-1.49237e-05 -0.000380466 3.02209e-14)
(-5.76428e-06 -0.000333238 -8.06951e-15)
(1.40425e-06 -0.000292771 1.88445e-15)
(7.02597e-06 -0.000257463 1.08737e-14)
(1.12247e-05 -0.000227182 -9.95623e-15)
(1.43929e-05 -0.000200832 -2.99903e-15)
(1.65889e-05 -0.000178138 -4.26608e-15)
(1.80988e-05 -0.000158118 1.61446e-14)
(1.89365e-05 -0.000140658 -1.03327e-14)
(1.93549e-05 -0.000125112 1.22502e-14)
(1.93264e-05 -0.00011144 2.20399e-15)
(1.90736e-05 -9.92031e-05 -1.40426e-14)
(1.8537e-05 -8.84007e-05 -1.23058e-14)
(1.7902e-05 -7.87155e-05 1.19056e-14)
(1.70957e-05 -7.01767e-05 8.64769e-15)
(1.62864e-05 -6.25109e-05 -2.95928e-15)
(1.53741e-05 -5.57595e-05 5.9929e-15)
(1.44979e-05 -4.97001e-05 -1.71092e-15)
(1.35488e-05 -4.4402e-05 -1.18968e-14)
(1.27121e-05 -3.95723e-05 3.52784e-15)
(1.17847e-05 -3.53386e-05 -2.028e-16)
(1.09562e-05 -3.14887e-05 -7.94667e-16)
(1.00553e-05 -2.8126e-05 6.57807e-15)
(9.27443e-06 -2.50718e-05 -4.84495e-15)
(8.42833e-06 -2.24153e-05 -8.18215e-16)
(7.71624e-06 -2.0011e-05 7.70526e-16)
(6.94869e-06 -1.79317e-05 5.91749e-15)
(6.31694e-06 -1.60611e-05 -2.64755e-15)
(5.63759e-06 -1.44474e-05 5.59072e-15)
(5.08211e-06 -1.29983e-05 -1.04799e-15)
(4.49093e-06 -1.17385e-05 1.48374e-15)
(3.99836e-06 -1.06053e-05 1.41614e-15)
(3.47612e-06 -9.60609e-06 2.8896e-16)
(3.04519e-06 -8.77479e-06 1.53606e-15)
(2.64131e-06 -8.05975e-06 1.86654e-15)
(2.3052e-06 -7.41015e-06 -1.04591e-15)
(2.02899e-06 -6.80817e-06 -3.69632e-16)
(1.83828e-06 -6.17002e-06 -1.36931e-15)
(1.64687e-06 -5.57856e-06 1.99265e-15)
(1.51728e-06 -4.96319e-06 -3.96577e-15)
(1.35533e-06 -4.48735e-06 1.23541e-15)
(1.25794e-06 -4.06047e-06 -4.68287e-15)
(1.13841e-06 -3.7015e-06 -2.02098e-15)
(1.02575e-06 -3.39088e-06 1.71059e-16)
(9.15976e-07 -3.06813e-06 3.04072e-15)
(8.00494e-07 -2.74812e-06 3.48977e-15)
(6.8177e-07 -2.4496e-06 -7.68466e-16)
(5.89127e-07 -2.15376e-06 -2.94972e-15)
(5.35489e-07 -1.90496e-06 -1.35036e-15)
(5.04133e-07 -1.76788e-06 1.87339e-15)
(4.64195e-07 -1.63209e-06 5.28598e-15)
(4.33266e-07 -1.49478e-06 -2.39356e-15)
(4.08679e-07 -1.34452e-06 2.02679e-15)
(3.75373e-07 -1.16603e-06 -1.70054e-15)
(3.17499e-07 -9.94093e-07 -7.02317e-16)
(2.4608e-07 -8.93465e-07 -8.05709e-16)
(1.52057e-07 -8.73514e-07 3.81717e-15)
(1.0085e-07 -8.7119e-07 -3.98552e-16)
(4.12683e-08 -8.67234e-07 2.29185e-16)
(3.47714e-08 -8.04308e-07 8.96849e-16)
(-1.34138e-07 -7.58088e-07 9.78966e-15)
(0.020448 0.000364211 3.87807e-15)
(0.00378858 -0.000440592 -4.31355e-15)
(0.00163188 -0.000647708 1.90282e-14)
(0.00109939 -0.00101304 -3.98096e-15)
(0.00121437 -0.000620703 -6.10627e-15)
(0.000929154 -0.00055589 1.92137e-15)
(0.00079949 -0.000971255 1.03927e-14)
(0.000721986 -0.000794987 -6.27078e-16)
(0.000646206 -0.000709875 -7.38804e-16)
(0.000568767 -0.000663421 3.52989e-15)
(0.000499534 -0.000617635 3.86387e-15)
(0.000437963 -0.000572658 -7.55445e-15)
(0.000383177 -0.000529181 -1.00663e-14)
(0.000334354 -0.00048662 6.31335e-15)
(0.000291293 -0.000445762 -3.51154e-15)
(0.000253224 -0.000406442 -2.51067e-15)
(0.000219953 -0.000369141 7.9047e-15)
(0.000190763 -0.000333876 -6.18702e-15)
(0.000165508 -0.000300878 9.16679e-15)
(0.000143497 -0.000270312 -5.8185e-15)
(0.000124567 -0.000242251 1.02442e-15)
(0.000108103 -0.000216767 -1.8914e-16)
(9.40101e-05 -0.000193642 -1.44313e-15)
(8.17684e-05 -0.000172987 8.80282e-16)
(7.12866e-05 -0.000154418 8.80477e-16)
(6.21596e-05 -0.00013793 1.41187e-15)
(5.43426e-05 -0.000123163 -3.25432e-15)
(4.75163e-05 -0.000110032 2.13313e-15)
(4.16675e-05 -9.8208e-05 -2.6374e-15)
(3.65498e-05 -8.7666e-05 -1.36687e-16)
(3.21651e-05 -7.81565e-05 2.30015e-15)
(2.83115e-05 -6.96863e-05 2.41258e-15)
(2.50062e-05 -6.2038e-05 -2.59776e-15)
(2.20913e-05 -5.52575e-05 -1.28321e-15)
(1.95826e-05 -4.91354e-05 1.2966e-15)
(1.73548e-05 -4.37226e-05 -1.35354e-15)
(1.54434e-05 -3.88145e-05 1.47415e-16)
(1.36719e-05 -3.45852e-05 1.87508e-15)
(1.21594e-05 -3.07155e-05 -4.04005e-16)
(1.0798e-05 -2.72868e-05 4.4279e-16)
(9.60905e-06 -2.41735e-05 6.25509e-16)
(8.51397e-06 -2.14484e-05 -1.92679e-15)
(7.55975e-06 -1.89975e-05 9.36326e-16)
(6.66675e-06 -1.68646e-05 4.48717e-16)
(5.89828e-06 -1.49612e-05 -1.11693e-15)
(5.16914e-06 -1.33114e-05 -7.93026e-16)
(4.55287e-06 -1.1855e-05 8.67858e-17)
(3.95433e-06 -1.0587e-05 -2.06567e-16)
(3.45938e-06 -9.467e-06 -3.60993e-16)
(2.9676e-06 -8.47399e-06 6.51131e-16)
(2.57306e-06 -7.59111e-06 -6.80005e-16)
(2.15841e-06 -6.83896e-06 1.20885e-15)
(1.85399e-06 -6.19969e-06 2.6016e-16)
(1.47578e-06 -5.68376e-06 -1.44137e-16)
(1.21493e-06 -5.22602e-06 4.27736e-16)
(9.17904e-07 -4.8331e-06 9.34414e-16)
(7.50276e-07 -4.40397e-06 2.08969e-16)
(6.03809e-07 -3.95358e-06 1.31795e-16)
(5.36268e-07 -3.51894e-06 1.87777e-15)
(5.06543e-07 -3.10932e-06 -1.41436e-15)
(4.39918e-07 -2.79155e-06 -7.77791e-16)
(3.75205e-07 -2.51557e-06 -1.48481e-15)
(3.12729e-07 -2.2646e-06 -9.69543e-16)
(2.32281e-07 -2.02625e-06 -2.74751e-15)
(1.64248e-07 -1.78421e-06 -8.19263e-16)
(1.08493e-07 -1.56124e-06 -2.07353e-16)
(6.86258e-08 -1.36481e-06 6.69776e-16)
(9.24612e-08 -1.18609e-06 5.13558e-16)
(1.10796e-07 -1.04962e-06 -9.12827e-16)
(1.13065e-07 -9.35619e-07 -2.93806e-16)
(1.1093e-07 -8.24474e-07 8.62356e-16)
(1.20207e-07 -7.01678e-07 -3.37761e-16)
(1.2648e-07 -5.76089e-07 -5.07701e-16)
(1.2997e-07 -4.73092e-07 7.984e-16)
(1.19484e-07 -4.13851e-07 5.8863e-17)
(6.43654e-08 -4.10962e-07 -5.3725e-16)
(6.25004e-08 -3.942e-07 1.16848e-15)
(6.31688e-08 -3.65847e-07 -2.37684e-16)
(8.96112e-08 -2.57582e-07 -1.53249e-16)
(-9.5125e-08 -2.62139e-07 4.13602e-16)
(0.0019337 0.0010541 -1.25388e-16)
(0.000931591 0.000954528 -7.02832e-17)
(0.000719286 0.000838268 -8.5385e-17)
(0.000734538 0.000646529 1.09604e-16)
(0.000765899 0.000560591 -2.41246e-16)
(0.000746785 0.000634673 -1.69393e-16)
(0.000707033 0.000576689 1.61923e-17)
(0.000657652 0.000391102 -2.08779e-16)
(0.000618548 0.000320532 -2.36635e-16)
(0.000575444 0.000258063 1.0781e-16)
(0.000533154 0.000199001 -2.45458e-16)
(0.000491887 0.000147025 -2.05147e-16)
(0.00045197 0.000101413 1.78235e-16)
(0.000413577 6.23235e-05 3.57707e-16)
(0.000376985 2.91862e-05 -1.90593e-16)
(0.000342283 1.79703e-06 1.89411e-16)
(0.000309651 -2.06178e-05 9.73153e-17)
(0.000279102 -3.82398e-05 -1.27944e-17)
(0.000250743 -5.18057e-05 -3.799e-17)
(0.000224518 -6.18212e-05 1.52368e-16)
(0.000200449 -6.88965e-05 7.16322e-16)
(0.000178428 -7.35171e-05 -3.43114e-17)
(0.00015844 -7.59735e-05 2.03537e-16)
(0.000140347 -7.68569e-05 8.66853e-17)
(0.000124076 -7.63766e-05 -1.12857e-16)
(0.000109473 -7.48961e-05 -1.89403e-16)
(9.64614e-05 -7.25285e-05 -4.93113e-16)
(8.48763e-05 -6.95618e-05 -8.84188e-18)
(7.46322e-05 -6.6094e-05 1.30356e-18)
(6.55745e-05 -6.23278e-05 1.85324e-16)
(5.76177e-05 -5.83423e-05 2.37411e-16)
(5.06218e-05 -5.43039e-05 -1.10035e-15)
(4.44968e-05 -5.02601e-05 -1.24147e-15)
(3.91334e-05 -4.63248e-05 -6.14867e-16)
(3.44411e-05 -4.25064e-05 2.37189e-16)
(3.03416e-05 -3.88978e-05 6.74021e-16)
(2.67591e-05 -3.54324e-05 1.85394e-18)
(2.36266e-05 -3.22312e-05 1.51619e-16)
(2.08503e-05 -2.92198e-05 4.91864e-16)
(1.84254e-05 -2.64645e-05 5.03368e-16)
(1.62649e-05 -2.38816e-05 4.43881e-17)
(1.43815e-05 -2.15652e-05 -2.36024e-16)
(1.2689e-05 -1.94224e-05 -1.62156e-16)
(1.12154e-05 -1.75248e-05 -7.96104e-16)
(9.88393e-06 -1.57934e-05 -1.40162e-15)
(8.7274e-06 -1.42712e-05 -6.92531e-16)
(7.68076e-06 -1.28985e-05 -2.66286e-16)
(6.77022e-06 -1.1689e-05 9.38522e-16)
(5.95052e-06 -1.0601e-05 1.38098e-15)
(5.23372e-06 -9.62827e-06 -3.26977e-17)
(4.59949e-06 -8.74332e-06 4.27559e-16)
(4.03847e-06 -7.95626e-06 -1.54511e-15)
(3.52656e-06 -7.27899e-06 -1.20151e-15)
(3.05112e-06 -6.70565e-06 1.63409e-16)
(2.57845e-06 -6.24417e-06 -8.58506e-16)
(2.17464e-06 -5.81928e-06 -2.68471e-16)
(1.78847e-06 -5.41902e-06 -3.01888e-16)
(1.51701e-06 -4.97723e-06 6.05243e-16)
(1.3144e-06 -4.51939e-06 2.97668e-15)
(1.17586e-06 -4.07157e-06 5.48485e-16)
(1.06367e-06 -3.66388e-06 3.30914e-15)
(9.47626e-07 -3.33382e-06 1.40984e-16)
(8.17998e-07 -3.04073e-06 3.43944e-16)
(6.9811e-07 -2.74994e-06 -1.47832e-15)
(5.84934e-07 -2.46661e-06 -2.43393e-16)
(4.91214e-07 -2.20042e-06 8.266e-16)
(4.19525e-07 -1.96023e-06 -3.29692e-16)
(3.85805e-07 -1.76013e-06 6.27211e-16)
(3.7457e-07 -1.60967e-06 -2.15459e-16)
(3.56909e-07 -1.47048e-06 -6.75779e-16)
(3.27929e-07 -1.33557e-06 -9.31595e-16)
(2.90747e-07 -1.17901e-06 4.86591e-16)
(2.58424e-07 -1.00007e-06 1.62723e-15)
(2.41853e-07 -8.38512e-07 -1.57743e-15)
(2.26649e-07 -7.19234e-07 5.89779e-17)
(1.37599e-07 -6.8661e-07 -1.0205e-16)
(1.44203e-07 -6.63871e-07 -2.62292e-15)
(1.49452e-07 -6.65236e-07 2.06787e-15)
(1.31533e-07 -5.99411e-07 -2.08178e-17)
(-4.29011e-08 -6.50923e-07 -3.54632e-15)
(0.000681735 0.000352104 2.70367e-17)
(0.000416259 0.000301706 -3.3457e-17)
(0.000237132 0.000271198 2.89867e-18)
(0.000174086 0.000219703 -6.76535e-17)
(0.000192489 0.000244793 2.68819e-17)
(0.000204793 0.000254512 1.93393e-17)
(0.000202716 0.000237111 -1.76129e-17)
(0.000214444 0.00024082 -1.54368e-17)
(0.000221828 0.00023053 -1.57881e-16)
(0.000226241 0.000219188 -7.84587e-18)
(0.000228578 0.000204964 1.37247e-16)
(0.000228962 0.00018937 -1.08852e-17)
(0.000227421 0.0001723 5.45675e-17)
(0.000224046 0.000154845 -1.59514e-17)
(0.000218979 0.000136947 -3.65361e-19)
(0.000212393 0.000119348 -1.82595e-16)
(0.000204495 0.000101926 -3.46966e-16)
(0.000195494 8.53313e-05 -3.55191e-16)
(0.000185613 6.96038e-05 1.66721e-16)
(0.000175078 5.49739e-05 -2.76101e-17)
(0.000164088 4.15097e-05 5.20205e-16)
(0.000152844 2.91566e-05 -1.31791e-16)
(0.000141516 1.81507e-05 -3.68011e-16)
(0.000130313 8.37839e-06 2.92306e-16)
(0.000119337 -7.69109e-09 -5.09489e-17)
(0.000108743 -7.17327e-06 5.96324e-18)
(9.85979e-05 -1.30534e-05 -1.22703e-16)
(8.90352e-05 -1.77868e-05 -2.48795e-17)
(8.00634e-05 -2.13426e-05 4.52307e-17)
(7.17626e-05 -2.39125e-05 9.61487e-17)
(6.41098e-05 -2.55454e-05 4.51129e-16)
(5.7139e-05 -2.64425e-05 5.01508e-17)
(5.07988e-05 -2.66816e-05 3.21444e-16)
(4.50878e-05 -2.64446e-05 -2.00858e-16)
(3.99447e-05 -2.57798e-05 8.13445e-18)
(3.53486e-05 -2.48489e-05 7.78843e-17)
(3.12499e-05 -2.36501e-05 -5.12847e-16)
(2.76015e-05 -2.23518e-05 -1.94797e-16)
(2.43422e-05 -2.09298e-05 4.20312e-16)
(2.14583e-05 -1.95083e-05 -7.06496e-17)
(1.88954e-05 -1.80435e-05 -1.78453e-16)
(1.66391e-05 -1.66566e-05 4.9205e-16)
(1.46338e-05 -1.52932e-05 6.30281e-16)
(1.28766e-05 -1.40504e-05 7.65207e-16)
(1.13144e-05 -1.28649e-05 4.08719e-16)
(9.95211e-06 -1.18055e-05 1.8871e-16)
(8.74041e-06 -1.08168e-05 9.26078e-16)
(7.68636e-06 -9.93621e-06 -1.86329e-16)
(6.75129e-06 -9.11974e-06 -1.8381e-16)
(5.94031e-06 -8.37907e-06 -1.60858e-15)
(5.22591e-06 -7.69224e-06 2.98963e-16)
(4.60883e-06 -7.04616e-06 1.84164e-15)
(4.05325e-06 -6.4879e-06 -1.68106e-15)
(3.5426e-06 -5.98485e-06 -2.64757e-16)
(3.05918e-06 -5.58145e-06 2.5005e-16)
(2.58364e-06 -5.24923e-06 -7.89648e-16)
(2.15462e-06 -4.92592e-06 2.9153e-16)
(1.7734e-06 -4.61501e-06 -1.46659e-15)
(1.50196e-06 -4.2547e-06 -1.6982e-15)
(1.30609e-06 -3.87033e-06 -1.53515e-16)
(1.1462e-06 -3.50632e-06 -1.69802e-15)
(9.969e-07 -3.1805e-06 4.94796e-17)
(8.59864e-07 -2.89588e-06 -3.89769e-16)
(7.22704e-07 -2.62904e-06 3.97917e-15)
(6.0571e-07 -2.36144e-06 6.34449e-16)
(5.19196e-07 -2.11164e-06 -8.2989e-17)
(4.42869e-07 -1.89009e-06 5.68437e-16)
(3.98472e-07 -1.70626e-06 -3.03851e-16)
(3.72201e-07 -1.56488e-06 7.13113e-16)
(3.45103e-07 -1.42878e-06 2.04472e-15)
(3.13797e-07 -1.28894e-06 1.64681e-15)
(2.74697e-07 -1.13258e-06 1.23135e-15)
(2.42121e-07 -9.63489e-07 4.16471e-16)
(2.32737e-07 -8.08826e-07 4.68258e-17)
(2.28787e-07 -6.67891e-07 -2.15139e-18)
(1.39267e-07 -6.33353e-07 5.31748e-16)
(1.49708e-07 -6.31456e-07 -4.11477e-15)
(1.56375e-07 -6.39788e-07 -3.4417e-15)
(1.1726e-07 -5.80296e-07 5.97678e-17)
(2.33744e-08 -6.29258e-07 5.79026e-16)
(0.000236558 0.000235303 9.00379e-17)
(-0.000190397 0.000131315 4.69719e-17)
(0.00029804 0.000178147 -6.61687e-18)
(2.31387e-05 0.000214563 -3.38557e-17)
(7.14692e-05 0.000177699 -3.38882e-16)
(8.06856e-05 0.0001754 -9.01084e-17)
(8.32878e-05 0.000162862 1.41101e-16)
(8.75462e-05 0.000154789 -1.12349e-17)
(9.17285e-05 0.000152852 6.37569e-17)
(9.52193e-05 0.000149996 -8.90323e-17)
(9.85555e-05 0.000146096 -3.53498e-16)
(0.000101599 0.000141415 -1.29005e-16)
(0.000104314 0.000135657 1.72255e-16)
(0.000106519 0.000129213 4.09759e-17)
(0.000108249 0.000122127 -2.53283e-16)
(0.000109319 0.000114472 -7.67367e-17)
(0.000109807 0.000106278 6.15519e-17)
(0.000109542 9.77023e-05 2.29512e-16)
(0.000108659 8.88628e-05 -2.94239e-17)
(0.000107018 7.99077e-05 -1.04536e-16)
(0.000104775 7.09502e-05 -4.87327e-17)
(0.000101829 6.19786e-05 -1.51212e-16)
(9.835e-05 5.31151e-05 -4.7443e-16)
(9.42941e-05 4.44624e-05 -4.85658e-18)
(8.98407e-05 3.6185e-05 -2.12167e-16)
(8.50013e-05 2.83428e-05 -1.53667e-16)
(7.99269e-05 2.10818e-05 1.45362e-16)
(7.46594e-05 1.44131e-05 -2.35234e-16)
(6.93398e-05 8.54639e-06 -2.31625e-16)
(6.40258e-05 3.42093e-06 -3.51087e-16)
(5.88166e-05 -8.61663e-07 -4.677e-16)
(5.37623e-05 -4.41583e-06 3.80722e-16)
(4.89196e-05 -7.19908e-06 2.74136e-16)
(4.43241e-05 -9.35044e-06 -3.37052e-17)
(4.00044e-05 -1.08914e-05 7.79096e-16)
(3.59778e-05 -1.1968e-05 -2.76757e-16)
(3.22603e-05 -1.2563e-05 -1.06437e-15)
(2.8845e-05 -1.28636e-05 2.85747e-16)
(2.57148e-05 -1.28465e-05 -9.34488e-16)
(2.2877e-05 -1.26539e-05 1.22784e-16)
(2.03081e-05 -1.22546e-05 -3.14576e-16)
(1.80062e-05 -1.17893e-05 -4.91533e-16)
(1.59363e-05 -1.12124e-05 -2.25134e-16)
(1.41003e-05 -1.0642e-05 2.97977e-18)
(1.2456e-05 -1.0024e-05 7.94148e-16)
(1.10093e-05 -9.44605e-06 4.96052e-17)
(9.71617e-06 -8.85895e-06 -3.30274e-16)
(8.58521e-06 -8.31787e-06 -4.54761e-16)
(7.5762e-06 -7.78459e-06 -4.7958e-16)
(6.69689e-06 -7.28472e-06 -1.99435e-16)
(5.91823e-06 -6.79416e-06 -2.75696e-16)
(5.23739e-06 -6.3262e-06 -1.70363e-15)
(4.64329e-06 -5.86853e-06 1.84632e-16)
(4.09149e-06 -5.45766e-06 9.722e-17)
(3.58997e-06 -5.09968e-06 4.0524e-16)
(3.08635e-06 -4.80105e-06 1.6892e-15)
(2.60014e-06 -4.55993e-06 1.61194e-15)
(2.16649e-06 -4.32781e-06 1.90656e-16)
(1.81708e-06 -4.08456e-06 -2.13544e-15)
(1.53146e-06 -3.77219e-06 -1.59249e-16)
(1.31301e-06 -3.43341e-06 -2.03073e-15)
(1.13622e-06 -3.14265e-06 2.82575e-16)
(9.70916e-07 -2.87456e-06 1.32738e-15)
(8.22991e-07 -2.6098e-06 -2.61621e-15)
(7.02955e-07 -2.3647e-06 -1.05248e-15)
(6.15908e-07 -2.12544e-06 4.18055e-17)
(5.31846e-07 -1.9085e-06 5.73108e-17)
(4.66791e-07 -1.73662e-06 8.20812e-16)
(4.14088e-07 -1.60236e-06 -1.97616e-16)
(3.79383e-07 -1.46455e-06 -5.18761e-16)
(3.44154e-07 -1.3242e-06 -4.00872e-16)
(3.00173e-07 -1.1655e-06 -1.62395e-15)
(2.63811e-07 -9.97907e-07 7.74914e-17)
(2.52136e-07 -8.42209e-07 8.55844e-16)
(2.25845e-07 -6.84373e-07 -2.30717e-18)
(1.81921e-07 -6.37327e-07 7.87094e-17)
(1.69232e-07 -6.57203e-07 1.53814e-16)
(1.61076e-07 -6.77077e-07 1.0621e-15)
(1.07207e-07 -6.20555e-07 -2.34896e-16)
(5.01623e-08 -6.67432e-07 2.95405e-16)
(0.00157505 0.000378827 4.72885e-17)
(-0.00147251 -0.000389112 -2.03939e-17)
(0.000860057 -4.47262e-05 1.00616e-17)
(-0.000562613 0.000521285 -1.83431e-17)
(-9.70322e-06 0.000130531 1.21719e-16)
(2.47995e-05 0.000105114 -1.76516e-16)
(2.75396e-05 9.83621e-05 -1.16956e-16)
(2.98153e-05 9.35152e-05 1.29166e-16)
(3.22008e-05 9.12942e-05 9.65086e-17)
(3.444e-05 8.98852e-05 2.98707e-17)
(3.68408e-05 8.8556e-05 -7.58161e-17)
(3.92918e-05 8.74374e-05 -1.95235e-16)
(4.18457e-05 8.60871e-05 8.90735e-17)
(4.43178e-05 8.46533e-05 9.09955e-17)
(4.67942e-05 8.27568e-05 8.40371e-17)
(4.90926e-05 8.07296e-05 8.54251e-17)
(5.12922e-05 7.81923e-05 8.51417e-17)
(5.31944e-05 7.53756e-05 1.15802e-16)
(5.49008e-05 7.19563e-05 3.66676e-16)
(5.62242e-05 6.82843e-05 -2.2142e-16)
(5.72785e-05 6.41514e-05 -3.32395e-16)
(5.78847e-05 5.97172e-05 3.46443e-16)
(5.81581e-05 5.48249e-05 1.25678e-16)
(5.7943e-05 4.97105e-05 -2.76852e-16)
(5.73671e-05 4.4296e-05 -1.29259e-16)
(5.63199e-05 3.88143e-05 6.35129e-17)
(5.49338e-05 3.33391e-05 -4.35063e-16)
(5.3134e-05 2.79758e-05 -1.42343e-16)
(5.1057e-05 2.27987e-05 -1.30189e-16)
(4.86768e-05 1.79621e-05 1.20461e-16)
(4.61204e-05 1.35514e-05 -2.22399e-16)
(4.33824e-05 9.59828e-06 5.64722e-18)
(4.05766e-05 6.14227e-06 3.57695e-16)
(3.77072e-05 3.13982e-06 5.0368e-17)
(3.48643e-05 6.2824e-07 -9.01555e-17)
(3.20519e-05 -1.47727e-06 -3.67745e-17)
(2.9342e-05 -3.13852e-06 1.44011e-16)
(2.6731e-05 -4.46651e-06 1.35738e-16)
(2.42544e-05 -5.43564e-06 1.05487e-16)
(2.19217e-05 -6.16996e-06 -2.35931e-17)
(1.97501e-05 -6.62345e-06 3.39112e-16)
(1.77445e-05 -6.92331e-06 4.74974e-16)
(1.5902e-05 -7.03689e-06 -5.60477e-16)
(1.42272e-05 -7.07025e-06 -2.42366e-16)
(1.2702e-05 -6.98311e-06 5.34231e-16)
(1.13342e-05 -6.86518e-06 1.23325e-16)
(1.00951e-05 -6.67421e-06 2.84727e-16)
(8.99355e-06 -6.47525e-06 -2.06412e-16)
(7.99923e-06 -6.23014e-06 5.54325e-17)
(7.11997e-06 -5.9822e-06 4.32957e-16)
(6.32921e-06 -5.70276e-06 -3.36857e-16)
(5.63215e-06 -5.41086e-06 -1.4571e-15)
(5.00487e-06 -5.10708e-06 7.34947e-16)
(4.4507e-06 -4.78554e-06 2.70261e-16)
(3.92606e-06 -4.50208e-06 -7.69534e-16)
(3.42696e-06 -4.24294e-06 -5.55067e-16)
(2.92915e-06 -4.0489e-06 2.71736e-16)
(2.47791e-06 -3.92126e-06 5.04459e-17)
(2.06298e-06 -3.74833e-06 3.9359e-16)
(1.71386e-06 -3.52281e-06 -4.5851e-17)
(1.44446e-06 -3.28136e-06 1.69265e-16)
(1.2221e-06 -3.01973e-06 -7.86966e-17)
(1.04678e-06 -2.77123e-06 1.02117e-15)
(8.9434e-07 -2.54443e-06 -8.42072e-16)
(7.6708e-07 -2.32053e-06 -6.18667e-16)
(6.66953e-07 -2.09566e-06 1.35902e-17)
(5.88035e-07 -1.88027e-06 -3.16226e-16)
(5.09764e-07 -1.70802e-06 1.27772e-16)
(4.46868e-07 -1.58902e-06 -1.25126e-17)
(3.99259e-07 -1.46982e-06 -4.16793e-16)
(3.59023e-07 -1.32484e-06 7.73939e-17)
(3.15114e-07 -1.16455e-06 -1.69669e-15)
(2.76005e-07 -1.00549e-06 -4.74035e-17)
(2.50437e-07 -8.48748e-07 3.18134e-16)
(2.24445e-07 -6.86159e-07 -4.57409e-17)
(2.10981e-07 -6.37605e-07 6.13789e-17)
(1.79972e-07 -6.64835e-07 1.13564e-15)
(1.50356e-07 -6.88589e-07 -1.05573e-15)
(6.90477e-05 0.000195746 -5.13077e-18)
(-3.06542e-05 0.000186934 -1.16649e-17)
(-1.59012e-05 5.48003e-05 8.43987e-18)
(8.23725e-05 4.65926e-05 1.25164e-17)
(-4.97192e-06 9.94657e-05 3.40781e-18)
(-2.85079e-06 9.08966e-05 1.4294e-16)
(-8.27568e-07 8.48822e-05 -1.54351e-16)
(1.29711e-06 8.0554e-05 4.56297e-18)
(3.27056e-06 7.71256e-05 9.19767e-17)
(5.12365e-06 7.43504e-05 -1.75344e-18)
(6.93603e-06 7.1682e-05 8.48389e-17)
(8.77529e-06 6.93187e-05 4.82523e-17)
(1.0638e-05 6.70412e-05 -1.82861e-17)
(1.25388e-05 6.50022e-05 1.96273e-17)
(1.44693e-05 6.28481e-05 1.35505e-18)
(1.64207e-05 6.0857e-05 7.43792e-17)
(1.83966e-05 5.88456e-05 1.99484e-17)
(2.03534e-05 5.69045e-05 1.27939e-16)
(2.22987e-05 5.47419e-05 -6.39431e-17)
(2.41533e-05 5.25694e-05 3.82013e-18)
(2.59493e-05 5.02089e-05 -4.4698e-16)
(2.75884e-05 4.7817e-05 -9.43123e-17)
(2.90972e-05 4.51453e-05 2.78536e-16)
(3.03609e-05 4.23399e-05 -2.3477e-16)
(3.14278e-05 3.92629e-05 5.66972e-17)
(3.21852e-05 3.60348e-05 1.85212e-16)
(3.27019e-05 3.25943e-05 4.95907e-17)
(3.28912e-05 2.90969e-05 4.85609e-17)
(3.28245e-05 2.55097e-05 2.18311e-16)
(3.24323e-05 2.19671e-05 1.44532e-16)
(3.18111e-05 1.85398e-05 6.1891e-16)
(3.09257e-05 1.5279e-05 -2.20628e-16)
(2.98609e-05 1.2241e-05 -1.67304e-16)
(2.86e-05 9.46942e-06 1.34885e-16)
(2.72192e-05 6.98695e-06 -8.33432e-17)
(2.57135e-05 4.7808e-06 1.79486e-16)
(2.41567e-05 2.89244e-06 3.03972e-17)
(2.25457e-05 1.24733e-06 -4.35265e-16)
(2.0934e-05 -1.14273e-07 7.56283e-17)
(1.93299e-05 -1.26722e-06 1.43361e-16)
(1.7774e-05 -2.17394e-06 8.25897e-17)
(1.62729e-05 -2.92978e-06 -8.44014e-16)
(1.48471e-05 -3.4877e-06 2.28177e-17)
(1.35044e-05 -3.94044e-06 -3.48036e-16)
(1.22478e-05 -4.24645e-06 -1.45766e-16)
(1.10863e-05 -4.48528e-06 5.2152e-17)
(1.0008e-05 -4.61421e-06 4.22597e-16)
(9.02477e-06 -4.69806e-06 3.63246e-16)
(8.11625e-06 -4.70343e-06 5.11162e-16)
(7.29493e-06 -4.67214e-06 1.79342e-15)
(6.53969e-06 -4.58211e-06 -3.85465e-16)
(5.86e-06 -4.45975e-06 8.83445e-16)
(5.23872e-06 -4.28998e-06 1.38351e-15)
(4.67582e-06 -4.09179e-06 5.08624e-17)
(4.16448e-06 -3.87064e-06 9.34119e-16)
(3.66699e-06 -3.66591e-06 2.8405e-16)
(3.201e-06 -3.5313e-06 -1.07456e-15)
(2.74916e-06 -3.43672e-06 2.42021e-17)
(2.30385e-06 -3.35146e-06 -1.77654e-16)
(1.9216e-06 -3.222e-06 2.95939e-16)
(1.57663e-06 -3.03973e-06 9.04734e-16)
(1.32966e-06 -2.85878e-06 -9.89431e-17)
(1.11963e-06 -2.66884e-06 -2.14266e-15)
(9.59416e-07 -2.45163e-06 2.88222e-15)
(8.14781e-07 -2.25479e-06 1.3927e-15)
(7.08879e-07 -2.05756e-06 4.05107e-17)
(6.33197e-07 -1.85084e-06 -3.63736e-16)
(5.50399e-07 -1.68174e-06 -1.49627e-15)
(4.91421e-07 -1.5666e-06 2.96471e-16)
(4.30259e-07 -1.45252e-06 2.23499e-16)
(3.8126e-07 -1.31897e-06 1.3314e-16)
(3.39075e-07 -1.16051e-06 2.86567e-15)
(2.90775e-07 -1.00335e-06 -1.85718e-15)
(2.54192e-07 -8.54174e-07 -6.39274e-16)
(2.3169e-07 -6.92878e-07 -4.39793e-17)
(2.26238e-07 -6.34802e-07 -6.02474e-16)
(-1.16628e-05 9.58961e-05 -1.16893e-16)
(-5.84252e-05 6.42282e-05 -7.68897e-17)
(-1.50852e-05 6.15217e-05 -1.36596e-18)
(-4.21744e-05 7.28235e-05 7.75384e-18)
(-2.91965e-05 6.23725e-05 -2.33469e-17)
(-2.42634e-05 5.88198e-05 3.14201e-17)
(-2.15504e-05 5.52884e-05 9.67189e-17)
(-1.9038e-05 5.2162e-05 -8.23392e-17)
(-1.66383e-05 4.9627e-05 -7.33554e-17)
(-1.43421e-05 4.7601e-05 -2.11874e-17)
(-1.2123e-05 4.58119e-05 -4.17609e-17)
(-9.95687e-06 4.42193e-05 3.1146e-17)
(-7.84168e-06 4.26811e-05 -9.38499e-17)
(-5.76199e-06 4.13768e-05 -1.26502e-16)
(-3.71718e-06 4.01445e-05 1.63104e-17)
(-1.70855e-06 3.90559e-05 4.79001e-18)
(2.76649e-07 3.7944e-05 -3.30507e-17)
(2.23498e-06 3.6994e-05 -1.76572e-16)
(4.17411e-06 3.59924e-05 -1.1379e-16)
(6.06355e-06 3.50619e-05 1.21051e-16)
(7.92164e-06 3.39813e-05 2.97617e-16)
(9.71005e-06 3.29591e-05 -1.61041e-16)
(1.1447e-05 3.18223e-05 7.08546e-17)
(1.30673e-05 3.06097e-05 4.94381e-17)
(1.45952e-05 2.91596e-05 -7.02542e-17)
(1.59568e-05 2.76132e-05 -4.56993e-17)
(1.71792e-05 2.5801e-05 1.4046e-16)
(1.81887e-05 2.38995e-05 -3.94497e-17)
(1.90269e-05 2.184e-05 -1.04378e-16)
(1.96236e-05 1.97397e-05 -2.37108e-16)
(2.00302e-05 1.75238e-05 -3.31659e-16)
(2.02036e-05 1.53703e-05 2.24733e-17)
(2.01988e-05 1.32484e-05 -2.3888e-16)
(1.99823e-05 1.12217e-05 -3.51593e-16)
(1.96182e-05 9.31589e-06 -7.31966e-18)
(1.90852e-05 7.52691e-06 -3.7187e-17)
(1.84479e-05 5.88901e-06 9.91639e-18)
(1.7691e-05 4.38641e-06 1.43608e-16)
(1.68658e-05 3.0531e-06 2.12955e-16)
(1.59688e-05 1.84236e-06 -2.01981e-16)
(1.50434e-05 8.09823e-07 -2.87282e-16)
(1.40911e-05 -1.05404e-07 2.43511e-16)
(1.31407e-05 -8.61842e-07 3.10241e-16)
(1.2198e-05 -1.52249e-06 1.0701e-16)
(1.12781e-05 -2.04699e-06 -1.48893e-17)
(1.039e-05 -2.49627e-06 -1.79173e-17)
(9.53535e-06 -2.83199e-06 -3.64863e-16)
(8.72647e-06 -3.10963e-06 -8.63875e-17)
(7.95566e-06 -3.29353e-06 -2.46926e-16)
(7.23617e-06 -3.43225e-06 -1.1026e-15)
(6.55619e-06 -3.49333e-06 -4.33564e-16)
(5.92902e-06 -3.50711e-06 6.02703e-16)
(5.34204e-06 -3.46067e-06 -1.19107e-15)
(4.8058e-06 -3.36654e-06 -5.98581e-17)
(4.31193e-06 -3.23655e-06 1.44547e-16)
(3.85551e-06 -3.09052e-06 -9.03601e-16)
(3.43121e-06 -2.99527e-06 -2.5245e-16)
(2.99766e-06 -2.94362e-06 1.92993e-16)
(2.57398e-06 -2.88943e-06 1.06348e-15)
(2.13753e-06 -2.81696e-06 -2.57017e-16)
(1.77403e-06 -2.74903e-06 1.8076e-15)
(1.46259e-06 -2.64545e-06 -9.70918e-17)
(1.23606e-06 -2.494e-06 1.2747e-16)
(1.03565e-06 -2.34288e-06 -5.61064e-16)
(8.88056e-07 -2.17252e-06 -2.43517e-16)
(7.75176e-07 -2.00525e-06 -3.74705e-17)
(6.8353e-07 -1.80564e-06 5.96975e-17)
(6.01715e-07 -1.63476e-06 1.62673e-16)
(5.2734e-07 -1.53145e-06 -9.56968e-16)
(4.67024e-07 -1.42662e-06 1.50591e-16)
(4.10321e-07 -1.29871e-06 -1.64528e-16)
(3.60047e-07 -1.14174e-06 2.40489e-16)
(3.04482e-07 -9.90569e-07 1.42935e-16)
(2.55893e-07 -8.44231e-07 1.14935e-15)
(-2.71771e-05 5.67482e-05 6.83531e-17)
(-3.39386e-05 4.77246e-05 -1.00652e-17)
(-2.37464e-05 3.8184e-05 -1.52959e-17)
(-2.30584e-05 3.79054e-05 1.92786e-17)
(-2.42597e-05 3.73503e-05 -8.61435e-17)
(-2.25628e-05 3.50118e-05 -3.47222e-17)
(-2.09256e-05 3.26689e-05 1.03681e-16)
(-1.92523e-05 3.06466e-05 -9.17033e-18)
(-1.76047e-05 2.8999e-05 -5.04119e-17)
(-1.5973e-05 2.77937e-05 1.40701e-18)
(-1.43766e-05 2.67643e-05 -2.66267e-17)
(-1.27827e-05 2.58955e-05 -1.45498e-17)
(-1.12336e-05 2.50362e-05 8.77859e-17)
(-9.69443e-06 2.43241e-05 -1.14149e-18)
(-8.19626e-06 2.3681e-05 -9.54448e-18)
(-6.70214e-06 2.3161e-05 -5.42832e-19)
(-5.24591e-06 2.26053e-05 1.30956e-17)
(-3.79329e-06 2.21435e-05 -7.56053e-17)
(-2.36614e-06 2.16983e-05 -9.69401e-17)
(-9.40293e-07 2.134e-05 -3.55246e-17)
(4.62098e-07 2.09116e-05 3.13322e-16)
(1.85032e-06 2.05276e-05 2.15548e-17)
(3.2162e-06 2.01036e-05 -2.24584e-16)
(4.55856e-06 1.97264e-05 1.5245e-17)
(5.86092e-06 1.92117e-05 7.01423e-18)
(7.09989e-06 1.86756e-05 -1.10741e-16)
(8.27486e-06 1.79912e-05 1.46881e-16)
(9.34615e-06 1.72287e-05 1.25029e-17)
(1.03279e-05 1.62787e-05 -1.35614e-16)
(1.11789e-05 1.52638e-05 1.38702e-16)
(1.19188e-05 1.41053e-05 1.269e-16)
(1.25e-05 1.28759e-05 5.92375e-17)
(1.29654e-05 1.1587e-05 -3.87965e-16)
(1.32767e-05 1.03022e-05 2.48077e-16)
(1.34753e-05 8.99633e-06 -1.58977e-17)
(1.35302e-05 7.73256e-06 9.86629e-18)
(1.34848e-05 6.52384e-06 -1.50372e-17)
(1.33128e-05 5.36631e-06 -1.03246e-16)
(1.30547e-05 4.29001e-06 1.06979e-16)
(1.26949e-05 3.28497e-06 6.81761e-17)
(1.22724e-05 2.37412e-06 -9.07821e-17)
(1.17774e-05 1.52747e-06 -7.13891e-17)
(1.1243e-05 7.87084e-07 9.828e-17)
(1.06658e-05 1.04985e-07 2.10413e-16)
(1.00678e-05 -4.73681e-07 4.78285e-17)
(9.45241e-06 -9.97728e-07 5.06795e-17)
(8.83126e-06 -1.42334e-06 -4.23191e-16)
(8.21341e-06 -1.79925e-06 -6.31911e-17)
(7.59936e-06 -2.08917e-06 -6.21909e-17)
(7.00351e-06 -2.32921e-06 -7.84989e-16)
(6.42074e-06 -2.49411e-06 -2.69077e-16)
(5.86888e-06 -2.61318e-06 6.21948e-16)
(5.34066e-06 -2.66248e-06 -3.75913e-16)
(4.85137e-06 -2.66888e-06 -2.33369e-16)
(4.39914e-06 -2.61814e-06 -1.71579e-16)
(3.98629e-06 -2.55232e-06 7.26367e-17)
(3.6076e-06 -2.49072e-06 -1.99832e-16)
(3.21858e-06 -2.4404e-06 -1.56187e-16)
(2.80538e-06 -2.40003e-06 6.16705e-16)
(2.3786e-06 -2.38634e-06 1.19779e-17)
(1.99774e-06 -2.36797e-06 -1.26851e-15)
(1.66653e-06 -2.35615e-06 2.90339e-16)
(1.39085e-06 -2.30044e-06 7.28656e-16)
(1.16145e-06 -2.17531e-06 -8.72025e-17)
(9.83216e-07 -2.06475e-06 -8.76682e-17)
(8.4639e-07 -1.92135e-06 1.18139e-16)
(7.35399e-07 -1.74012e-06 2.21343e-16)
(6.4058e-07 -1.57033e-06 3.26053e-16)
(5.6354e-07 -1.47467e-06 -1.38139e-15)
(4.91055e-07 -1.3851e-06 -7.41364e-16)
(4.25983e-07 -1.25645e-06 2.30473e-16)
(-9.58732e-06 2.72235e-05 3.23442e-17)
(-1.27259e-05 2.44561e-05 3.60283e-17)
(-1.03328e-05 2.13488e-05 -3.07774e-18)
(-1.24658e-05 2.10561e-05 -9.80739e-18)
(-1.26257e-05 2.02526e-05 7.65656e-17)
(-1.24207e-05 1.93907e-05 -3.05711e-17)
(-1.21625e-05 1.82825e-05 -4.15024e-17)
(-1.17406e-05 1.72624e-05 5.70926e-17)
(-1.12036e-05 1.64861e-05 5.49447e-17)
(-1.0565e-05 1.59249e-05 1.61654e-17)
(-9.85239e-06 1.54411e-05 3.30931e-17)
(-9.06465e-06 1.50103e-05 -8.9301e-19)
(-8.23848e-06 1.46137e-05 3.2084e-18)
(-7.37118e-06 1.42709e-05 6.8579e-17)
(-6.48898e-06 1.39452e-05 -1.66388e-17)
(-5.57965e-06 1.36879e-05 2.9531e-17)
(-4.67038e-06 1.34542e-05 3.84474e-17)
(-3.74954e-06 1.32572e-05 1.35253e-16)
(-2.83496e-06 1.30469e-05 1.06876e-16)
(-1.91036e-06 1.28958e-05 -1.28141e-16)
(-9.92957e-07 1.27547e-05 -2.34616e-16)
(-7.38867e-08 1.26458e-05 1.95251e-16)
(8.36485e-07 1.24918e-05 -1.40093e-17)
(1.74742e-06 1.23833e-05 -4.88499e-17)
(2.65274e-06 1.22652e-05 5.1708e-17)
(3.54332e-06 1.21369e-05 3.12652e-17)
(4.41722e-06 1.19047e-05 -1.39284e-16)
(5.2591e-06 1.16423e-05 4.63992e-17)
(6.06796e-06 1.12421e-05 1.39564e-16)
(6.81462e-06 1.07973e-05 -2.71449e-17)
(7.51306e-06 1.02413e-05 3.39432e-16)
(8.12816e-06 9.65748e-06 -3.23658e-17)
(8.67912e-06 8.94697e-06 2.40278e-16)
(9.13235e-06 8.21615e-06 7.15522e-17)
(9.5164e-06 7.45013e-06 -2.62133e-17)
(9.79398e-06 6.67798e-06 2.12297e-17)
(1.00032e-05 5.90198e-06 2.84767e-16)
(1.01101e-05 5.13531e-06 -4.71005e-17)
(1.01493e-05 4.38574e-06 -3.98598e-16)
(1.00938e-05 3.64284e-06 6.39185e-17)
(9.97774e-06 2.94462e-06 3.17532e-16)
(9.78122e-06 2.27003e-06 3.69932e-17)
(9.53395e-06 1.64783e-06 -4.72071e-16)
(9.22454e-06 1.05644e-06 -4.75499e-16)
(8.87422e-06 5.28012e-07 -2.32773e-16)
(8.48056e-06 3.45428e-08 1.19256e-16)
(8.05724e-06 -3.91768e-07 2.44836e-16)
(7.60887e-06 -7.81783e-07 -9.87381e-17)
(7.14228e-06 -1.10366e-06 1.7381e-16)
(6.66839e-06 -1.3938e-06 7.90723e-16)
(6.18981e-06 -1.61745e-06 1.36657e-15)
(5.7218e-06 -1.80371e-06 -1.57592e-15)
(5.26063e-06 -1.92953e-06 1.27197e-15)
(4.82457e-06 -2.01187e-06 2.73028e-17)
(4.41079e-06 -2.04536e-06 -2.75562e-16)
(4.04268e-06 -2.04327e-06 7.31245e-16)
(3.68563e-06 -2.02381e-06 5.75337e-16)
(3.33706e-06 -1.97068e-06 1.91267e-17)
(2.94309e-06 -1.92354e-06 -1.68515e-15)
(2.58114e-06 -1.91852e-06 3.52428e-16)
(2.17924e-06 -1.99178e-06 -3.93554e-16)
(1.84072e-06 -2.02344e-06 1.49942e-17)
(1.52143e-06 -2.00751e-06 5.88717e-16)
(1.27763e-06 -1.97467e-06 1.4307e-16)
(1.07342e-06 -1.90696e-06 -3.50257e-16)
(9.1693e-07 -1.79606e-06 7.89133e-16)
(9.55631e-06 9.88129e-06 1.01055e-18)
(8.0547e-06 9.35517e-06 -6.1556e-18)
(6.78991e-06 7.7942e-06 -8.01696e-19)
(4.40923e-06 7.58269e-06 1.93542e-17)
(2.68995e-06 7.37519e-06 -6.33203e-17)
(1.39948e-06 7.00194e-06 2.14181e-17)
(3.4277e-07 6.47254e-06 1.05189e-17)
(-4.67274e-07 6.04784e-06 -4.70553e-17)
(-1.06578e-06 5.78919e-06 -8.412e-18)
(-1.47928e-06 5.69033e-06 1.07835e-17)
(-1.73058e-06 5.61598e-06 2.17156e-17)
(-1.83855e-06 5.60434e-06 2.43673e-17)
(-1.83126e-06 5.61511e-06 -4.79485e-17)
(-1.72167e-06 5.69836e-06 -4.30908e-17)
(-1.53501e-06 5.78047e-06 9.29359e-18)
(-1.27651e-06 5.91444e-06 3.36556e-17)
(-9.67999e-07 6.0619e-06 -2.52168e-17)
(-6.08243e-07 6.24482e-06 -4.49057e-18)
(-2.18156e-07 6.3924e-06 5.18502e-17)
(2.06523e-07 6.55984e-06 9.42652e-17)
(6.5151e-07 6.71135e-06 2.3791e-17)
(1.12513e-06 6.88463e-06 -1.23771e-16)
(1.61117e-06 7.00359e-06 1.00346e-16)
(2.11578e-06 7.12699e-06 1.00095e-16)
(2.63213e-06 7.21632e-06 -1.80654e-17)
(3.16847e-06 7.33363e-06 6.38602e-17)
(3.70867e-06 7.38362e-06 -1.0634e-16)
(4.25021e-06 7.42406e-06 1.67303e-17)
(4.78924e-06 7.39723e-06 -6.56332e-18)
(5.30972e-06 7.3283e-06 -5.10157e-17)
(5.81542e-06 7.15635e-06 -2.80558e-16)
(6.28774e-06 6.92483e-06 1.67437e-17)
(6.73459e-06 6.61357e-06 1.60438e-16)
(7.12315e-06 6.26231e-06 -1.0037e-16)
(7.47658e-06 5.84278e-06 6.57945e-17)
(7.76631e-06 5.4041e-06 -1.09788e-16)
(8.01508e-06 4.92831e-06 4.51059e-17)
(8.19351e-06 4.44098e-06 2.85869e-17)
(8.32602e-06 3.94537e-06 4.06549e-17)
(8.38804e-06 3.45382e-06 -9.14817e-17)
(8.40161e-06 2.96471e-06 -8.71635e-17)
(8.34218e-06 2.47931e-06 2.70901e-17)
(8.24531e-06 2.01703e-06 3.4851e-16)
(8.0885e-06 1.56035e-06 -1.44556e-16)
(7.89424e-06 1.13415e-06 -3.47266e-16)
(7.6487e-06 7.19736e-07 -1.52137e-17)
(7.36862e-06 3.48454e-07 2.77851e-17)
(7.04825e-06 -8.5138e-09 -2.97217e-18)
(6.70108e-06 -3.22334e-07 -2.79377e-16)
(6.32932e-06 -6.15237e-07 -4.4977e-17)
(5.94153e-06 -8.63553e-07 -5.77585e-16)
(5.54595e-06 -1.08625e-06 5.93799e-16)
(5.14028e-06 -1.25372e-06 -7.57278e-16)
(4.73067e-06 -1.3832e-06 2.14635e-16)
(4.34406e-06 -1.47905e-06 2.62069e-16)
(3.98807e-06 -1.54277e-06 -2.05397e-16)
(3.65979e-06 -1.55334e-06 -3.73852e-16)
(3.31291e-06 -1.50555e-06 2.42055e-16)
(2.99965e-06 -1.48548e-06 7.9589e-16)
(2.64362e-06 -1.50727e-06 -1.64758e-16)
(2.32189e-06 -1.50581e-06 9.23879e-16)
(2.64652e-05 1.13796e-06 1.58785e-18)
(2.34856e-05 1.63444e-06 -2.42822e-18)
(2.09293e-05 8.34856e-07 4.26172e-18)
(1.83082e-05 9.81606e-07 -1.26511e-17)
(1.60613e-05 1.21515e-06 6.00694e-17)
(1.40308e-05 1.3861e-06 -1.74519e-17)
(1.22132e-05 1.48011e-06 -1.62155e-17)
(1.06168e-05 1.62713e-06 3.92126e-17)
(9.23263e-06 1.83939e-06 4.48016e-18)
(8.04445e-06 2.10694e-06 -1.20534e-17)
(7.04557e-06 2.3528e-06 -5.21936e-18)
(6.21546e-06 2.5904e-06 -1.55023e-17)
(5.5411e-06 2.80101e-06 4.76484e-17)
(5.00263e-06 3.01922e-06 1.31444e-17)
(4.58781e-06 3.21834e-06 2.72328e-17)
(4.27826e-06 3.41148e-06 -1.16127e-17)
(4.06297e-06 3.57801e-06 5.01502e-17)
(3.92887e-06 3.74987e-06 -4.48119e-17)
(3.86575e-06 3.90406e-06 -5.33561e-17)
(3.86111e-06 4.05659e-06 -9.42274e-17)
(3.90908e-06 4.17661e-06 1.96983e-17)
(4.00182e-06 4.30746e-06 7.52983e-17)
(4.13475e-06 4.42906e-06 -1.54844e-16)
(4.29761e-06 4.54918e-06 2.32278e-19)
(4.49178e-06 4.6284e-06 -2.76327e-17)
(4.70879e-06 4.72057e-06 4.77102e-19)
(4.95428e-06 4.82073e-06 8.26321e-17)
(5.21139e-06 4.90855e-06 3.00424e-17)
(5.48976e-06 4.94924e-06 6.13715e-17)
(5.77077e-06 4.98244e-06 -2.23316e-16)
(6.06035e-06 4.94744e-06 -3.655e-17)
(6.33406e-06 4.91481e-06 6.33625e-17)
(6.60395e-06 4.81822e-06 -5.27474e-17)
(6.84125e-06 4.70076e-06 -2.08454e-16)
(7.06439e-06 4.51631e-06 -6.71916e-17)
(7.24262e-06 4.30998e-06 1.16743e-16)
(7.40211e-06 4.07079e-06 -1.14911e-16)
(7.51136e-06 3.81341e-06 -3.36194e-17)
(7.59463e-06 3.52309e-06 1.26575e-18)
(7.62552e-06 3.20736e-06 -1.78111e-17)
(7.60465e-06 2.87462e-06 -1.92068e-17)
(7.47861e-06 2.53021e-06 4.45481e-17)
(7.40325e-06 2.19148e-06 -9.61284e-17)
(7.31893e-06 1.85779e-06 1.44921e-16)
(7.20252e-06 1.52784e-06 1.5941e-16)
(7.03675e-06 1.20679e-06 2.2562e-16)
(6.83479e-06 9.0625e-07 -3.93563e-16)
(6.59142e-06 6.10156e-07 -2.75413e-16)
(6.31436e-06 3.35454e-07 -9.6966e-17)
(6.00994e-06 6.26002e-08 -3.8002e-16)
(5.67841e-06 -1.79956e-07 -8.88692e-16)
(5.33907e-06 -4.15168e-07 7.77657e-16)
(4.98089e-06 -6.12014e-07 -7.74766e-16)
(4.56391e-06 -7.25971e-07 6.17824e-17)
(3.41661e-05 -6.72702e-06 -2.17348e-17)
(3.2733e-05 -6.37332e-06 -2.9401e-17)
(3.07624e-05 -6.98068e-06 -1.16941e-17)
(2.86792e-05 -6.93789e-06 1.04529e-17)
(2.66239e-05 -6.71901e-06 -1.11666e-17)
(2.45815e-05 -6.36502e-06 4.71169e-17)
(2.26216e-05 -5.96512e-06 6.12833e-18)
(2.07636e-05 -5.44033e-06 -3.39603e-17)
(1.90337e-05 -4.86394e-06 -1.9549e-18)
(1.74398e-05 -4.22582e-06 3.66858e-17)
(1.59933e-05 -3.61425e-06 -1.17783e-18)
(1.46932e-05 -2.98373e-06 -3.82648e-18)
(1.35365e-05 -2.39752e-06 -4.7483e-17)
(1.25175e-05 -1.80145e-06 -6.82471e-19)
(1.16262e-05 -1.25445e-06 -7.11766e-17)
(1.08552e-05 -7.10786e-07 -3.58694e-17)
(1.019e-05 -2.2247e-07 -1.69953e-17)
(9.6251e-06 2.57437e-07 1.59775e-17)
(9.14418e-06 6.89606e-07 -3.66972e-17)
(8.74377e-06 1.10895e-06 6.33778e-17)
(8.40643e-06 1.46827e-06 -9.27497e-17)
(8.1317e-06 1.81262e-06 -6.27493e-17)
(7.90552e-06 2.11607e-06 5.21842e-17)
(7.72875e-06 2.40691e-06 -4.33485e-17)
(7.58607e-06 2.64236e-06 1.73049e-17)
(7.48059e-06 2.86349e-06 -6.12257e-17)
(7.40241e-06 3.04905e-06 3.96053e-17)
(7.35724e-06 3.24615e-06 5.00677e-18)
(7.32951e-06 3.39474e-06 3.62594e-17)
(7.32458e-06 3.5496e-06 1.15367e-16)
(7.33388e-06 3.67426e-06 -9.16984e-17)
(7.35199e-06 3.77644e-06 2.709e-20)
(7.3818e-06 3.84214e-06 -1.38988e-16)
(7.41284e-06 3.8871e-06 1.09878e-17)
(7.44754e-06 3.87211e-06 2.36076e-17)
(7.47023e-06 3.82775e-06 -9.57382e-17)
(7.49174e-06 3.72038e-06 1.4949e-16)
(7.49535e-06 3.59649e-06 3.15558e-17)
(7.47695e-06 3.43425e-06 4.55264e-17)
(7.46731e-06 3.25271e-06 -9.94072e-18)
(7.44921e-06 2.99815e-06 -9.15804e-17)
(7.07147e-06 2.76406e-06 2.42761e-17)
)
;

boundaryField
{
    inlet
    {
        type            calculated;
        value           nonuniform List<vector> 
13
(
(-3.07035e-08 0.62902 -6.32217e-16)
(8.33467e-09 0.633724 -1.25381e-15)
(7.2452e-10 0.635561 -6.62605e-16)
(4.6344e-09 0.635392 2.37662e-15)
(7.99769e-10 0.635101 -1.31034e-16)
(-8.21744e-09 0.64096 -6.26944e-16)
(-3.10614e-08 0.661824 -8.63898e-16)
(-7.5115e-08 0.730914 -3.35963e-15)
(-1.33527e-07 0.793603 9.78966e-15)
(-9.3046e-08 0.786329 4.13602e-16)
(-4.18112e-08 0.751514 -3.54632e-15)
(2.51906e-08 0.727146 5.79026e-16)
(5.06439e-08 0.712692 2.95405e-16)
)
;
    }
    outlet
    {
        type            calculated;
        value           nonuniform List<vector> 0();
    }
    walls
    {
        type            calculated;
        value           nonuniform List<vector> 4((-0.313701 2.46579 1.20048e-15) (-0.298416 2.09426 -2.25178e-15) (-0.296627 1.86414 -1.14585e-14) (0.108291 -0.611868 -2.1158e-14));
    }
    frontAndBack
    {
        type            empty;
    }
    procBoundary2to1
    {
        type            processor;
        value           nonuniform List<vector> 
84
(
(-5.68064e-05 -4.12083e-06 -2.91026e-15)
(-9.98199e-05 -7.35467e-06 7.67077e-16)
(-6.44601e-05 -1.29516e-05 1.86591e-15)
(-0.000781661 -0.00229121 -3.23218e-15)
(0.000139746 0.00339464 -9.27697e-16)
(0.000309395 -0.00112364 1.39436e-15)
(-6.50496e-05 2.69822e-05 -3.16215e-15)
(-7.21141e-05 -6.38976e-06 2.49736e-15)
(-7.27126e-05 -1.90441e-06 4.629e-15)
(-7.23591e-05 -3.91963e-06 -6.47331e-15)
(-7.15307e-05 -4.94634e-06 2.72857e-15)
(-7.06568e-05 -6.21147e-06 2.59483e-15)
(-6.96645e-05 -7.52772e-06 -8.87205e-15)
(-6.86237e-05 -8.79692e-06 2.13976e-15)
(-6.74576e-05 -1.00389e-05 8.07172e-15)
(-6.62126e-05 -1.1185e-05 -1.42078e-14)
(-6.48047e-05 -1.2368e-05 7.20971e-15)
(-6.32991e-05 -1.34271e-05 7.72265e-15)
(-6.16973e-05 -1.46842e-05 -8.08242e-15)
(-5.99582e-05 -1.58842e-05 4.35029e-16)
(-5.80965e-05 -1.71017e-05 3.89903e-15)
(-5.60148e-05 -1.83876e-05 -2.95629e-15)
(-5.38121e-05 -1.98731e-05 4.5643e-15)
(-5.139e-05 -2.14088e-05 -1.93463e-15)
(-4.89082e-05 -2.29016e-05 4.68858e-15)
(-4.62158e-05 -2.44057e-05 -7.04146e-15)
(-4.34773e-05 -2.58049e-05 5.98557e-15)
(-4.05652e-05 -2.71589e-05 4.85525e-17)
(-3.76608e-05 -2.82688e-05 -4.30246e-16)
(-3.46697e-05 -2.92452e-05 -4.3465e-15)
(-3.17242e-05 -2.98885e-05 6.5328e-15)
(-2.87128e-05 -3.03443e-05 -2.61467e-15)
(-2.58195e-05 -3.04301e-05 -1.4437e-15)
(-2.30575e-05 -3.03562e-05 -8.17995e-15)
(-2.04842e-05 -2.99676e-05 9.6416e-15)
(-1.80496e-05 -2.94469e-05 -3.80351e-15)
(-1.58267e-05 -2.87499e-05 -1.26848e-15)
(-1.36701e-05 -2.76986e-05 1.16492e-15)
(-1.36701e-05 -2.76986e-05 1.16492e-15)
(-1.32629e-05 -2.29188e-05 -1.1999e-15)
(-1.18935e-05 -2.19686e-05 6.9807e-15)
(-1.06636e-05 -2.09733e-05 -5.59698e-15)
(-9.51593e-06 -1.99633e-05 -2.43739e-15)
(-8.45641e-06 -1.8867e-05 4.61841e-15)
(-7.4796e-06 -1.77584e-05 1.12306e-15)
(-6.58614e-06 -1.66229e-05 -1.1712e-15)
(-5.78675e-06 -1.54922e-05 -1.07452e-16)
(-5.0716e-06 -1.4367e-05 5.77661e-16)
(-4.44946e-06 -1.32956e-05 1.41311e-15)
(-3.89474e-06 -1.22982e-05 -1.76895e-15)
(-3.43753e-06 -1.14135e-05 3.05618e-15)
(-3.02385e-06 -1.06042e-05 -6.41723e-16)
(-2.72454e-06 -9.80005e-06 -9.33798e-16)
(-2.72454e-06 -9.80005e-06 -9.33798e-16)
(-3.37649e-06 -8.89832e-06 1.76218e-16)
(-3.21771e-06 -8.08223e-06 -6.39599e-16)
(-3.07474e-06 -7.26585e-06 -1.13467e-16)
(-2.73365e-06 -6.52739e-06 1.01893e-15)
(-2.49509e-06 -5.82852e-06 1.97764e-15)
(-2.14483e-06 -5.21559e-06 -1.1409e-15)
(-1.87158e-06 -4.66392e-06 2.21562e-16)
(-1.49644e-06 -4.18591e-06 7.64489e-16)
(-1.20474e-06 -3.76797e-06 1.24064e-15)
(-1.20474e-06 -3.76797e-06 1.24064e-15)
(-1.34909e-06 -3.2869e-06 -3.88499e-16)
(-1.09207e-06 -3.02632e-06 2.36905e-16)
(-9.04264e-07 -2.76452e-06 -1.07756e-15)
(-7.20312e-07 -2.53278e-06 8.68604e-16)
(-6.13239e-07 -2.33803e-06 -2.23711e-16)
(-5.16222e-07 -2.17935e-06 8.64814e-16)
(-4.91167e-07 -2.05553e-06 -5.07727e-16)
(-4.36309e-07 -1.94242e-06 1.32402e-16)
(-4.06839e-07 -1.80218e-06 -2.30066e-17)
(-3.42578e-07 -1.64267e-06 1.18777e-15)
(-3.42578e-07 -1.64267e-06 1.18777e-15)
(-3.95635e-07 -1.4334e-06 -6.40923e-16)
(-3.11477e-07 -1.2196e-06 -8.12717e-17)
(-2.62094e-07 -1.05042e-06 1.02561e-16)
(-2.38027e-07 -9.51621e-07 2.17553e-16)
(-2.29869e-07 -8.83644e-07 -8.21354e-17)
(-2.0087e-07 -8.42465e-07 9.00812e-17)
(-1.59373e-07 -8.31027e-07 -3.04398e-16)
(-1.02184e-07 -7.94376e-07 -5.35889e-17)
(-5.52155e-08 -7.89627e-07 -5.3771e-16)
)
;
    }
    procBoundary2to3
    {
        type            processor;
        value           nonuniform List<vector> 
88
(
(1.08205e-07 -6.17651e-07 6.04177e-16)
(8.71152e-08 -6.7451e-07 -1.95205e-15)
(1.81227e-07 -6.58188e-07 5.9428e-15)
(1.08205e-07 -6.17651e-07 6.04177e-16)
(1.4474e-07 -6.94321e-07 7.89902e-16)
(2.29734e-07 -6.85486e-07 9.75797e-17)
(1.81227e-07 -6.58188e-07 5.9428e-15)
(2.23826e-07 -6.31903e-07 6.32711e-16)
(3.47984e-07 -1.09444e-06 -1.32701e-15)
(2.95466e-07 -9.53306e-07 2.76906e-15)
(2.29734e-07 -6.85486e-07 9.75797e-17)
(2.40713e-07 -8.25692e-07 8.46648e-18)
(7.51308e-07 -1.61191e-06 2.16818e-16)
(6.52108e-07 -1.44503e-06 -2.65772e-16)
(5.72753e-07 -1.36508e-06 1.83281e-16)
(4.97052e-07 -1.30279e-06 1.12155e-15)
(3.47984e-07 -1.09444e-06 -1.32701e-15)
(4.1346e-07 -1.19136e-06 -4.12129e-16)
(1.87712e-06 -1.5803e-06 -9.60057e-16)
(1.62158e-06 -1.65349e-06 2.21601e-16)
(1.35751e-06 -1.67191e-06 3.47353e-16)
(1.1606e-06 -1.69023e-06 1.11301e-15)
(7.51308e-07 -1.61191e-06 2.16818e-16)
(9.64627e-07 -1.61931e-06 1.02628e-15)
(4.11294e-06 -7.99234e-07 4.63403e-16)
(3.77305e-06 -9.32697e-07 8.07158e-16)
(3.4577e-06 -9.8664e-07 9.94068e-16)
(3.15966e-06 -1.00511e-06 -2.56756e-16)
(2.86828e-06 -9.86124e-07 7.71617e-16)
(2.61665e-06 -1.05387e-06 -7.49312e-16)
(1.87712e-06 -1.5803e-06 -9.60057e-16)
(2.31546e-06 -1.11651e-06 -2.2897e-15)
(6.71389e-06 2.45381e-06 -2.3941e-16)
(6.60444e-06 2.16739e-06 2.68111e-16)
(6.48636e-06 1.95645e-06 -1.10561e-16)
(6.32448e-06 1.73613e-06 -2.15841e-16)
(6.14494e-06 1.51506e-06 7.03259e-16)
(5.92867e-06 1.28236e-06 -5.63917e-16)
(5.69655e-06 1.04577e-06 9.91815e-17)
(5.43585e-06 8.0117e-07 6.16017e-16)
(5.1623e-06 5.63662e-07 -6.14678e-16)
(4.85998e-06 3.287e-07 -1.85811e-15)
(4.62345e-06 6.14414e-08 3.37768e-17)
(4.11294e-06 -7.99234e-07 4.63403e-16)
(4.38003e-06 -1.79207e-07 -3.54425e-16)
(3.49468e-05 -1.05243e-05 -2.39067e-17)
(3.50342e-05 -1.00147e-05 -2.76964e-18)
(3.46393e-05 -9.36905e-06 -2.61454e-17)
(3.38387e-05 -8.63313e-06 -1.17637e-17)
(3.26994e-05 -7.92184e-06 -8.8928e-18)
(3.13353e-05 -7.18679e-06 2.48383e-17)
(2.97972e-05 -6.45877e-06 6.72001e-17)
(2.81788e-05 -5.69813e-06 -2.89407e-17)
(2.64929e-05 -4.94159e-06 -5.41056e-17)
(2.48263e-05 -4.19044e-06 2.53284e-17)
(2.31705e-05 -3.4722e-06 -5.02818e-17)
(2.15973e-05 -2.77091e-06 -6.09803e-17)
(2.00811e-05 -2.11266e-06 -5.36782e-17)
(1.86811e-05 -1.48533e-06 -1.081e-16)
(1.73587e-05 -8.92512e-07 -1.02427e-17)
(1.61651e-05 -3.38941e-07 -8.98226e-17)
(1.50515e-05 1.71531e-07 -5.33862e-17)
(1.40662e-05 6.34165e-07 -1.20516e-16)
(1.31525e-05 1.06598e-06 -1.00084e-17)
(1.23586e-05 1.46008e-06 1.40505e-16)
(1.16219e-05 1.81309e-06 1.41573e-16)
(1.09911e-05 2.11411e-06 -8.45728e-17)
(1.04022e-05 2.39105e-06 5.85497e-17)
(9.90709e-06 2.63937e-06 1.26186e-16)
(9.43795e-06 2.85259e-06 1.14901e-17)
(9.04849e-06 3.02022e-06 -1.07145e-16)
(8.6728e-06 3.16606e-06 -7.39742e-18)
(8.36742e-06 3.30109e-06 2.56448e-17)
(8.06907e-06 3.41741e-06 -1.19007e-17)
(7.83068e-06 3.49764e-06 -9.52144e-17)
(7.59819e-06 3.56648e-06 8.12986e-17)
(7.42034e-06 3.62657e-06 -2.40956e-16)
(7.24221e-06 3.63699e-06 -9.33839e-17)
(7.11269e-06 3.6481e-06 1.70034e-16)
(6.98626e-06 3.63221e-06 3.12994e-17)
(6.89337e-06 3.60361e-06 2.10376e-17)
(6.80336e-06 3.54486e-06 -3.25513e-17)
(6.72634e-06 3.47988e-06 4.52523e-17)
(6.6601e-06 3.4218e-06 2.55538e-16)
(6.52409e-06 3.32438e-06 -9.47032e-17)
(6.69192e-06 3.28289e-06 2.14511e-18)
(6.71389e-06 2.45381e-06 -2.3941e-16)
(7.0573e-06 3.06067e-06 1.8147e-17)
)
;
    }
    procBoundary2to6
    {
        type            processor;
        value           nonuniform List<vector> 
13
(
(0.0266891 0.0244747 -6.4808e-14)
(-0.0804829 0.0084558 2.02067e-14)
(0.00188448 0.000258646 2.67434e-16)
(-0.00182462 0.000567215 -4.87764e-17)
(0.000429231 0.000298328 8.84837e-17)
(0.000825535 0.000271691 2.25246e-17)
(0.00019184 0.000136426 6.89196e-18)
(1.63452e-05 8.52551e-05 5.09654e-18)
(-2.13203e-05 5.32425e-05 2.90335e-17)
(-2.80295e-06 2.45733e-05 4.13839e-18)
(3.53857e-05 2.76317e-06 8.97073e-18)
(3.19548e-05 -4.01619e-06 -1.19759e-18)
(3.28397e-05 -8.76423e-06 -1.68649e-17)
)
;
    }
}


// ************************************************************************* //
