/*--------------------------------*- C++ -*----------------------------------*\
| =========                 |                                                 |
| \\      /  F ield         | OpenFOAM: The Open Source CFD Toolbox           |
|  \\    /   O peration     | Version:  2306                                  |
|   \\  /    A nd           | Website:  www.openfoam.com                      |
|    \\/     M anipulation  |                                                 |
\*---------------------------------------------------------------------------*/
FoamFile
{
    version     2.0;
    format      ascii;
    arch        "LSB;label=32;scalar=64";
    class       volVectorField;
    location    "550";
    object      momentError;
}
// * * * * * * * * * * * * * * * * * * * * * * * * * * * * * * * * * * * * * //

dimensions      [0 1 -2 0 0 0 0];

internalField   nonuniform List<vector> 
1340
(
(-1.1378e-07 6.30888e-07 6.04183e-16)
(-1.19381e-07 6.95011e-07 -1.95206e-15)
(-1.84523e-07 7.42938e-07 5.94286e-15)
(-1.42555e-07 7.46637e-07 7.89908e-16)
(-1.07172e-07 6.13551e-07 1.19895e-15)
(-1.97068e-07 6.73082e-07 2.7942e-15)
(-2.5396e-07 7.49627e-07 9.75807e-17)
(-2.43723e-07 7.11107e-07 6.32718e-16)
(-2.0802e-07 6.99965e-07 7.02414e-16)
(-1.68462e-07 7.26197e-07 -3.92523e-16)
(-1.03088e-07 7.20374e-07 -5.39266e-16)
(-2.07856e-07 6.74492e-07 3.05655e-15)
(-3.68815e-07 1.14662e-06 -1.32703e-15)
(-3.21258e-07 9.97702e-07 2.7691e-15)
(-2.70976e-07 8.73229e-07 8.46667e-18)
(-2.40818e-07 7.16944e-07 1.68363e-18)
(-2.75572e-07 6.95367e-07 1.20546e-15)
(-2.31899e-07 7.76031e-07 -4.17103e-15)
(-1.82601e-07 7.66805e-07 -2.20928e-15)
(-1.35878e-07 6.73672e-07 1.56423e-17)
(-1.60158e-07 6.67416e-07 -5.43763e-15)
(-7.50773e-07 1.68574e-06 2.16822e-16)
(-6.56828e-07 1.51868e-06 -2.65777e-16)
(-5.80769e-07 1.43361e-06 1.83284e-16)
(-5.08418e-07 1.36424e-06 1.12158e-15)
(-4.30872e-07 1.24711e-06 -4.12137e-16)
(-3.62073e-07 1.05527e-06 2.7005e-15)
(-3.15291e-07 9.2569e-07 -8.2132e-16)
(-2.82444e-07 8.42914e-07 -1.39446e-15)
(-2.58288e-07 8.06543e-07 -1.75779e-17)
(-2.91717e-07 7.48056e-07 -1.83124e-16)
(-2.31428e-07 7.2182e-07 2.71577e-15)
(-1.86582e-07 7.2587e-07 1.51726e-15)
(-1.43434e-07 6.70926e-07 3.03903e-18)
(-1.415e-07 6.55414e-07 4.39402e-16)
(-1.80304e-06 1.68203e-06 -9.60085e-16)
(-1.56822e-06 1.74447e-06 2.21608e-16)
(-1.32168e-06 1.75331e-06 3.47361e-16)
(-1.13861e-06 1.76373e-06 1.11304e-15)
(-9.55401e-07 1.69317e-06 1.02631e-15)
(-8.02667e-07 1.51628e-06 -3.98606e-16)
(-6.82994e-07 1.37162e-06 -6.26369e-16)
(-5.95545e-07 1.29381e-06 -5.66751e-16)
(-5.13651e-07 1.21755e-06 1.68757e-15)
(-4.48948e-07 1.17854e-06 -1.11345e-16)
(-4.10473e-07 1.16261e-06 -6.81559e-16)
(-3.60866e-07 1.01631e-06 8.58171e-16)
(-3.15432e-07 8.8074e-07 -6.31152e-16)
(-2.83317e-07 7.57782e-07 1.51702e-17)
(-2.72188e-07 7.2055e-07 -1.63046e-16)
(-2.36654e-07 7.10696e-07 6.20626e-16)
(-1.92148e-07 7.07729e-07 7.21124e-16)
(-1.49382e-07 6.53733e-07 2.62397e-17)
(-1.21041e-07 6.40476e-07 -2.31075e-16)
(-3.74375e-06 9.9363e-07 4.63419e-16)
(-3.45594e-06 1.11967e-06 8.07184e-16)
(-3.18879e-06 1.16491e-06 9.94099e-16)
(-2.93649e-06 1.1738e-06 -2.56764e-16)
(-2.68601e-06 1.14437e-06 7.71642e-16)
(-2.47142e-06 1.19853e-06 -7.49334e-16)
(-2.20573e-06 1.25785e-06 -2.28977e-15)
(-1.9441e-06 1.21803e-06 -1.15917e-15)
(-1.66289e-06 1.38521e-06 6.2734e-16)
(-1.43481e-06 1.43615e-06 1.01969e-16)
(-1.21948e-06 1.45811e-06 1.45317e-15)
(-1.05987e-06 1.52103e-06 -2.24413e-16)
(-9.40436e-07 1.60316e-06 -5.21482e-17)
(-8.02538e-07 1.49944e-06 8.04816e-17)
(-7.02404e-07 1.42291e-06 -5.6183e-17)
(-6.02897e-07 1.34729e-06 -5.39959e-16)
(-5.17112e-07 1.22409e-06 1.07563e-15)
(-4.34758e-07 1.05386e-06 -9.69792e-16)
(-3.78046e-07 9.31702e-07 1.23372e-16)
(-3.32007e-07 8.26209e-07 1.72685e-15)
(-2.98285e-07 7.49573e-07 -3.73567e-17)
(-2.75467e-07 7.09388e-07 1.70589e-16)
(-2.37393e-07 6.86295e-07 -1.40744e-15)
(-1.94856e-07 6.84076e-07 -1.67634e-15)
(-1.48745e-07 6.38047e-07 -2.1111e-17)
(-1.06334e-07 6.2304e-07 6.30174e-16)
(-4.98098e-06 -2.24474e-06 -2.3942e-16)
(-5.03493e-06 -1.92775e-06 2.68118e-16)
(-5.07194e-06 -1.69237e-06 -1.10564e-16)
(-5.05514e-06 -1.45243e-06 -2.15848e-16)
(-5.01079e-06 -1.21631e-06 7.03283e-16)
(-4.92045e-06 -9.73632e-07 -5.63937e-16)
(-4.80435e-06 -7.30855e-07 9.91854e-17)
(-4.65014e-06 -4.83801e-07 6.1604e-16)
(-4.47379e-06 -2.4688e-07 -6.14697e-16)
(-4.2593e-06 -1.78503e-08 -1.85817e-15)
(-4.10659e-06 2.34072e-07 3.37784e-17)
(-3.9384e-06 4.79378e-07 -3.54437e-16)
(-3.4874e-06 4.28898e-07 3.28153e-16)
(-3.23091e-06 5.78976e-07 3.45013e-16)
(-2.96364e-06 6.95226e-07 -1.00428e-16)
(-2.76288e-06 7.11108e-07 -2.23438e-16)
(-2.53532e-06 7.65508e-07 7.126e-16)
(-2.36191e-06 7.72374e-07 -2.74352e-16)
(-2.21825e-06 9.55114e-07 -4.00483e-16)
(-2.17657e-06 1.35968e-06 3.30273e-16)
(-1.90981e-06 1.42753e-06 -1.00444e-15)
(-1.66186e-06 1.51007e-06 6.3981e-16)
(-1.43248e-06 1.55227e-06 -3.79393e-16)
(-1.21499e-06 1.4984e-06 -5.21319e-16)
(-9.86889e-07 1.33849e-06 2.87805e-16)
(-8.53424e-07 1.26144e-06 2.01574e-16)
(-7.42323e-07 1.21785e-06 4.20738e-16)
(-6.46451e-07 1.16473e-06 -4.56526e-16)
(-5.53501e-07 1.0982e-06 -7.81193e-16)
(-4.76212e-07 1.00529e-06 2.68942e-16)
(-4.08091e-07 8.94954e-07 4.30359e-17)
(-3.52679e-07 7.97078e-07 -1.72228e-16)
(-3.10956e-07 7.21424e-07 1.24172e-17)
(-2.76898e-07 6.88502e-07 -1.38835e-16)
(-2.3668e-07 6.65543e-07 2.83387e-15)
(-1.93764e-07 6.60789e-07 -1.33358e-16)
(-1.44998e-07 6.18956e-07 2.68175e-16)
(-9.38293e-08 6.04499e-07 -9.54527e-17)
(-3.60528e-05 2.09064e-05 -7.58901e-17)
(-3.20395e-05 1.65673e-05 -2.3907e-17)
(-2.79594e-05 1.50453e-05 -2.7697e-18)
(-2.42094e-05 1.36393e-05 -2.61458e-17)
(-2.06644e-05 1.20931e-05 -1.17639e-17)
(-1.73451e-05 1.06143e-05 -8.89267e-18)
(-1.43282e-05 9.15176e-06 2.48385e-17)
(-1.15993e-05 7.79806e-06 6.72009e-17)
(-9.19774e-06 6.52371e-06 -2.89411e-17)
(-7.08235e-06 5.33436e-06 -5.41064e-17)
(-5.28356e-06 4.19598e-06 2.53291e-17)
(-3.74558e-06 3.13515e-06 -5.02821e-17)
(-2.49482e-06 2.14507e-06 -6.0981e-17)
(-1.46547e-06 1.25278e-06 -5.3679e-17)
(-6.80865e-07 4.41639e-07 -1.08102e-16)
(-7.08763e-08 -2.9205e-07 -1.02434e-17)
(3.3887e-07 -9.45371e-07 -8.98245e-17)
(6.22431e-07 -1.51558e-06 -5.33866e-17)
(7.49919e-07 -1.9996e-06 -1.20519e-16)
(7.94761e-07 -2.41825e-06 -1.0008e-17)
(7.22727e-07 -2.76825e-06 1.40507e-16)
(6.07454e-07 -3.04861e-06 1.41576e-16)
(4.08146e-07 -3.25316e-06 -8.45749e-17)
(1.96544e-07 -3.4126e-06 5.85505e-17)
(-7.46465e-08 -3.52861e-06 1.26189e-16)
(-3.3404e-07 -3.59586e-06 1.14905e-17)
(-6.33498e-07 -3.61194e-06 -1.07147e-16)
(-9.05731e-07 -3.60121e-06 -7.39815e-18)
(-1.20799e-06 -3.58076e-06 2.56455e-17)
(-1.47744e-06 -3.54295e-06 -1.19015e-17)
(-1.76806e-06 -3.4771e-06 -9.52165e-17)
(-2.0276e-06 -3.40768e-06 8.13019e-17)
(-2.30771e-06 -3.34191e-06 -2.40963e-16)
(-2.55589e-06 -3.24025e-06 -9.33861e-17)
(-2.82236e-06 -3.15529e-06 1.70039e-16)
(-3.06473e-06 -3.05924e-06 3.12999e-17)
(-3.31401e-06 -2.96769e-06 2.10385e-17)
(-3.54248e-06 -2.86151e-06 -3.25534e-17)
(-3.76208e-06 -2.76327e-06 4.52535e-17)
(-3.97111e-06 -2.68273e-06 2.55546e-16)
(-4.08382e-06 -2.58414e-06 -9.4706e-17)
(-4.54402e-06 -2.5651e-06 2.1452e-18)
(-5.10647e-06 -2.35796e-06 1.81468e-17)
(-4.45892e-06 -2.25055e-06 -1.51003e-16)
(-4.36777e-06 -2.01845e-06 7.08112e-16)
(-4.35678e-06 -1.84813e-06 1.44945e-17)
(-4.3099e-06 -1.6713e-06 -6.57219e-16)
(-4.26995e-06 -1.48505e-06 5.98756e-16)
(-4.18845e-06 -1.28858e-06 3.82706e-16)
(-4.11578e-06 -1.09092e-06 -7.98526e-17)
(-3.99644e-06 -8.82432e-07 9.9126e-18)
(-3.887e-06 -6.74821e-07 -6.3748e-16)
(-3.73354e-06 -4.72089e-07 -1.00413e-15)
(-3.545e-06 -2.85511e-07 -6.10062e-17)
(-3.56413e-06 -1.26811e-08 -2.1438e-16)
(-3.81838e-06 5.13402e-07 3.17215e-16)
(-3.57006e-06 6.55112e-07 -7.38493e-17)
(-3.31552e-06 7.69348e-07 -1.43821e-15)
(-3.05552e-06 8.53769e-07 -4.97847e-17)
(-2.84918e-06 8.79933e-07 4.51496e-16)
(-2.60102e-06 9.41896e-07 2.13333e-16)
(-2.39847e-06 9.52529e-07 5.01258e-16)
(-2.11625e-06 9.29638e-07 4.15968e-16)
(-1.92424e-06 1.02328e-06 6.61495e-16)
(-1.70812e-06 1.11725e-06 1.1212e-15)
(-1.48616e-06 1.18692e-06 2.59629e-17)
(-1.26963e-06 1.20102e-06 1.3437e-16)
(-1.0717e-06 1.18291e-06 -1.80606e-16)
(-9.2548e-07 1.12693e-06 -1.64918e-16)
(-8.15624e-07 1.10226e-06 8.42927e-16)
(-7.12608e-07 1.07732e-06 -6.83916e-16)
(-6.08716e-07 1.01399e-06 -4.3028e-17)
(-5.13396e-07 9.2813e-07 -5.8066e-16)
(-4.33452e-07 8.37061e-07 7.62738e-16)
(-3.70416e-07 7.55973e-07 -3.18064e-16)
(-3.20997e-07 6.95294e-07 4.23997e-17)
(-2.77371e-07 6.63348e-07 8.82595e-17)
(-2.33983e-07 6.3915e-07 -1.91255e-15)
(-1.89392e-07 6.38229e-07 7.61457e-16)
(-1.38249e-07 6.00779e-07 1.79981e-16)
(-8.37068e-08 5.84595e-07 6.72519e-18)
(-3.70516e-05 2.68764e-05 -1.36774e-17)
(-3.63753e-05 2.49303e-05 -9.71964e-18)
(-3.38701e-05 2.32511e-05 8.61467e-18)
(-3.12019e-05 2.16281e-05 -1.06453e-18)
(-2.84123e-05 1.99817e-05 -1.19099e-17)
(-2.55793e-05 1.83989e-05 3.78999e-17)
(-2.27984e-05 1.68667e-05 1.29754e-17)
(-2.01028e-05 1.53896e-05 -1.01015e-17)
(-1.75528e-05 1.39867e-05 3.17884e-17)
(-1.51619e-05 1.26275e-05 -4.03395e-18)
(-1.29704e-05 1.13358e-05 3.44898e-17)
(-1.09718e-05 1.00814e-05 5.52035e-17)
(-9.19255e-06 8.90096e-06 -3.68521e-17)
(-7.61359e-06 7.76521e-06 4.63715e-17)
(-6.25003e-06 6.7133e-06 -2.80634e-17)
(-5.07456e-06 5.69799e-06 -9.07746e-17)
(-4.09648e-06 4.76076e-06 -6.60381e-18)
(-3.28249e-06 3.86884e-06 2.18895e-17)
(-2.6389e-06 3.06805e-06 1.85421e-17)
(-2.12852e-06 2.31059e-06 -2.34403e-17)
(-1.75895e-06 1.63029e-06 -1.04072e-17)
(-1.49055e-06 9.92592e-07 -3.38832e-18)
(-1.33168e-06 4.45657e-07 -2.54936e-17)
(-1.24164e-06 -5.69146e-08 -4.17427e-17)
(-1.23314e-06 -4.90777e-07 1.26984e-17)
(-1.26676e-06 -8.87086e-07 5.6123e-17)
(-1.35549e-06 -1.19841e-06 -4.90663e-17)
(-1.46034e-06 -1.47001e-06 4.72301e-17)
(-1.60048e-06 -1.6837e-06 -2.22813e-17)
(-1.74226e-06 -1.87385e-06 4.61965e-17)
(-1.90433e-06 -1.98866e-06 -1.09871e-16)
(-2.05179e-06 -2.08417e-06 -1.16784e-16)
(-2.21267e-06 -2.14311e-06 -8.71485e-18)
(-2.35667e-06 -2.18734e-06 -1.98048e-16)
(-2.50098e-06 -2.16446e-06 -2.37224e-17)
(-2.63109e-06 -2.15692e-06 8.08324e-17)
(-2.7571e-06 -2.11616e-06 3.98058e-17)
(-2.86861e-06 -2.09841e-06 3.12107e-17)
(-2.97586e-06 -2.05637e-06 6.15701e-17)
(-3.07787e-06 -2.02944e-06 1.89229e-16)
(-3.1517e-06 -2.00238e-06 -1.58078e-17)
(-3.08765e-06 -1.97879e-06 -1.31155e-16)
(-3.56301e-06 -2.09368e-06 1.1785e-16)
(-4.82996e-06 -1.99773e-06 -2.65779e-16)
(-4.85521e-06 -1.84973e-06 -4.51914e-16)
(-4.81724e-06 -1.65052e-06 2.55274e-17)
(-4.76214e-06 -1.45385e-06 1.98762e-16)
(-4.69626e-06 -1.26265e-06 -2.89529e-16)
(-4.60863e-06 -1.06529e-06 2.64905e-16)
(-4.51269e-06 -8.70993e-07 1.16692e-16)
(-4.3917e-06 -6.77258e-07 2.15975e-16)
(-4.2644e-06 -4.87076e-07 4.97937e-16)
(-4.10718e-06 -3.02941e-07 5.40873e-16)
(-3.92678e-06 -1.35759e-07 -2.29369e-17)
(-3.64751e-06 -1.25014e-08 -4.91997e-17)
(-3.29859e-06 1.22084e-08 1.66454e-16)
(-3.12903e-06 1.53839e-07 1.84743e-16)
(-2.9753e-06 2.76881e-07 1.12641e-15)
(-2.78996e-06 3.72866e-07 1.56589e-17)
(-2.63321e-06 4.56663e-07 -1.0577e-15)
(-2.46521e-06 5.19516e-07 1.09741e-16)
(-2.3039e-06 6.14394e-07 -5.1355e-16)
(-2.15073e-06 7.13109e-07 -2.63684e-16)
(-1.96214e-06 7.9785e-07 9.4001e-19)
(-1.76345e-06 8.83349e-07 -9.20652e-16)
(-1.55922e-06 9.64089e-07 1.03941e-16)
(-1.33998e-06 9.98646e-07 5.71401e-17)
(-1.14882e-06 9.752e-07 -1.02327e-17)
(-9.94047e-07 9.69267e-07 1.32814e-16)
(-8.90844e-07 9.6932e-07 -4.40655e-16)
(-7.71225e-07 9.46926e-07 2.13089e-16)
(-6.59549e-07 9.03935e-07 1.08502e-16)
(-5.50566e-07 8.42576e-07 4.2296e-17)
(-4.56932e-07 7.73871e-07 -1.82661e-15)
(-3.86017e-07 7.09457e-07 -5.393e-16)
(-3.27771e-07 6.56758e-07 -1.50451e-17)
(-2.7695e-07 6.34849e-07 3.64598e-17)
(-2.29277e-07 6.15833e-07 -1.43928e-15)
(-1.83529e-07 6.14602e-07 4.97136e-16)
(-1.30335e-07 5.80222e-07 -4.05485e-16)
(-7.54928e-08 5.64353e-07 1.07391e-17)
(-3.21947e-05 2.56199e-05 -1.24918e-17)
(-3.40804e-05 2.54935e-05 -5.10684e-18)
(-3.38296e-05 2.46718e-05 1.23589e-17)
(-3.30333e-05 2.3683e-05 8.18479e-18)
(-3.18122e-05 2.258e-05 -3.79429e-18)
(-3.02724e-05 2.14388e-05 -3.6569e-18)
(-2.84952e-05 2.02695e-05 1.3925e-17)
(-2.65705e-05 1.90796e-05 -1.0019e-17)
(-2.45533e-05 1.78745e-05 -3.13367e-18)
(-2.25162e-05 1.6669e-05 1.5486e-17)
(-2.0494e-05 1.54826e-05 -1.89755e-18)
(-1.85372e-05 1.43081e-05 2.28284e-17)
(-1.6664e-05 1.31619e-05 2.06499e-17)
(-1.49106e-05 1.20418e-05 -1.2798e-17)
(-1.32775e-05 1.09637e-05 3.66107e-17)
(-1.17907e-05 9.91607e-06 -1.04072e-17)
(-1.04395e-05 8.91325e-06 -2.52495e-17)
(-9.24202e-06 7.94392e-06 3.12042e-17)
(-8.17901e-06 7.02376e-06 1.58714e-17)
(-7.2625e-06 6.14036e-06 2.34981e-18)
(-6.46906e-06 5.3086e-06 -9.73918e-18)
(-5.80803e-06 4.50956e-06 -6.92474e-17)
(-5.25226e-06 3.7596e-06 3.68134e-18)
(-4.80898e-06 3.04692e-06 -3.64922e-17)
(-4.45006e-06 2.3909e-06 -1.08962e-17)
(-4.18329e-06 1.76546e-06 1.85239e-17)
(-3.98031e-06 1.18865e-06 3.52101e-17)
(-3.84661e-06 6.5278e-07 3.40918e-18)
(-3.75603e-06 1.84673e-07 8.41992e-18)
(-3.7164e-06 -2.48391e-07 -1.09543e-17)
(-3.70293e-06 -6.33656e-07 2.80943e-17)
(-3.71983e-06 -9.69e-07 -5.90514e-17)
(-3.74738e-06 -1.23104e-06 -1.40989e-17)
(-3.79403e-06 -1.47232e-06 3.87786e-17)
(-3.84028e-06 -1.64299e-06 -1.15766e-16)
(-3.8849e-06 -1.77523e-06 -6.01328e-17)
(-3.92428e-06 -1.85854e-06 2.07938e-17)
(-3.95429e-06 -1.91474e-06 -1.70301e-17)
(-3.98054e-06 -1.91509e-06 -3.3328e-17)
(-4.00092e-06 -1.90118e-06 -5.14329e-17)
(-4.0012e-06 -1.85244e-06 3.91587e-17)
(-3.91864e-06 -1.79407e-06 -4.0124e-17)
(-3.75713e-06 -1.73943e-06 -1.14845e-16)
(-3.34212e-06 -1.68101e-06 4.64865e-17)
(-3.39154e-06 -1.59521e-06 -2.38349e-16)
(-3.42544e-06 -1.49679e-06 3.18059e-19)
(-3.45671e-06 -1.38997e-06 1.47449e-17)
(-3.46742e-06 -1.27694e-06 1.70968e-16)
(-3.47528e-06 -1.15501e-06 -3.33621e-16)
(-3.45857e-06 -1.02833e-06 1.43778e-19)
(-3.43779e-06 -8.97163e-07 3.58336e-16)
(-3.3898e-06 -7.58189e-07 -1.1864e-16)
(-3.33742e-06 -6.16905e-07 4.96328e-16)
(-3.23645e-06 -4.7109e-07 2.98454e-17)
(-3.15562e-06 -3.24987e-07 -6.5247e-17)
(-3.07664e-06 -1.65267e-07 -6.43355e-17)
(-2.96425e-06 -4.58388e-08 -4.20689e-18)
(-2.82483e-06 7.10956e-08 -6.34352e-16)
(-2.69104e-06 1.71693e-07 2.19452e-16)
(-2.54453e-06 2.63406e-07 6.07072e-16)
(-2.40261e-06 3.41426e-07 -1.3439e-16)
(-2.25308e-06 4.173e-07 1.00792e-15)
(-2.09852e-06 4.91324e-07 1.48849e-17)
(-1.93964e-06 5.62779e-07 -1.8477e-16)
(-1.77241e-06 6.57205e-07 -2.21802e-16)
(-1.58591e-06 7.27038e-07 -2.70736e-16)
(-1.39284e-06 7.69704e-07 5.21076e-16)
(-1.2004e-06 7.98644e-07 1.23189e-16)
(-1.06583e-06 8.00453e-07 2.62861e-16)
(-9.38913e-07 8.18547e-07 -4.81894e-16)
(-8.22808e-07 8.11732e-07 1.51515e-16)
(-6.95484e-07 7.85835e-07 -1.12313e-16)
(-5.76413e-07 7.40221e-07 -1.17102e-15)
(-4.79908e-07 6.97304e-07 -3.8345e-16)
(-3.99979e-07 6.56016e-07 1.39205e-16)
(-3.34164e-07 6.19279e-07 9.83197e-18)
(-2.74337e-07 6.01758e-07 1.81977e-16)
(-2.23772e-07 5.86228e-07 2.68099e-16)
(-1.78128e-07 5.91316e-07 -8.99741e-16)
(-1.22859e-07 5.60565e-07 -2.02939e-16)
(-6.87623e-08 5.43127e-07 -5.13724e-16)
(-1.98579e-05 1.82124e-05 6.81347e-18)
(-2.35781e-05 1.79729e-05 -2.02385e-18)
(-2.56323e-05 1.76712e-05 -9.00857e-18)
(-2.69757e-05 1.73236e-05 -2.63982e-18)
(-2.77336e-05 1.69417e-05 5.94455e-18)
(-2.79609e-05 1.64951e-05 -2.58453e-19)
(-2.77365e-05 1.5997e-05 -4.50328e-18)
(-2.71367e-05 1.54246e-05 1.85888e-18)
(-2.62336e-05 1.47801e-05 -2.01581e-17)
(-2.50975e-05 1.40801e-05 -1.31692e-17)
(-2.37909e-05 1.33472e-05 -1.0165e-17)
(-2.23671e-05 1.25855e-05 -1.96627e-18)
(-2.08757e-05 1.18035e-05 2.68124e-17)
(-1.93583e-05 1.10121e-05 -7.72912e-18)
(-1.7847e-05 1.02253e-05 -3.10193e-17)
(-1.63711e-05 9.44517e-06 1.47801e-17)
(-1.49494e-05 8.67965e-06 -1.0022e-17)
(-1.36015e-05 7.92825e-06 -4.7405e-17)
(-1.23358e-05 7.20027e-06 -6.82355e-18)
(-1.11631e-05 6.49089e-06 -5.62924e-19)
(-1.00845e-05 5.80982e-06 4.05252e-17)
(-9.10505e-06 5.14855e-06 5.26126e-17)
(-8.22043e-06 4.51806e-06 5.02296e-18)
(-7.43269e-06 3.90723e-06 1.90139e-17)
(-6.73326e-06 3.33055e-06 -3.24975e-19)
(-6.1215e-06 2.77608e-06 3.36089e-17)
(-5.58778e-06 2.25617e-06 -1.49561e-17)
(-5.13065e-06 1.75686e-06 -3.48646e-18)
(-4.73869e-06 1.30054e-06 -2.17753e-18)
(-4.40888e-06 8.70736e-07 7.36823e-18)
(-4.13147e-06 4.84029e-07 -2.85155e-18)
(-3.90469e-06 1.14374e-07 2.88846e-17)
(-3.71648e-06 -2.02092e-07 -3.88501e-19)
(-3.56404e-06 -4.83679e-07 8.23368e-19)
(-3.44217e-06 -7.41678e-07 2.12038e-17)
(-3.34468e-06 -9.73238e-07 7.08667e-17)
(-3.26723e-06 -1.1471e-06 -4.42148e-17)
(-3.2062e-06 -1.29537e-06 -2.93839e-18)
(-3.16167e-06 -1.40005e-06 4.89774e-17)
(-3.13222e-06 -1.46699e-06 4.60791e-18)
(-3.10737e-06 -1.48103e-06 -8.50598e-17)
(-3.03283e-06 -1.46511e-06 3.69084e-17)
(-3.03201e-06 -1.44628e-06 7.77305e-17)
(-3.12536e-06 -1.41969e-06 2.01306e-16)
(-3.15337e-06 -1.36823e-06 2.11846e-16)
(-3.16912e-06 -1.31119e-06 4.92801e-17)
(-3.18344e-06 -1.23968e-06 -7.55788e-18)
(-3.18984e-06 -1.16254e-06 -1.04037e-16)
(-3.19184e-06 -1.07399e-06 1.19915e-16)
(-3.18272e-06 -9.82049e-07 -5.44713e-17)
(-3.1657e-06 -8.83819e-07 -2.77368e-16)
(-3.13553e-06 -7.816e-07 -1.76938e-16)
(-3.09368e-06 -6.73545e-07 -7.99217e-17)
(-3.02185e-06 -5.62049e-07 -4.79432e-17)
(-2.93532e-06 -4.50633e-07 4.23725e-17)
(-2.84486e-06 -3.41139e-07 -4.06194e-16)
(-2.75068e-06 -2.33188e-07 -1.92454e-16)
(-2.6472e-06 -1.27659e-07 -2.25977e-16)
(-2.53291e-06 -3.06441e-08 -5.52804e-16)
(-2.41498e-06 6.28077e-08 1.25392e-16)
(-2.2888e-06 1.45246e-07 -1.4062e-16)
(-2.15936e-06 2.25821e-07 -5.43837e-16)
(-2.02793e-06 2.98929e-07 5.71116e-16)
(-1.88846e-06 3.79024e-07 7.14542e-16)
(-1.74445e-06 4.46386e-07 -1.12854e-16)
(-1.57278e-06 5.20855e-07 -3.32992e-16)
(-1.40613e-06 5.69552e-07 -7.97784e-18)
(-1.22571e-06 6.0732e-07 -6.46367e-17)
(-1.08562e-06 6.38581e-07 1.59069e-16)
(-9.69142e-07 6.60966e-07 1.27658e-16)
(-8.42355e-07 6.67449e-07 1.04695e-16)
(-7.1677e-07 6.48022e-07 3.01825e-16)
(-6.03206e-07 6.36604e-07 5.7531e-16)
(-5.06659e-07 6.17666e-07 2.44256e-16)
(-4.18582e-07 5.91792e-07 5.51223e-17)
(-3.40797e-07 5.66037e-07 -1.3937e-16)
(-2.76945e-07 5.62938e-07 -9.72123e-16)
(-2.22162e-07 5.59691e-07 4.26285e-16)
(-1.74001e-07 5.65301e-07 4.60121e-16)
(-1.16416e-07 5.36437e-07 6.12585e-16)
(-6.2642e-08 5.2088e-07 1.88946e-15)
(-2.69509e-06 6.3626e-06 4.92444e-19)
(-6.85765e-06 6.35882e-06 1.82259e-18)
(-1.04336e-05 6.81235e-06 6.03162e-18)
(-1.34295e-05 7.05584e-06 1.81878e-18)
(-1.59052e-05 7.28617e-06 -3.24237e-18)
(-1.78511e-05 7.42144e-06 -1.44196e-18)
(-1.92921e-05 7.4923e-06 -2.46278e-19)
(-2.02672e-05 7.48767e-06 -6.65899e-20)
(-2.082e-05 7.41924e-06 3.04143e-20)
(-2.10031e-05 7.27918e-06 -8.03743e-18)
(-2.08693e-05 7.08217e-06 9.68418e-18)
(-2.04701e-05 6.837e-06 -7.07692e-18)
(-1.98561e-05 6.55476e-06 -1.72595e-17)
(-1.90764e-05 6.23092e-06 -1.03235e-17)
(-1.81706e-05 5.87634e-06 -3.77206e-18)
(-1.71804e-05 5.50071e-06 3.27426e-18)
(-1.61351e-05 5.11462e-06 1.41376e-18)
(-1.50673e-05 4.71705e-06 -1.21919e-17)
(-1.39965e-05 4.31639e-06 -1.80754e-17)
(-1.29459e-05 3.91679e-06 -4.89519e-18)
(-1.19271e-05 3.52441e-06 3.11617e-18)
(-1.09562e-05 3.13858e-06 1.95867e-17)
(-1.00371e-05 2.7656e-06 -2.73347e-17)
(-9.18091e-06 2.40295e-06 6.02821e-18)
(-8.38643e-06 2.0526e-06 -2.23572e-17)
(-7.66062e-06 1.71072e-06 1.23661e-17)
(-6.99875e-06 1.38462e-06 3.37536e-17)
(-6.40486e-06 1.06734e-06 -2.59937e-17)
(-5.87157e-06 7.63072e-07 -4.72191e-17)
(-5.40114e-06 4.6828e-07 -1.33378e-17)
(-4.98558e-06 1.91529e-07 9.92074e-17)
(-4.62555e-06 -7.07013e-08 6.59208e-17)
(-4.31304e-06 -3.16951e-07 5.49413e-17)
(-4.04585e-06 -5.46429e-07 -4.93116e-19)
(-3.81691e-06 -7.30758e-07 -5.8012e-17)
(-3.62625e-06 -8.98132e-07 -6.42561e-17)
(-3.46564e-06 -1.02861e-06 4.87765e-17)
(-3.33186e-06 -1.13342e-06 -2.02063e-17)
(-3.22474e-06 -1.20296e-06 -6.40221e-17)
(-3.14484e-06 -1.25717e-06 4.9787e-17)
(-3.07449e-06 -1.26442e-06 -1.32366e-17)
(-2.97347e-06 -1.24277e-06 2.98779e-19)
(-2.9023e-06 -1.2222e-06 -3.83461e-17)
(-2.85884e-06 -1.19636e-06 3.23644e-18)
(-2.83947e-06 -1.16018e-06 -1.72671e-16)
(-2.82273e-06 -1.12478e-06 -1.14769e-16)
(-2.81097e-06 -1.07683e-06 -2.42463e-17)
(-2.79785e-06 -1.0268e-06 -2.30162e-16)
(-2.7849e-06 -9.66641e-07 -1.81436e-16)
(-2.76555e-06 -9.06516e-07 -5.94159e-17)
(-2.74207e-06 -8.39088e-07 -1.63988e-16)
(-2.70934e-06 -7.7003e-07 1.18349e-16)
(-2.67063e-06 -6.9397e-07 -3.20091e-16)
(-2.61043e-06 -6.14094e-07 -4.52498e-17)
(-2.54275e-06 -5.27856e-07 2.14044e-16)
(-2.47294e-06 -4.37362e-07 4.19965e-17)
(-2.39375e-06 -3.49454e-07 -1.03338e-16)
(-2.30623e-06 -2.57922e-07 9.20918e-16)
(-2.21221e-06 -1.70354e-07 5.36304e-17)
(-2.11421e-06 -8.33616e-08 -7.88583e-16)
(-2.00936e-06 -3.00715e-09 1.93111e-16)
(-1.90054e-06 7.4454e-08 -6.62642e-16)
(-1.78886e-06 1.47033e-07 -3.64865e-17)
(-1.67576e-06 2.11547e-07 8.00446e-17)
(-1.54859e-06 2.80482e-07 -1.72255e-15)
(-1.42108e-06 3.3414e-07 4.28756e-17)
(-1.26815e-06 3.85151e-07 7.87285e-17)
(-1.13015e-06 4.32491e-07 -2.46906e-16)
(-1.00622e-06 4.75138e-07 3.22974e-16)
(-8.97385e-07 5.01638e-07 -2.28353e-17)
(-7.88755e-07 5.10046e-07 1.06676e-16)
(-6.80796e-07 5.21656e-07 -7.1216e-16)
(-5.86831e-07 5.20372e-07 -6.83228e-16)
(-4.90525e-07 5.17487e-07 6.13212e-17)
(-4.08745e-07 5.06249e-07 -5.03111e-17)
(-3.31497e-07 5.01364e-07 1.24007e-16)
(-2.72125e-07 5.08388e-07 -6.68412e-16)
(-2.13797e-07 5.11833e-07 8.53186e-17)
(-1.62627e-07 5.27929e-07 -6.87669e-16)
(-1.03927e-07 5.03001e-07 -8.15958e-17)
(-5.30674e-08 4.89909e-07 1.4542e-15)
(1.29627e-05 -4.46121e-06 2.71327e-18)
(1.02698e-05 -4.5911e-06 4.04509e-18)
(6.92853e-06 -4.03455e-06 -1.01343e-18)
(3.74954e-06 -3.59585e-06 1.98564e-18)
(7.66697e-07 -3.16356e-06 1.75267e-18)
(-1.9451e-06 -2.77162e-06 -1.57959e-17)
(-4.34345e-06 -2.40872e-06 -9.37344e-18)
(-6.4003e-06 -2.06796e-06 -3.43138e-18)
(-8.10815e-06 -1.7563e-06 -1.0541e-18)
(-9.47445e-06 -1.46865e-06 4.02975e-18)
(-1.05113e-05 -1.21668e-06 -9.10994e-18)
(-1.12459e-05 -9.91291e-07 1.24143e-17)
(-1.1707e-05 -7.96241e-07 2.13748e-18)
(-1.19263e-05 -6.25331e-07 7.63861e-18)
(-1.19381e-05 -4.87036e-07 1.90276e-17)
(-1.1778e-05 -3.73771e-07 1.71568e-17)
(-1.14763e-05 -2.85591e-07 1.49338e-17)
(-1.10629e-05 -2.19546e-07 5.83705e-18)
(-1.05687e-05 -1.76784e-07 2.60892e-17)
(-1.00142e-05 -1.53242e-07 -1.29569e-17)
(-9.42416e-06 -1.46949e-07 -3.83755e-17)
(-8.81461e-06 -1.5476e-07 -8.3864e-18)
(-8.2015e-06 -1.7515e-07 -2.42053e-18)
(-7.59798e-06 -2.07515e-07 -1.11156e-17)
(-7.01285e-06 -2.46742e-07 -8.53568e-18)
(-6.4539e-06 -2.94493e-07 -2.8474e-17)
(-5.92666e-06 -3.47256e-07 -5.4406e-18)
(-5.43581e-06 -4.08231e-07 -1.47115e-18)
(-4.98287e-06 -4.71718e-07 3.04877e-17)
(-4.57029e-06 -5.40314e-07 -9.34007e-18)
(-4.19688e-06 -6.10314e-07 1.04557e-17)
(-3.86493e-06 -6.87304e-07 3.18293e-17)
(-3.57027e-06 -7.62246e-07 2.61894e-17)
(-3.31457e-06 -8.38818e-07 6.96787e-17)
(-3.0932e-06 -9.13935e-07 5.22299e-18)
(-2.90446e-06 -9.89527e-07 -4.58972e-17)
(-2.74526e-06 -1.06038e-06 -6.5453e-17)
(-2.61335e-06 -1.12293e-06 2.13003e-17)
(-2.5052e-06 -1.16197e-06 5.9465e-17)
(-2.41932e-06 -1.19005e-06 -3.57487e-17)
(-2.34193e-06 -1.19855e-06 6.22377e-17)
(-2.25629e-06 -1.18831e-06 -1.07361e-17)
(-2.19073e-06 -1.15794e-06 2.29815e-17)
(-2.15004e-06 -1.12661e-06 -1.29023e-16)
(-2.11218e-06 -1.087e-06 -3.72193e-17)
(-2.07732e-06 -1.04955e-06 3.37698e-17)
(-2.04647e-06 -1.00531e-06 -4.37022e-17)
(-2.01687e-06 -9.64708e-07 -4.8992e-17)
(-1.98945e-06 -9.18138e-07 7.65302e-17)
(-1.96081e-06 -8.72843e-07 3.90742e-18)
(-1.93329e-06 -8.24349e-07 1.4305e-16)
(-1.90354e-06 -7.71606e-07 2.39308e-16)
(-1.87385e-06 -7.12588e-07 2.83638e-17)
(-1.83507e-06 -6.48422e-07 7.12414e-17)
(-1.7935e-06 -5.76597e-07 1.27027e-17)
(-1.75199e-06 -4.99158e-07 1.92181e-16)
(-1.70664e-06 -4.1997e-07 4.33558e-17)
(-1.65727e-06 -3.3753e-07 -3.20733e-16)
(-1.60211e-06 -2.55071e-07 3.08786e-16)
(-1.5439e-06 -1.74426e-07 8.12537e-17)
(-1.47773e-06 -9.76391e-08 -5.9612e-17)
(-1.40945e-06 -2.46522e-08 4.76705e-16)
(-1.3343e-06 4.27938e-08 -1.44167e-16)
(-1.25834e-06 1.05457e-07 -1.21554e-16)
(-1.17543e-06 1.58694e-07 8.4603e-16)
(-1.08421e-06 2.0707e-07 -6.35419e-17)
(-9.90797e-07 2.52403e-07 -3.78672e-16)
(-8.86643e-07 3.03418e-07 -3.62428e-18)
(-8.08094e-07 3.45089e-07 -1.35287e-16)
(-7.31303e-07 3.76538e-07 -3.55645e-17)
(-6.55634e-07 4.00334e-07 -8.64136e-17)
(-5.8038e-07 4.12879e-07 4.53656e-16)
(-5.04672e-07 4.27472e-07 4.74131e-16)
(-4.35027e-07 4.33461e-07 2.0526e-16)
(-3.65709e-07 4.36299e-07 1.70746e-16)
(-3.05383e-07 4.39303e-07 -1.19522e-16)
(-2.50897e-07 4.58368e-07 7.25566e-16)
(-1.98435e-07 4.67914e-07 1.0023e-17)
(-1.47949e-07 4.89729e-07 8.06748e-16)
(-9.01225e-08 4.63683e-07 -4.10171e-16)
(-4.55127e-08 4.60355e-07 -2.34435e-15)
(1.81568e-05 -1.46637e-05 9.35511e-18)
(1.82386e-05 -1.47454e-05 -3.35631e-18)
(1.6965e-05 -1.36914e-05 -4.58594e-18)
(1.53421e-05 -1.27472e-05 7.12248e-19)
(1.34614e-05 -1.18459e-05 5.52535e-18)
(1.14222e-05 -1.09979e-05 7.54801e-18)
(9.313e-06 -1.01977e-05 -4.12603e-18)
(7.21239e-06 -9.43674e-06 4.11815e-19)
(5.18196e-06 -8.71968e-06 9.2181e-18)
(3.27569e-06 -8.04132e-06 5.18913e-18)
(1.52817e-06 -7.40156e-06 -4.46881e-18)
(-3.49223e-08 -6.80038e-06 -9.4727e-18)
(-1.39886e-06 -6.23694e-06 5.92751e-19)
(-2.5597e-06 -5.71391e-06 5.09928e-20)
(-3.51995e-06 -5.23015e-06 -8.32096e-19)
(-4.2892e-06 -4.78763e-06 1.6912e-18)
(-4.87876e-06 -4.37874e-06 1.15566e-17)
(-5.30689e-06 -4.00982e-06 5.93166e-18)
(-5.59039e-06 -3.67681e-06 -1.27159e-17)
(-5.74774e-06 -3.3783e-06 2.07713e-17)
(-5.79866e-06 -3.10987e-06 1.41289e-17)
(-5.761e-06 -2.87192e-06 -5.88088e-18)
(-5.65e-06 -2.66026e-06 1.40578e-18)
(-5.48407e-06 -2.47592e-06 1.58441e-17)
(-5.27473e-06 -2.31063e-06 1.45155e-17)
(-5.03569e-06 -2.16609e-06 1.71255e-17)
(-4.77672e-06 -2.03763e-06 -1.37104e-17)
(-4.5077e-06 -1.92544e-06 -3.2083e-19)
(-4.23496e-06 -1.82628e-06 1.86099e-17)
(-3.96633e-06 -1.73926e-06 4.01045e-18)
(-3.70488e-06 -1.65985e-06 -2.6152e-17)
(-3.45662e-06 -1.59288e-06 -1.37062e-17)
(-3.22241e-06 -1.53374e-06 -6.89184e-18)
(-3.00577e-06 -1.48261e-06 2.14535e-17)
(-2.80701e-06 -1.43485e-06 4.2132e-17)
(-2.62959e-06 -1.398e-06 4.28888e-17)
(-2.47235e-06 -1.36693e-06 3.06006e-17)
(-2.33831e-06 -1.34636e-06 -2.08065e-17)
(-2.22268e-06 -1.32837e-06 -6.53471e-17)
(-2.12445e-06 -1.31792e-06 2.87864e-17)
(-2.03466e-06 -1.30494e-06 7.80784e-18)
(-1.94743e-06 -1.29134e-06 2.60396e-17)
(-1.88453e-06 -1.27305e-06 -5.20102e-17)
(-1.83465e-06 -1.25394e-06 9.48866e-17)
(-1.79104e-06 -1.22819e-06 -3.50681e-17)
(-1.75263e-06 -1.19643e-06 1.09241e-16)
(-1.72104e-06 -1.15089e-06 3.56587e-17)
(-1.69261e-06 -1.10429e-06 -7.13718e-17)
(-1.66998e-06 -1.04975e-06 5.11612e-17)
(-1.64847e-06 -9.91972e-07 1.23667e-16)
(-1.632e-06 -9.28358e-07 3.39021e-17)
(-1.61651e-06 -8.63754e-07 -4.319e-17)
(-1.60427e-06 -7.91779e-07 2.29653e-16)
(-1.58561e-06 -7.21687e-07 4.77549e-17)
(-1.56952e-06 -6.44297e-07 -1.14435e-16)
(-1.55084e-06 -5.66762e-07 -2.9383e-16)
(-1.52887e-06 -4.85529e-07 -2.58172e-17)
(-1.50156e-06 -4.04537e-07 -1.99269e-17)
(-1.46883e-06 -3.20895e-07 -2.52888e-16)
(-1.4309e-06 -2.39632e-07 1.96144e-16)
(-1.38445e-06 -1.59531e-07 1.18709e-16)
(-1.33424e-06 -8.13514e-08 2.08464e-16)
(-1.27573e-06 -7.88773e-09 1.96503e-16)
(-1.21461e-06 6.01659e-08 -4.36188e-16)
(-1.14433e-06 1.18855e-07 5.38549e-16)
(-1.07304e-06 1.69266e-07 3.46222e-16)
(-9.94263e-07 2.20915e-07 2.22448e-17)
(-9.11026e-07 2.72761e-07 1.15357e-16)
(-8.24084e-07 3.21109e-07 -2.76984e-16)
(-7.62392e-07 3.63793e-07 -5.95477e-17)
(-6.94769e-07 3.91307e-07 -1.97484e-17)
(-6.27395e-07 4.18529e-07 4.83144e-16)
(-5.58577e-07 4.36073e-07 5.50316e-16)
(-4.89472e-07 4.50008e-07 4.84939e-16)
(-4.2137e-07 4.56071e-07 2.12764e-16)
(-3.58556e-07 4.70644e-07 1.0504e-16)
(-2.99462e-07 4.90432e-07 -7.47756e-16)
(-2.36856e-07 5.02028e-07 1.65538e-16)
(-1.75062e-07 5.2162e-07 7.2019e-16)
(-1.11283e-07 4.97027e-07 -1.44848e-16)
(-5.85359e-08 4.81736e-07 -5.44501e-16)
(9.66628e-06 -1.29984e-05 -2.26199e-18)
(1.15049e-05 -1.31699e-05 3.94655e-18)
(1.24482e-05 -1.2352e-05 1.7295e-18)
(1.29131e-05 -1.16425e-05 4.83e-19)
(1.29709e-05 -1.1001e-05 5.4504e-19)
(1.26599e-05 -1.03997e-05 1.37324e-18)
(1.20364e-05 -9.82778e-06 5.04112e-18)
(1.11663e-05 -9.27736e-06 -2.62791e-20)
(1.011e-05 -8.74502e-06 -7.03587e-18)
(8.92707e-06 -8.22722e-06 -2.2588e-18)
(7.67686e-06 -7.72722e-06 2.44805e-18)
(6.40515e-06 -7.24363e-06 -3.44036e-18)
(5.15477e-06 -6.77785e-06 -9.51558e-19)
(3.95801e-06 -6.32958e-06 -7.06161e-18)
(2.84105e-06 -5.90129e-06 2.71531e-18)
(1.82137e-06 -5.49442e-06 -1.72918e-18)
(9.10335e-07 -5.10805e-06 -4.24219e-18)
(1.13552e-07 -4.74389e-06 1.75857e-18)
(-5.68084e-07 -4.40206e-06 3.98917e-18)
(-1.13784e-06 -4.08372e-06 -1.17701e-17)
(-1.60123e-06 -3.78978e-06 -9.83188e-18)
(-1.96636e-06 -3.51773e-06 -2.55378e-18)
(-2.24205e-06 -3.26634e-06 -1.63215e-18)
(-2.4392e-06 -3.03846e-06 -1.16401e-17)
(-2.56738e-06 -2.83032e-06 -1.07096e-17)
(-2.63723e-06 -2.64032e-06 -9.5864e-18)
(-2.65847e-06 -2.46717e-06 3.01326e-17)
(-2.63992e-06 -2.3086e-06 -5.75261e-19)
(-2.58988e-06 -2.16364e-06 -2.83139e-17)
(-2.51621e-06 -2.03137e-06 3.98373e-18)
(-2.42478e-06 -1.90826e-06 1.08294e-17)
(-2.32177e-06 -1.79526e-06 2.50452e-18)
(-2.21113e-06 -1.69021e-06 -7.97742e-18)
(-2.09727e-06 -1.5927e-06 -3.74508e-17)
(-1.98344e-06 -1.5018e-06 -7.49455e-18)
(-1.87326e-06 -1.41766e-06 1.94052e-17)
(-1.76916e-06 -1.3383e-06 2.01459e-17)
(-1.67284e-06 -1.26796e-06 5.49644e-18)
(-1.58242e-06 -1.20482e-06 -1.71867e-17)
(-1.49811e-06 -1.14959e-06 -4.93835e-17)
(-1.41811e-06 -1.09708e-06 5.45582e-18)
(-1.34395e-06 -1.05058e-06 -3.666e-17)
(-1.28484e-06 -1.0116e-06 2.83335e-17)
(-1.23813e-06 -9.77074e-07 -2.08906e-17)
(-1.19854e-06 -9.40483e-07 6.7195e-17)
(-1.16779e-06 -9.0667e-07 -9.34392e-17)
(-1.14321e-06 -8.70306e-07 3.53355e-17)
(-1.12464e-06 -8.36032e-07 4.73172e-17)
(-1.1106e-06 -7.99014e-07 -9.73645e-17)
(-1.10082e-06 -7.63339e-07 -8.85126e-17)
(-1.09383e-06 -7.2038e-07 -5.54357e-17)
(-1.08922e-06 -6.79859e-07 -6.31151e-17)
(-1.08611e-06 -6.33985e-07 -2.7752e-18)
(-1.07997e-06 -5.89764e-07 -1.44491e-16)
(-1.07474e-06 -5.412e-07 8.82582e-17)
(-1.06898e-06 -4.92038e-07 1.53869e-16)
(-1.06273e-06 -4.39377e-07 -1.39048e-16)
(-1.05238e-06 -3.85502e-07 9.87665e-17)
(-1.04025e-06 -3.29415e-07 2.69878e-16)
(-1.02256e-06 -2.72795e-07 4.74939e-17)
(-1.00197e-06 -2.15634e-07 1.05057e-16)
(-9.74861e-07 -1.58729e-07 -1.83193e-16)
(-9.46092e-07 -1.04518e-07 -1.65732e-16)
(-9.11903e-07 -5.25822e-08 3.55171e-17)
(-8.76485e-07 -8.20629e-09 -5.61013e-16)
(-8.37374e-07 3.40486e-08 -3.2116e-16)
(-8.00161e-07 7.11367e-08 3.74673e-16)
(-7.53754e-07 1.25472e-07 -1.84209e-16)
(-7.09272e-07 1.5771e-07 -1.90641e-16)
(-6.60713e-07 1.9832e-07 4.68463e-17)
(-6.13626e-07 2.35421e-07 -1.76e-16)
(-5.63445e-07 2.64518e-07 -1.09358e-16)
(-5.12997e-07 2.9513e-07 -3.5271e-16)
(-4.62414e-07 3.15244e-07 -2.06101e-17)
(-4.11331e-07 3.38095e-07 2.64451e-17)
(-3.59925e-07 3.57071e-07 3.80557e-18)
(-3.06139e-07 3.87574e-07 1.14951e-15)
(-2.47441e-07 4.07937e-07 -4.14805e-16)
(-1.87225e-07 4.34112e-07 -4.53365e-16)
(-1.23345e-07 4.21237e-07 1.67055e-16)
(-6.89046e-08 4.18323e-07 -1.14367e-16)
(-7.94445e-07 -7.30378e-06 8.84828e-19)
(-2.29083e-06 -7.26895e-06 9.6402e-19)
(8.28588e-07 -7.15572e-06 5.15848e-20)
(2.39944e-06 -6.88327e-06 -5.36058e-19)
(3.7912e-06 -6.56615e-06 -1.84551e-18)
(4.96401e-06 -6.29538e-06 -1.8296e-18)
(5.88432e-06 -6.0449e-06 -2.67941e-18)
(6.53973e-06 -5.81211e-06 9.50458e-19)
(6.9337e-06 -5.5905e-06 3.04012e-18)
(7.08248e-06 -5.37769e-06 4.78612e-18)
(7.0108e-06 -5.166e-06 1.14351e-18)
(6.75175e-06 -4.95741e-06 -1.66738e-18)
(6.33989e-06 -4.74832e-06 3.45461e-18)
(5.81159e-06 -4.54064e-06 6.95839e-18)
(5.20061e-06 -4.33165e-06 1.05065e-17)
(4.54001e-06 -4.12413e-06 -4.39791e-18)
(3.85783e-06 -3.91793e-06 1.7472e-18)
(3.17709e-06 -3.71503e-06 -4.22402e-18)
(2.51904e-06 -3.51614e-06 -4.29474e-18)
(1.89745e-06 -3.32128e-06 -7.34366e-19)
(1.32414e-06 -3.13327e-06 5.96072e-18)
(8.06218e-07 -2.95348e-06 -7.83092e-19)
(3.47874e-07 -2.78241e-06 7.13488e-18)
(-4.97583e-08 -2.6189e-06 7.00192e-18)
(-3.87336e-07 -2.46402e-06 -2.4788e-18)
(-6.67626e-07 -2.31854e-06 -1.24557e-17)
(-8.94353e-07 -2.18177e-06 -1.44645e-17)
(-1.07232e-06 -2.05374e-06 -1.27309e-17)
(-1.20692e-06 -1.93381e-06 1.927e-17)
(-1.30322e-06 -1.82154e-06 4.88588e-21)
(-1.36705e-06 -1.71787e-06 -1.99613e-17)
(-1.40317e-06 -1.62079e-06 7.56041e-18)
(-1.41683e-06 -1.53073e-06 1.21036e-17)
(-1.41186e-06 -1.4461e-06 5.79551e-18)
(-1.39294e-06 -1.36683e-06 -1.06574e-17)
(-1.36401e-06 -1.29268e-06 -1.80644e-17)
(-1.3296e-06 -1.22303e-06 -9.26818e-18)
(-1.29171e-06 -1.15609e-06 -5.30687e-18)
(-1.25178e-06 -1.09446e-06 -7.22333e-18)
(-1.20839e-06 -1.03713e-06 8.85539e-18)
(-1.16334e-06 -9.86136e-07 1.86906e-17)
(-1.11788e-06 -9.37476e-07 -5.2986e-18)
(-1.07499e-06 -8.92914e-07 -5.56059e-18)
(-1.03929e-06 -8.52409e-07 -7.39803e-18)
(-1.01001e-06 -8.1847e-07 4.02815e-18)
(-9.83895e-07 -7.83217e-07 -1.17034e-17)
(-9.62819e-07 -7.52725e-07 3.84227e-17)
(-9.45834e-07 -7.25507e-07 5.50248e-17)
(-9.33259e-07 -7.017e-07 2.57474e-17)
(-9.24261e-07 -6.74151e-07 6.97728e-17)
(-9.18949e-07 -6.48764e-07 -1.81955e-17)
(-9.16414e-07 -6.20856e-07 -4.67192e-17)
(-9.15647e-07 -5.93801e-07 8.25895e-17)
(-9.16702e-07 -5.62298e-07 -1.06663e-16)
(-9.16556e-07 -5.31221e-07 1.13674e-16)
(-9.17498e-07 -4.95703e-07 -8.4815e-17)
(-9.18156e-07 -4.59902e-07 3.22356e-17)
(-9.18135e-07 -4.21237e-07 1.69371e-16)
(-9.15473e-07 -3.82181e-07 -5.25115e-17)
(-9.10807e-07 -3.39648e-07 -1.2571e-17)
(-9.02306e-07 -2.96974e-07 4.06264e-17)
(-8.90612e-07 -2.51791e-07 -3.0747e-16)
(-8.74265e-07 -2.05968e-07 4.57227e-17)
(-8.55179e-07 -1.60157e-07 1.01685e-16)
(-8.3218e-07 -1.14681e-07 -8.82725e-18)
(-8.06659e-07 -7.22729e-08 5.22947e-17)
(-7.79129e-07 -3.30602e-08 -1.86007e-16)
(-7.51679e-07 7.91372e-09 -4.71386e-16)
(-7.20461e-07 4.33144e-08 2.10352e-16)
(-6.78225e-07 7.44816e-08 1.43467e-16)
(-6.46668e-07 1.0588e-07 4.99597e-17)
(-6.06995e-07 1.4484e-07 7.82392e-17)
(-5.67629e-07 1.85687e-07 1.38502e-17)
(-5.24769e-07 2.19743e-07 6.44091e-17)
(-4.80492e-07 2.50259e-07 -7.16517e-17)
(-4.34394e-07 2.70724e-07 5.49629e-17)
(-3.8569e-07 3.00698e-07 -2.79692e-17)
(-3.34578e-07 3.30238e-07 -4.61292e-17)
(-2.73214e-07 3.54319e-07 7.28539e-16)
(-2.10881e-07 3.84064e-07 -5.48663e-16)
(-1.41406e-07 3.79251e-07 -4.77832e-16)
(-7.84722e-08 3.78352e-07 5.75755e-16)
(-3.49119e-06 -3.48698e-06 6.03173e-19)
(-2.85054e-06 -3.57867e-06 4.09764e-18)
(-3.34667e-06 -3.27083e-06 -9.78534e-19)
(-2.85862e-06 -3.1094e-06 -5.82779e-19)
(-2.16375e-06 -2.93546e-06 -8.57783e-19)
(-1.37099e-06 -2.79317e-06 -1.64429e-18)
(-5.43924e-07 -2.67504e-06 -5.83577e-19)
(2.56843e-07 -2.5796e-06 -1.99142e-18)
(9.85319e-07 -2.49924e-06 -6.11766e-19)
(1.60902e-06 -2.4328e-06 8.80726e-19)
(2.10818e-06 -2.37284e-06 1.10897e-18)
(2.47324e-06 -2.31873e-06 -8.44609e-22)
(2.70536e-06 -2.26612e-06 -3.09413e-18)
(2.81123e-06 -2.21425e-06 -2.19461e-18)
(2.80454e-06 -2.16273e-06 -4.15003e-19)
(2.70051e-06 -2.11102e-06 7.1728e-19)
(2.51813e-06 -2.05748e-06 -1.39435e-18)
(2.27482e-06 -2.00143e-06 4.96181e-18)
(1.98949e-06 -1.94405e-06 6.83266e-19)
(1.67751e-06 -1.88395e-06 -2.38254e-18)
(1.35403e-06 -1.82205e-06 6.99127e-19)
(1.03091e-06 -1.75803e-06 4.02466e-18)
(7.18566e-07 -1.69439e-06 1.82698e-18)
(4.24422e-07 -1.63061e-06 6.44171e-18)
(1.54215e-07 -1.56742e-06 2.99529e-18)
(-8.84513e-08 -1.50476e-06 7.05149e-18)
(-3.01613e-07 -1.44424e-06 7.36897e-18)
(-4.84635e-07 -1.38542e-06 -8.1324e-18)
(-6.38045e-07 -1.32906e-06 -1.63899e-17)
(-7.62995e-07 -1.27402e-06 1.37403e-17)
(-8.61501e-07 -1.22173e-06 1.4055e-17)
(-9.35641e-07 -1.17069e-06 -1.7074e-17)
(-9.88381e-07 -1.12276e-06 -6.16361e-19)
(-1.02206e-06 -1.07614e-06 9.24686e-19)
(-1.04055e-06 -1.03205e-06 2.76261e-18)
(-1.04704e-06 -9.8893e-07 8.71701e-18)
(-1.04505e-06 -9.4821e-07 -1.35009e-17)
(-1.03571e-06 -9.07533e-07 -1.64674e-17)
(-1.01948e-06 -8.68755e-07 5.61547e-18)
(-9.95686e-07 -8.29673e-07 2.04361e-17)
(-9.67119e-07 -7.93337e-07 -3.34879e-18)
(-9.36334e-07 -7.58972e-07 -1.56124e-17)
(-9.06285e-07 -7.26146e-07 2.13669e-17)
(-8.78266e-07 -6.9369e-07 -2.89884e-17)
(-8.52671e-07 -6.64742e-07 -1.23377e-17)
(-8.28478e-07 -6.38409e-07 1.4297e-17)
(-8.06963e-07 -6.1428e-07 1.27107e-17)
(-7.87926e-07 -5.89073e-07 2.34729e-17)
(-7.72609e-07 -5.67579e-07 2.39025e-17)
(-7.5992e-07 -5.44212e-07 -2.4069e-18)
(-7.50276e-07 -5.23287e-07 3.66617e-17)
(-7.43053e-07 -5.00943e-07 3.35003e-17)
(-7.38633e-07 -4.81278e-07 -1.32573e-17)
(-7.35897e-07 -4.57418e-07 6.4514e-17)
(-7.33947e-07 -4.36127e-07 -1.06416e-17)
(-7.33153e-07 -4.13158e-07 8.1996e-17)
(-7.33183e-07 -3.91119e-07 -9.3147e-17)
(-7.33484e-07 -3.67192e-07 -1.46869e-17)
(-7.32919e-07 -3.43003e-07 2.08504e-17)
(-7.31818e-07 -3.1553e-07 4.25544e-17)
(-7.28791e-07 -2.86421e-07 5.17619e-18)
(-7.24404e-07 -2.54531e-07 1.51456e-16)
(-7.17174e-07 -2.20764e-07 -3.72835e-17)
(-7.0838e-07 -1.84882e-07 1.7551e-17)
(-6.96604e-07 -1.48247e-07 9.38448e-18)
(-6.83353e-07 -1.12273e-07 -1.54268e-19)
(-6.67592e-07 -7.72968e-08 1.35655e-16)
(-6.54264e-07 -4.25999e-08 3.56239e-16)
(-6.3378e-07 -5.91847e-09 -9.26082e-17)
(-6.13567e-07 1.25602e-08 7.50167e-17)
(-5.92164e-07 4.69771e-08 -2.43067e-17)
(-5.71806e-07 7.80954e-08 8.88468e-17)
(-5.41831e-07 1.15016e-07 -1.84101e-16)
(-5.10041e-07 1.51015e-07 1.52576e-16)
(-4.72991e-07 1.79458e-07 1.21719e-16)
(-4.34674e-07 2.10477e-07 -1.75118e-16)
(-3.93916e-07 2.36542e-07 -2.53801e-17)
(-3.4435e-07 2.68996e-07 -3.68462e-16)
(-2.88624e-07 2.93677e-07 7.03406e-17)
(-2.23484e-07 3.23315e-07 -3.4388e-16)
(-1.52853e-07 3.24173e-07 5.7345e-16)
(-8.51287e-08 3.2791e-07 6.61892e-16)
(2.26793e-06 -3.25046e-06 2.70137e-18)
(3.81377e-06 -3.3971e-06 2.12846e-19)
(1.11049e-06 -3.11887e-06 3.28452e-19)
(1.38382e-07 -2.92181e-06 -1.36902e-18)
(-5.02945e-07 -2.72224e-06 1.17989e-18)
(-8.78805e-07 -2.54479e-06 2.38881e-18)
(-1.03274e-06 -2.38808e-06 1.88136e-18)
(-1.01432e-06 -2.25361e-06 1.53899e-18)
(-8.73442e-07 -2.13656e-06 -4.5016e-19)
(-6.54424e-07 -2.03708e-06 -8.68812e-19)
(-3.9656e-07 -1.95069e-06 -7.2795e-19)
(-1.32575e-07 -1.87711e-06 1.88783e-18)
(1.12953e-07 -1.81194e-06 2.38087e-18)
(3.22043e-07 -1.75459e-06 -3.38687e-18)
(4.83952e-07 -1.70145e-06 -3.03907e-18)
(5.9301e-07 -1.65217e-06 -2.17692e-18)
(6.49098e-07 -1.60478e-06 -3.33279e-18)
(6.54955e-07 -1.55896e-06 -2.28795e-18)
(6.16431e-07 -1.51397e-06 3.19388e-18)
(5.40675e-07 -1.46956e-06 3.1847e-18)
(4.35804e-07 -1.42496e-06 -1.98053e-18)
(3.10042e-07 -1.38001e-06 -2.43436e-18)
(1.71181e-07 -1.33541e-06 -2.83628e-18)
(2.62125e-08 -1.29136e-06 -1.81951e-18)
(-1.18765e-07 -1.24812e-06 1.79736e-18)
(-2.58685e-07 -1.20463e-06 7.44448e-18)
(-3.8965e-07 -1.16195e-06 2.63089e-18)
(-5.08633e-07 -1.12014e-06 3.47249e-18)
(-6.13777e-07 -1.07898e-06 -1.66695e-18)
(-7.03477e-07 -1.03799e-06 -3.2358e-18)
(-7.77533e-07 -9.9851e-07 -5.33195e-19)
(-8.35738e-07 -9.59442e-07 5.00492e-18)
(-8.79436e-07 -9.22674e-07 -8.50971e-18)
(-9.09672e-07 -8.86647e-07 -3.19058e-18)
(-9.28944e-07 -8.5261e-07 1.78042e-18)
(-9.39008e-07 -8.19777e-07 1.0647e-18)
(-9.4166e-07 -7.88757e-07 2.15216e-18)
(-9.36643e-07 -7.58427e-07 -8.46018e-18)
(-9.24127e-07 -7.295e-07 -6.91612e-18)
(-9.03929e-07 -7.00368e-07 -1.57141e-18)
(-8.79334e-07 -6.72574e-07 4.07934e-18)
(-8.52597e-07 -6.45826e-07 -6.50264e-19)
(-8.26132e-07 -6.20932e-07 -1.72587e-18)
(-7.99642e-07 -5.95519e-07 2.76689e-17)
(-7.73979e-07 -5.72359e-07 -2.1669e-17)
(-7.48686e-07 -5.49475e-07 1.72139e-19)
(-7.25697e-07 -5.29756e-07 1.37341e-17)
(-7.03972e-07 -5.08579e-07 -5.41866e-19)
(-6.84777e-07 -4.8939e-07 -4.55588e-19)
(-6.67432e-07 -4.71467e-07 -1.15561e-17)
(-6.52718e-07 -4.54652e-07 2.34245e-18)
(-6.39863e-07 -4.35911e-07 -2.94857e-17)
(-6.29705e-07 -4.18753e-07 9.06589e-18)
(-6.21453e-07 -4.00798e-07 -2.51887e-17)
(-6.14454e-07 -3.83709e-07 1.44214e-17)
(-6.09312e-07 -3.6629e-07 -2.95453e-17)
(-6.05844e-07 -3.4918e-07 5.09674e-17)
(-6.03776e-07 -3.30322e-07 -1.7059e-17)
(-6.02458e-07 -3.11603e-07 -7.48034e-18)
(-6.02e-07 -2.90487e-07 -6.11781e-17)
(-6.01483e-07 -2.68294e-07 -5.7492e-19)
(-6.00986e-07 -2.43172e-07 -4.84982e-18)
(-5.99345e-07 -2.16907e-07 -2.66004e-18)
(-5.97294e-07 -1.88206e-07 -9.30484e-17)
(-5.93517e-07 -1.58379e-07 -8.76517e-17)
(-5.89019e-07 -1.27697e-07 3.68051e-17)
(-5.82744e-07 -9.73437e-08 -1.62391e-18)
(-5.79334e-07 -6.52176e-08 -4.40982e-17)
(-5.70011e-07 -3.38338e-08 1.82947e-16)
(-5.56079e-07 -1.14918e-08 -5.70894e-17)
(-5.47653e-07 8.50445e-09 2.3282e-17)
(-5.32131e-07 3.44669e-08 -1.64267e-17)
(-5.16465e-07 6.23182e-08 -2.09928e-16)
(-4.9133e-07 9.51359e-08 -1.22055e-16)
(-4.64442e-07 1.27168e-07 -2.80765e-17)
(-4.32085e-07 1.53996e-07 6.52284e-17)
(-3.94127e-07 1.83704e-07 5.2501e-18)
(-3.49474e-07 2.10105e-07 -1.4772e-16)
(-2.92488e-07 2.33691e-07 -3.4913e-17)
(-2.29832e-07 2.60457e-07 3.75745e-16)
(-1.60578e-07 2.69876e-07 -1.12619e-16)
(-8.93899e-08 2.73958e-07 -2.15475e-16)
(9.5024e-06 -5.44244e-06 -1.11302e-19)
(1.00132e-05 -5.35414e-06 4.59622e-19)
(8.31765e-06 -5.28716e-06 6.41777e-19)
(6.86311e-06 -5.0185e-06 -1.38887e-19)
(5.55879e-06 -4.73931e-06 -2.58842e-19)
(4.4329e-06 -4.46839e-06 7.85267e-20)
(3.48865e-06 -4.20876e-06 6.3554e-19)
(2.72304e-06 -3.96286e-06 -7.48475e-19)
(2.12275e-06 -3.73088e-06 -7.25885e-19)
(1.66731e-06 -3.51334e-06 -1.30867e-19)
(1.33347e-06 -3.30983e-06 -1.43747e-19)
(1.09633e-06 -3.1212e-06 8.54683e-20)
(9.32229e-07 -2.94603e-06 3.115e-19)
(8.19237e-07 -2.78372e-06 1.98089e-18)
(7.38744e-07 -2.63362e-06 2.28107e-19)
(6.75698e-07 -2.49428e-06 7.42284e-19)
(6.18688e-07 -2.36594e-06 2.2179e-18)
(5.5947e-07 -2.24745e-06 -1.97685e-18)
(4.93518e-07 -2.13749e-06 -1.11293e-18)
(4.18112e-07 -2.03401e-06 7.97655e-19)
(3.3303e-07 -1.93728e-06 -1.36073e-19)
(2.39457e-07 -1.84591e-06 -1.86571e-18)
(1.39376e-07 -1.75909e-06 -1.76188e-18)
(3.54025e-08 -1.67583e-06 -2.37054e-18)
(-6.96104e-08 -1.59714e-06 -2.80119e-18)
(-1.72983e-07 -1.52173e-06 -4.50548e-18)
(-2.72091e-07 -1.44937e-06 -2.01018e-18)
(-3.64688e-07 -1.38009e-06 -2.92534e-18)
(-4.48985e-07 -1.31384e-06 1.56389e-18)
(-5.23535e-07 -1.2497e-06 -2.14033e-18)
(-5.8757e-07 -1.1882e-06 3.64159e-19)
(-6.40866e-07 -1.12878e-06 -2.08964e-18)
(-6.84005e-07 -1.07186e-06 4.25692e-19)
(-7.17674e-07 -1.01673e-06 -1.41511e-18)
(-7.43063e-07 -9.64113e-07 -4.62739e-19)
(-7.60684e-07 -9.14143e-07 -2.72256e-18)
(-7.7074e-07 -8.66833e-07 -3.15921e-18)
(-7.72659e-07 -8.21466e-07 7.15045e-20)
(-7.66758e-07 -7.78995e-07 -5.08261e-18)
(-7.53985e-07 -7.38531e-07 -5.46673e-18)
(-7.37327e-07 -7.00387e-07 -4.88561e-18)
(-7.18401e-07 -6.63847e-07 4.35541e-18)
(-6.98719e-07 -6.30285e-07 -3.47685e-18)
(-6.77889e-07 -5.98568e-07 -9.02177e-18)
(-6.56925e-07 -5.69496e-07 2.02959e-17)
(-6.35742e-07 -5.41138e-07 -1.44569e-17)
(-6.15746e-07 -5.1506e-07 -5.16465e-18)
(-5.9662e-07 -4.91409e-07 5.21573e-18)
(-5.79104e-07 -4.68513e-07 6.42568e-18)
(-5.62911e-07 -4.45717e-07 -1.11344e-17)
(-5.4904e-07 -4.24746e-07 -2.31887e-17)
(-5.3659e-07 -4.03109e-07 1.4697e-17)
(-5.26268e-07 -3.83252e-07 -2.04083e-17)
(-5.17569e-07 -3.63497e-07 -2.27494e-17)
(-5.10684e-07 -3.45789e-07 -3.74654e-17)
(-5.05321e-07 -3.26988e-07 -1.22068e-17)
(-5.02046e-07 -3.10199e-07 -6.57916e-18)
(-5.00257e-07 -2.93079e-07 2.82119e-18)
(-4.99808e-07 -2.76712e-07 2.79855e-17)
(-5.00738e-07 -2.59068e-07 2.52695e-17)
(-5.02599e-07 -2.40705e-07 4.43419e-18)
(-5.0532e-07 -2.20158e-07 6.55236e-18)
(-5.07949e-07 -1.98865e-07 -7.06878e-18)
(-5.10855e-07 -1.75368e-07 -2.28735e-17)
(-5.12999e-07 -1.50851e-07 1.08585e-16)
(-5.14808e-07 -1.25357e-07 1.04129e-17)
(-5.15192e-07 -9.96842e-08 1.08374e-17)
(-5.18836e-07 -7.28915e-08 -5.51502e-17)
(-5.15316e-07 -4.62587e-08 1.23703e-17)
(-5.07698e-07 -2.86742e-08 5.11421e-17)
(-5.01189e-07 -7.35341e-09 -2.23032e-17)
(-4.96462e-07 7.68252e-09 -2.18132e-17)
(-4.85062e-07 3.23011e-08 8.23845e-18)
(-4.71495e-07 5.51107e-08 -2.5819e-17)
(-4.48172e-07 8.08289e-08 9.4889e-18)
(-4.21726e-07 1.06527e-07 2.09916e-16)
(-3.8624e-07 1.28448e-07 8.09118e-18)
(-3.42022e-07 1.52491e-07 1.24636e-16)
(-2.90387e-07 1.72633e-07 -1.25739e-16)
(-2.30909e-07 2.00252e-07 1.27425e-16)
(-1.64396e-07 2.11216e-07 -1.45945e-16)
(-9.15377e-08 2.1617e-07 -5.57853e-16)
(1.13428e-05 -7.1773e-06 7.15302e-19)
(1.02193e-05 -6.8318e-06 9.89353e-20)
(1.11514e-05 -7.08031e-06 -1.14299e-19)
(1.03916e-05 -6.77284e-06 1.76464e-19)
(9.51279e-06 -6.4319e-06 1.54734e-19)
(8.60304e-06 -6.10841e-06 -1.63242e-19)
(7.69671e-06 -5.78917e-06 -7.01041e-20)
(6.8293e-06 -5.48043e-06 3.45425e-19)
(6.02421e-06 -5.182e-06 5.48671e-19)
(5.29402e-06 -4.89588e-06 1.25639e-19)
(4.64524e-06 -4.6214e-06 -1.365e-19)
(4.07713e-06 -4.36045e-06 -2.63795e-19)
(3.58413e-06 -4.11205e-06 -2.04978e-19)
(3.15853e-06 -3.87714e-06 5.94319e-20)
(2.79083e-06 -3.65441e-06 7.82008e-19)
(2.47098e-06 -3.44459e-06 -5.25682e-19)
(2.18976e-06 -3.2445e-06 1.68719e-20)
(1.93869e-06 -3.05514e-06 1.18864e-18)
(1.71113e-06 -2.8752e-06 -7.42646e-19)
(1.50135e-06 -2.70498e-06 2.66133e-19)
(1.30573e-06 -2.54393e-06 2.85566e-19)
(1.12149e-06 -2.39159e-06 4.33002e-19)
(9.47377e-07 -2.24778e-06 6.70759e-19)
(7.82414e-07 -2.11178e-06 1.53403e-19)
(6.2671e-07 -1.98344e-06 8.12992e-19)
(4.80562e-07 -1.86281e-06 -1.00024e-19)
(3.44599e-07 -1.74908e-06 -2.97128e-18)
(2.19245e-07 -1.64193e-06 6.66551e-19)
(1.05095e-07 -1.54098e-06 -3.93839e-20)
(2.23632e-09 -1.44578e-06 5.29423e-19)
(-8.94517e-08 -1.35589e-06 -2.33953e-19)
(-1.70376e-07 -1.27108e-06 7.55751e-19)
(-2.4135e-07 -1.1915e-06 -1.13123e-18)
(-3.02806e-07 -1.11607e-06 -1.00285e-18)
(-3.55181e-07 -1.04536e-06 2.08683e-18)
(-3.98115e-07 -9.78852e-07 1.32439e-18)
(-4.31537e-07 -9.16376e-07 2.10614e-18)
(-4.55197e-07 -8.57229e-07 8.02303e-20)
(-4.70292e-07 -8.02083e-07 -4.94953e-20)
(-4.78416e-07 -7.50526e-07 4.61041e-19)
(-4.82078e-07 -7.02688e-07 1.22203e-18)
(-4.82246e-07 -6.57604e-07 -1.7369e-18)
(-4.79847e-07 -6.16268e-07 3.07611e-19)
(-4.74836e-07 -5.77648e-07 -6.98191e-19)
(-4.68536e-07 -5.42736e-07 9.59493e-19)
(-4.60966e-07 -5.10135e-07 1.45971e-17)
(-4.53385e-07 -4.80139e-07 -4.03538e-19)
(-4.45509e-07 -4.52024e-07 -7.03861e-18)
(-4.38698e-07 -4.26991e-07 8.34855e-18)
(-4.32109e-07 -4.02861e-07 -2.14535e-18)
(-4.26848e-07 -3.80998e-07 1.17222e-17)
(-4.22281e-07 -3.60844e-07 -8.68487e-19)
(-4.19144e-07 -3.41765e-07 -1.78237e-17)
(-4.16943e-07 -3.22739e-07 8.02762e-18)
(-4.16104e-07 -3.05047e-07 1.13796e-17)
(-4.16331e-07 -2.8776e-07 -1.2798e-17)
(-4.17722e-07 -2.7119e-07 -4.8617e-18)
(-4.20345e-07 -2.54885e-07 7.64564e-18)
(-4.24125e-07 -2.38814e-07 -1.66442e-17)
(-4.2905e-07 -2.21606e-07 -2.03234e-18)
(-4.34834e-07 -2.04654e-07 -7.58187e-18)
(-4.41249e-07 -1.86386e-07 3.31609e-17)
(-4.47647e-07 -1.68292e-07 1.16995e-17)
(-4.54172e-07 -1.48923e-07 1.16091e-17)
(-4.60104e-07 -1.29122e-07 -3.06298e-17)
(-4.65541e-07 -1.08919e-07 1.67705e-17)
(-4.69503e-07 -8.89373e-08 -1.72888e-17)
(-4.76672e-07 -6.80946e-08 9.88358e-18)
(-4.76005e-07 -4.80021e-08 -3.8388e-17)
(-4.70786e-07 -3.40171e-08 1.59708e-17)
(-4.6695e-07 -1.70783e-08 -1.69872e-18)
(-4.62204e-07 -3.17387e-09 -4.63878e-17)
(-4.56981e-07 8.61957e-09 4.05373e-17)
(-4.43892e-07 2.49581e-08 -1.37195e-17)
(-4.28793e-07 4.21841e-08 -6.17866e-17)
(-4.03552e-07 6.02107e-08 -1.00269e-16)
(-3.71426e-07 7.71137e-08 6.00481e-18)
(-3.32711e-07 9.63238e-08 3.52438e-17)
(-2.85369e-07 1.16508e-07 -2.00792e-17)
(-2.30628e-07 1.37107e-07 -1.85436e-16)
(-1.66594e-07 1.5376e-07 8.38634e-17)
(-9.26678e-08 1.55494e-07 2.66119e-16)
(7.46837e-06 -6.16065e-06 2.21488e-19)
(5.43118e-06 -5.65474e-06 1.52323e-19)
(8.36018e-06 -6.10586e-06 6.13083e-20)
(8.73156e-06 -5.89289e-06 1.88391e-20)
(8.83373e-06 -5.65902e-06 -7.68858e-21)
(8.75069e-06 -5.43047e-06 -1.15091e-19)
(8.51444e-06 -5.20385e-06 9.39422e-21)
(8.16865e-06 -4.9815e-06 1.17631e-19)
(7.74776e-06 -4.76383e-06 7.09211e-21)
(7.27985e-06 -4.54969e-06 -4.67622e-20)
(6.79125e-06 -4.34083e-06 -3.85031e-21)
(6.29929e-06 -4.13684e-06 -9.15594e-20)
(5.81741e-06 -3.9388e-06 -2.17345e-19)
(5.35386e-06 -3.74683e-06 3.44901e-20)
(4.91374e-06 -3.56118e-06 2.25189e-19)
(4.49917e-06 -3.38266e-06 1.00456e-19)
(4.11008e-06 -3.2108e-06 -4.61291e-19)
(3.74525e-06 -3.04566e-06 -3.42016e-20)
(3.40312e-06 -2.88793e-06 2.46658e-19)
(3.0813e-06 -2.7363e-06 7.8397e-20)
(2.77862e-06 -2.59219e-06 3.87258e-19)
(2.49311e-06 -2.45327e-06 1.85327e-19)
(2.22411e-06 -2.32072e-06 7.33423e-19)
(1.97073e-06 -2.19333e-06 2.09238e-19)
(1.73285e-06 -2.07139e-06 2.21909e-20)
(1.51031e-06 -1.95399e-06 4.91942e-19)
(1.30316e-06 -1.84175e-06 8.04287e-19)
(1.11128e-06 -1.73384e-06 -1.69101e-19)
(9.34304e-07 -1.6305e-06 4.31361e-19)
(7.71726e-07 -1.53141e-06 1.45725e-19)
(6.22651e-07 -1.43655e-06 5.11535e-19)
(4.86474e-07 -1.34561e-06 -6.03508e-19)
(3.62469e-07 -1.25905e-06 6.89227e-19)
(2.5047e-07 -1.1759e-06 4.44842e-19)
(1.50642e-07 -1.09681e-06 9.07501e-20)
(6.36784e-08 -1.02124e-06 1.27066e-18)
(-1.08516e-08 -9.49389e-07 8.34223e-19)
(-7.32193e-08 -8.80724e-07 9.27289e-19)
(-1.25494e-07 -8.1589e-07 6.95707e-19)
(-1.69021e-07 -7.54696e-07 -1.75651e-18)
(-2.05991e-07 -6.97369e-07 -1.05187e-18)
(-2.36684e-07 -6.43737e-07 7.8883e-19)
(-2.62183e-07 -5.93982e-07 -9.5022e-19)
(-2.82529e-07 -5.47639e-07 1.5043e-18)
(-2.99226e-07 -5.05024e-07 9.70545e-19)
(-3.12442e-07 -4.6627e-07 -3.78857e-18)
(-3.23461e-07 -4.30982e-07 5.11361e-18)
(-3.32174e-07 -3.98413e-07 2.91968e-18)
(-3.39716e-07 -3.69104e-07 -4.88531e-18)
(-3.45997e-07 -3.43439e-07 5.84037e-18)
(-3.51765e-07 -3.19848e-07 -8.22255e-19)
(-3.56801e-07 -2.97821e-07 -2.37799e-19)
(-3.61961e-07 -2.77944e-07 1.72904e-18)
(-3.668e-07 -2.59112e-07 -1.74761e-18)
(-3.71754e-07 -2.42057e-07 1.84314e-18)
(-3.76685e-07 -2.26464e-07 3.24127e-18)
(-3.82075e-07 -2.12204e-07 -3.69053e-18)
(-3.8762e-07 -1.97922e-07 -1.53013e-17)
(-3.93682e-07 -1.84612e-07 9.57281e-18)
(-4.00054e-07 -1.71552e-07 -5.40148e-18)
(-4.06721e-07 -1.58857e-07 -4.4905e-19)
(-4.13537e-07 -1.45933e-07 -1.06107e-17)
(-4.20116e-07 -1.32914e-07 -1.56943e-18)
(-4.26582e-07 -1.19208e-07 1.42467e-17)
(-4.32411e-07 -1.0538e-07 -9.24265e-18)
(-4.37635e-07 -9.10897e-08 -2.11802e-17)
(-4.41288e-07 -7.7271e-08 1.32255e-17)
(-4.48474e-07 -6.33897e-08 1.46922e-17)
(-4.46958e-07 -5.01617e-08 -1.36705e-17)
(-4.42047e-07 -4.25082e-08 -1.32191e-17)
(-4.37618e-07 -2.90837e-08 8.90013e-18)
(-4.32925e-07 -1.89397e-08 3.17875e-17)
(-4.25679e-07 -8.98737e-09 3.66674e-17)
(-4.17042e-07 -1.76535e-09 4.75182e-17)
(-4.02191e-07 9.47042e-09 1.59867e-17)
(-3.81748e-07 1.65155e-08 -5.54293e-17)
(-3.54622e-07 2.95018e-08 8.39188e-19)
(-3.22054e-07 4.54422e-08 1.45135e-17)
(-2.79691e-07 5.89949e-08 -2.0618e-17)
(-2.30186e-07 7.8152e-08 9.28504e-17)
(-1.67129e-07 9.15039e-08 -1.67441e-17)
(-9.08043e-08 9.03238e-08 -9.02527e-17)
(-1.02044e-06 -2.54591e-06 8.69441e-20)
(-2.35889e-06 -2.29776e-06 1.05498e-19)
(3.9399e-08 -2.53455e-06 3.48048e-20)
(9.97063e-07 -2.44945e-06 1.84867e-20)
(1.78318e-06 -2.3483e-06 3.2364e-20)
(2.42048e-06 -2.25459e-06 2.78921e-21)
(2.91517e-06 -2.16196e-06 -7.58113e-20)
(3.28252e-06 -2.07168e-06 -2.7113e-20)
(3.5367e-06 -1.98467e-06 7.33695e-20)
(3.6936e-06 -1.89956e-06 -2.23011e-20)
(3.76972e-06 -1.81742e-06 -2.74557e-20)
(3.77915e-06 -1.73725e-06 1.35724e-20)
(3.73542e-06 -1.6601e-06 -2.42237e-20)
(3.64985e-06 -1.58528e-06 -4.45524e-20)
(3.53227e-06 -1.51337e-06 -3.55776e-20)
(3.39066e-06 -1.44427e-06 1.85528e-20)
(3.23069e-06 -1.37743e-06 6.089e-20)
(3.05789e-06 -1.31324e-06 -6.40664e-20)
(2.87547e-06 -1.25205e-06 -1.21477e-21)
(2.68689e-06 -1.19313e-06 -4.41551e-20)
(2.49463e-06 -1.13686e-06 -8.25187e-20)
(2.30072e-06 -1.08215e-06 -1.03129e-19)
(2.10746e-06 -1.02936e-06 -1.1229e-19)
(1.91682e-06 -9.78037e-07 6.46875e-20)
(1.73043e-06 -9.27904e-07 -8.29784e-20)
(1.54984e-06 -8.78549e-07 -1.36961e-19)
(1.37611e-06 -8.30049e-07 1.49447e-19)
(1.21003e-06 -7.8213e-07 2.07571e-19)
(1.05156e-06 -7.34996e-07 -3.75966e-19)
(9.01034e-07 -6.89058e-07 7.52666e-20)
(7.58129e-07 -6.44313e-07 -9.69532e-20)
(6.23714e-07 -6.00911e-07 9.75166e-20)
(4.98131e-07 -5.59328e-07 -4.57973e-20)
(3.82654e-07 -5.1949e-07 2.08998e-19)
(2.78192e-07 -4.81787e-07 1.70585e-19)
(1.85411e-07 -4.45967e-07 1.4612e-19)
(1.03649e-07 -4.12548e-07 -2.60805e-19)
(3.21918e-08 -3.81376e-07 1.48734e-19)
(-3.05555e-08 -3.52789e-07 -4.07943e-20)
(-8.53019e-08 -3.26758e-07 -1.54643e-19)
(-1.3293e-07 -3.03167e-07 -9.77964e-19)
(-1.73493e-07 -2.82084e-07 -6.82896e-19)
(-2.07771e-07 -2.6341e-07 7.70099e-19)
(-2.36359e-07 -2.47145e-07 -8.34112e-19)
(-2.60312e-07 -2.32695e-07 -1.29291e-18)
(-2.8017e-07 -2.20108e-07 -1.21085e-18)
(-2.96852e-07 -2.09191e-07 -1.84865e-18)
(-3.10811e-07 -2.00163e-07 2.65845e-19)
(-3.2275e-07 -1.91992e-07 1.14534e-18)
(-3.32918e-07 -1.84667e-07 -1.69726e-18)
(-3.42025e-07 -1.78321e-07 -2.06369e-18)
(-3.50142e-07 -1.72358e-07 9.8996e-19)
(-3.57899e-07 -1.66551e-07 1.21562e-18)
(-3.65307e-07 -1.61152e-07 2.56696e-19)
(-3.72649e-07 -1.5528e-07 -3.45165e-18)
(-3.79959e-07 -1.49111e-07 -1.63478e-18)
(-3.87492e-07 -1.42485e-07 -9.8281e-19)
(-3.95182e-07 -1.35769e-07 4.62959e-18)
(-4.03028e-07 -1.28354e-07 -9.05444e-19)
(-4.11124e-07 -1.20748e-07 4.30578e-18)
(-4.19331e-07 -1.1306e-07 -3.92244e-18)
(-4.27539e-07 -1.04802e-07 -4.26836e-18)
(-4.35301e-07 -9.65864e-08 -3.53866e-18)
(-4.42592e-07 -8.79611e-08 -7.79429e-18)
(-4.48791e-07 -7.9424e-08 6.87275e-18)
(-4.53891e-07 -7.10556e-08 2.47141e-18)
(-4.56997e-07 -6.30577e-08 -6.67959e-18)
(-4.6385e-07 -5.52355e-08 8.5632e-19)
(-4.60816e-07 -4.84111e-08 9.89154e-18)
(-4.56085e-07 -4.62973e-08 -4.19166e-18)
(-4.51683e-07 -3.81854e-08 -9.86867e-18)
(-4.45843e-07 -3.14131e-08 -5.60573e-19)
(-4.37392e-07 -2.62521e-08 -7.27197e-18)
(-4.26191e-07 -2.081e-08 -1.11196e-17)
(-4.12098e-07 -1.88223e-08 1.12277e-17)
(-3.92677e-07 -1.31264e-08 1.16913e-17)
(-3.70538e-07 -6.00471e-09 -2.02967e-19)
(-3.37218e-07 1.80739e-09 6.61525e-19)
(-2.96735e-07 1.14292e-08 1.31727e-17)
(-2.41328e-07 1.8175e-08 -2.24913e-18)
(-1.71412e-07 2.8501e-08 -2.28431e-18)
(-7.99236e-08 2.91877e-08 6.87231e-17)
)
;

boundaryField
{
    inlet
    {
        type            calculated;
        value           nonuniform List<vector> 
23
(
(-1.21398e-07 0.698287 -1.95206e-15)
(-1.97378e-07 0.681792 2.7942e-15)
(-2.08133e-07 0.665062 3.05655e-15)
(-1.60251e-07 0.648929 -5.43763e-15)
(-1.416e-07 0.633057 4.39402e-16)
(-1.21056e-07 0.61709 -2.31075e-16)
(-1.06365e-07 0.600923 6.30174e-16)
(-9.38232e-08 0.584453 -9.54527e-17)
(-8.37133e-08 0.56749 6.72519e-18)
(-7.54918e-08 0.549681 1.07391e-17)
(-6.87599e-08 0.530589 -5.13724e-16)
(-6.26531e-08 0.509119 1.88946e-15)
(-5.30617e-08 0.484374 1.4542e-15)
(-4.55294e-08 0.451498 -2.34435e-15)
(-5.85228e-08 0.433197 -5.44501e-16)
(-6.89145e-08 0.420388 -1.14367e-16)
(-7.84457e-08 0.402847 5.75755e-16)
(-8.51196e-08 0.381028 6.61892e-16)
(-8.93519e-08 0.355865 -2.15475e-16)
(-9.14834e-08 0.324586 -5.57853e-16)
(-9.25991e-08 0.282458 2.66119e-16)
(-9.07757e-08 0.209282 -9.02527e-17)
(-7.99236e-08 0.0928692 6.87231e-17)
)
;
    }
    outlet
    {
        type            calculated;
        value           nonuniform List<vector> 
82
(
(-0.0165983 -2.54586e-06 8.69441e-20)
(-0.0165332 -2.53448e-06 3.48048e-20)
(-0.0166732 -2.29763e-06 1.05498e-19)
(-0.016469 -2.44942e-06 1.84867e-20)
(-0.0163996 -2.34825e-06 3.2364e-20)
(-0.0163255 -2.2546e-06 2.78921e-21)
(-0.0162461 -2.16192e-06 -7.58113e-20)
(-0.0161613 -2.0717e-06 -2.7113e-20)
(-0.0160709 -1.98464e-06 7.33695e-20)
(-0.0159735 -1.89959e-06 -2.23011e-20)
(-0.0158689 -1.8174e-06 -2.74557e-20)
(-0.0157571 -1.73729e-06 1.35724e-20)
(-0.0156377 -1.66008e-06 -2.42237e-20)
(-0.0155098 -1.58533e-06 -4.45524e-20)
(-0.0153725 -1.51335e-06 -3.55776e-20)
(-0.0152257 -1.44432e-06 1.85528e-20)
(-0.0150689 -1.37743e-06 6.089e-20)
(-0.0149015 -1.3133e-06 -6.40664e-20)
(-0.0147226 -1.25205e-06 -1.21477e-21)
(-0.0145315 -1.19318e-06 -4.41551e-20)
(-0.0143281 -1.13686e-06 -8.25187e-20)
(-0.0141118 -1.0822e-06 -1.03129e-19)
(-0.0138816 -1.02937e-06 -1.1229e-19)
(-0.0136375 -9.78093e-07 6.46875e-20)
(-0.0133789 -9.2792e-07 -8.29784e-20)
(-0.0131054 -8.78609e-07 -1.36961e-19)
(-0.0128165 -8.30073e-07 1.49447e-19)
(-0.0125121 -7.82196e-07 2.07571e-19)
(-0.0121919 -7.35029e-07 -3.75966e-19)
(-0.0118559 -6.89128e-07 7.52666e-20)
(-0.0115042 -6.44353e-07 -9.69532e-20)
(-0.0111368 -6.00983e-07 9.75166e-20)
(-0.0107544 -5.59373e-07 -4.57973e-20)
(-0.0103572 -5.19564e-07 2.08998e-19)
(-0.00994611 -4.81834e-07 1.70585e-19)
(-0.00952202 -4.46039e-07 1.4612e-19)
(-0.00908566 -4.12596e-07 -2.60805e-19)
(-0.00863814 -3.81443e-07 1.48734e-19)
(-0.0081807 -3.52835e-07 -4.07943e-20)
(-0.00771495 -3.2682e-07 -1.54643e-19)
(-0.00724223 -3.0321e-07 -9.77964e-19)
(-0.00676378 -2.82138e-07 -6.82896e-19)
(-0.00628145 -2.63448e-07 7.70099e-19)
(-0.00579702 -2.4719e-07 -8.34112e-19)
(-0.00531181 -2.32728e-07 -1.29291e-18)
(-0.00482734 -2.20145e-07 -1.21085e-18)
(-0.0043454 -2.09219e-07 -1.84865e-18)
(-0.00386784 -2.00191e-07 2.65845e-19)
(-0.00339617 -1.92015e-07 1.14534e-18)
(-0.002932 -1.84689e-07 -1.69726e-18)
(-0.00247715 -1.7834e-07 -2.06369e-18)
(-0.00203322 -1.72375e-07 9.8996e-19)
(-0.00160111 -1.66569e-07 1.21562e-18)
(-0.00118106 -1.61166e-07 2.56696e-19)
(-0.0007734 -1.55298e-07 -3.45165e-18)
(-0.000376723 -1.49127e-07 -1.63478e-18)
(1.06395e-05 -1.42503e-07 -9.8281e-19)
(0.000390557 -1.35785e-07 4.62959e-18)
(0.000764391 -1.2837e-07 -9.05444e-19)
(0.00113224 -1.20763e-07 4.30578e-18)
(0.00149448 -1.13074e-07 -3.92244e-18)
(0.00184859 -1.04815e-07 -4.26836e-18)
(0.00219179 -9.6597e-08 -3.53866e-18)
(0.00252032 -8.79706e-08 -7.79429e-18)
(0.00283082 -7.94314e-08 6.87275e-18)
(0.00311758 -7.10626e-08 2.47141e-18)
(0.0033693 -6.30624e-08 -6.67959e-18)
(0.00359095 -5.52405e-08 8.5632e-19)
(0.00377045 -4.84144e-08 9.89154e-18)
(0.00374758 -4.63029e-08 -4.19166e-18)
(0.00391835 -3.81879e-08 -9.86867e-18)
(0.00423352 -3.14156e-08 -5.60573e-19)
(0.00467464 -2.62534e-08 -7.27197e-18)
(0.00517496 -2.08107e-08 -1.11196e-17)
(0.00561342 -1.88243e-08 1.12277e-17)
(0.00562834 -1.31279e-08 1.16913e-17)
(0.00478756 -6.00789e-09 -2.02967e-19)
(0.00393883 1.80547e-09 6.61525e-19)
(0.00155499 1.14276e-08 1.31727e-17)
(-0.00276829 1.81742e-08 -2.24913e-18)
(0.0144041 2.85007e-08 -2.28431e-18)
(-0.0316422 2.91877e-08 6.87231e-17)
)
;
    }
    walls
    {
        type            calculated;
        value           nonuniform List<vector> 0();
    }
    frontAndBack
    {
        type            empty;
    }
    procBoundary3to2
    {
        type            processor;
        value           nonuniform List<vector> 
88
(
(-1.14036e-07 6.36584e-07 -2.34898e-16)
(-7.9174e-08 7.02161e-07 2.95405e-16)
(-1.79094e-07 7.56617e-07 1.13566e-15)
(-1.43455e-07 7.47805e-07 -1.05574e-15)
(-1.43455e-07 7.47805e-07 -1.05574e-15)
(-2.53034e-07 7.67967e-07 -4.39798e-17)
(-2.41146e-07 7.2515e-07 -6.0248e-16)
(-2.41146e-07 7.2515e-07 -6.0248e-16)
(-3.79342e-07 1.20725e-06 2.40492e-16)
(-3.29255e-07 1.04792e-06 1.42937e-16)
(-2.83909e-07 9.01843e-07 1.14937e-15)
(-2.83909e-07 9.01843e-07 1.14937e-15)
(-7.33309e-07 1.82719e-06 2.21348e-16)
(-6.44168e-07 1.65874e-06 3.26059e-16)
(-5.70995e-07 1.55791e-06 -1.38142e-15)
(-5.02744e-07 1.46105e-06 -7.41377e-16)
(-4.42482e-07 1.32274e-06 2.30477e-16)
(-4.42482e-07 1.32274e-06 2.30477e-16)
(-1.77446e-06 2.12111e-06 1.49946e-17)
(-1.47591e-06 2.09866e-06 5.88733e-16)
(-1.2487e-06 2.05975e-06 1.43074e-16)
(-1.0569e-06 1.98823e-06 -3.50266e-16)
(-9.09892e-07 1.87413e-06 7.89151e-16)
(-9.09892e-07 1.87413e-06 7.89151e-16)
(-4.01308e-06 1.61724e-06 2.62077e-16)
(-3.70225e-06 1.6837e-06 -2.05405e-16)
(-3.41624e-06 1.69268e-06 -3.73864e-16)
(-3.10921e-06 1.64175e-06 2.42063e-16)
(-2.83438e-06 1.61687e-06 7.95915e-16)
(-2.51348e-06 1.63332e-06 -1.64763e-16)
(-2.22256e-06 1.62408e-06 9.23906e-16)
(-2.22256e-06 1.62408e-06 9.23906e-16)
(-5.95153e-06 -2.36365e-06 -9.61318e-17)
(-5.99435e-06 -1.96026e-06 1.44927e-16)
(-5.99617e-06 -1.56933e-06 1.59417e-16)
(-5.94172e-06 -1.19605e-06 2.2563e-16)
(-5.84422e-06 -8.50456e-07 -3.93579e-16)
(-5.69997e-06 -5.1661e-07 -2.75424e-16)
(-5.51567e-06 -2.09616e-07 -9.69703e-17)
(-5.29836e-06 8.96268e-08 -3.80036e-16)
(-5.04743e-06 3.53475e-07 -8.88725e-16)
(-4.784e-06 6.03149e-07 7.77687e-16)
(-4.49597e-06 8.1299e-07 -7.74794e-16)
(-4.14021e-06 9.33034e-07 6.17849e-17)
(-4.14021e-06 9.33034e-07 6.17849e-17)
(-1.29143e-05 4.1341e-09 -2.17352e-17)
(-9.28063e-06 -8.56595e-07 -2.94017e-17)
(-6.26841e-06 -2.86898e-07 -1.16943e-17)
(-3.66021e-06 -4.23315e-07 1.04532e-17)
(-1.45163e-06 -7.73536e-07 -1.1167e-17)
(4.03947e-07 -1.29884e-06 4.71179e-17)
(1.90144e-06 -1.81406e-06 6.12816e-18)
(3.08018e-06 -2.33527e-06 -3.3961e-17)
(3.96283e-06 -2.81988e-06 -1.95459e-18)
(4.58966e-06 -3.33742e-06 3.66864e-17)
(4.98461e-06 -3.80799e-06 -1.17794e-18)
(5.18339e-06 -4.26773e-06 -3.8264e-18)
(5.212e-06 -4.64322e-06 -4.74841e-17)
(5.10041e-06 -4.995e-06 -6.81812e-19)
(4.87403e-06 -5.2684e-06 -7.11782e-17)
(4.55489e-06 -5.51322e-06 -3.587e-17)
(4.16744e-06 -5.67868e-06 -1.69957e-17)
(3.72587e-06 -5.81609e-06 1.59786e-17)
(3.25006e-06 -5.88911e-06 -3.66984e-17)
(2.74892e-06 -5.93689e-06 6.3379e-17)
(2.23947e-06 -5.91752e-06 -9.27531e-17)
(1.72411e-06 -5.8802e-06 -6.27508e-17)
(1.21469e-06 -5.80434e-06 5.21863e-17)
(7.09532e-07 -5.72096e-06 -4.33505e-17)
(2.20247e-07 -5.59262e-06 1.73054e-17)
(-2.57884e-07 -5.46339e-06 -6.12275e-17)
(-7.19446e-07 -5.31513e-06 3.96067e-17)
(-1.17287e-06 -5.19725e-06 5.00687e-18)
(-1.60717e-06 -5.05138e-06 3.62608e-17)
(-2.03014e-06 -4.9348e-06 1.15371e-16)
(-2.43716e-06 -4.81078e-06 -9.17017e-17)
(-2.82623e-06 -4.68912e-06 2.76292e-20)
(-3.20296e-06 -4.55357e-06 -1.38993e-16)
(-3.55879e-06 -4.42122e-06 1.09886e-17)
(-3.89892e-06 -4.25151e-06 2.36084e-17)
(-4.20808e-06 -4.07377e-06 -9.57419e-17)
(-4.49911e-06 -3.85265e-06 1.49496e-16)
(-4.75585e-06 -3.63259e-06 3.15566e-17)
(-4.97618e-06 -3.39351e-06 4.55274e-17)
(-5.19818e-06 -3.15034e-06 -9.9408e-18)
(-5.37077e-06 -2.84176e-06 -9.15836e-17)
(-5.15747e-06 -2.57406e-06 2.42774e-17)
(-5.15747e-06 -2.57406e-06 2.42774e-17)
)
;
    }
    procBoundary3to6
    {
        type            processor;
        value           uniform (-1.86037e-05 3.90798e-06 -1.68647e-17);
    }
    procBoundary3to7
    {
        type            processor;
        value           nonuniform List<vector> 
16
(
(-3.53858e-05 2.23759e-05 -1.75115e-17)
(-3.5949e-05 2.67612e-05 1.5471e-17)
(-2.90565e-05 2.50462e-05 -8.97753e-18)
(-1.54065e-05 1.78802e-05 8.71041e-18)
(1.31354e-06 6.65925e-06 -7.3205e-18)
(1.45634e-05 -3.96075e-06 -4.31912e-18)
(1.69254e-05 -1.36261e-05 -2.50626e-19)
(7.33628e-06 -1.23561e-05 1.08094e-18)
(7.33628e-06 -1.23561e-05 1.08094e-18)
(-2.60684e-06 -6.66607e-06 -1.76917e-18)
(-1.43756e-06 -3.67105e-06 2.06006e-18)
(3.67929e-06 -2.97372e-06 -4.1288e-19)
(7.43377e-06 -3.80512e-06 -3.5989e-19)
(6.68086e-06 -4.91366e-06 -4.19989e-19)
(2.76875e-06 -4.03604e-06 -5.92228e-21)
(-2.58406e-06 -1.93139e-06 -8.8025e-21)
)
;
    }
}


// ************************************************************************* //
