/*--------------------------------*- C++ -*----------------------------------*\
| =========                 |                                                 |
| \\      /  F ield         | OpenFOAM: The Open Source CFD Toolbox           |
|  \\    /   O peration     | Version:  2306                                  |
|   \\  /    A nd           | Website:  www.openfoam.com                      |
|    \\/     M anipulation  |                                                 |
\*---------------------------------------------------------------------------*/
FoamFile
{
    version     2.0;
    format      ascii;
    arch        "LSB;label=32;scalar=64";
    class       volVectorField;
    location    "550";
    object      momentError;
}
// * * * * * * * * * * * * * * * * * * * * * * * * * * * * * * * * * * * * * //

dimensions      [0 1 -2 0 0 0 0];

internalField   nonuniform List<vector> 
1340
(
(9.89313e-05 4.63282e-06 1.26138e-15)
(5.12767e-05 -2.10631e-05 -2.16473e-15)
(0.000349978 -0.000130682 -1.10575e-14)
(0.00215455 -0.00125352 -2.14939e-14)
(5.77714e-05 7.61683e-06 -1.55107e-15)
(0.000166542 1.0075e-05 -6.65105e-17)
(0.00032004 7.45912e-06 3.77994e-15)
(0.00158041 0.000220833 9.20409e-15)
(-2.16914e-05 6.48336e-05 3.81495e-17)
(9.18503e-05 4.70201e-05 1.4476e-14)
(0.000362722 4.46806e-06 8.74936e-15)
(0.00130503 0.000222373 -1.03383e-13)
(0.000942833 0.00290735 7.58395e-15)
(-0.000248123 -0.00164974 -1.28923e-14)
(0.000198948 -0.000277822 -2.99113e-14)
(0.0011747 0.000262956 -1.08682e-16)
(-0.000225005 -0.00387242 -6.95934e-16)
(1.6466e-05 0.00228303 1.03215e-14)
(0.00025015 0.000260084 -1.08856e-14)
(0.000973677 8.33187e-05 5.49108e-15)
(-0.000396497 0.000971742 -1.19015e-14)
(0.000469684 -0.000821442 3.46553e-15)
(0.000366462 -2.39135e-05 4.42003e-14)
(0.00126132 -0.000303315 3.10481e-14)
(0.000137749 9.43839e-05 7.24364e-15)
(0.000159315 0.000139297 -1.54395e-15)
(0.000222319 -2.04298e-06 -2.47775e-15)
(0.000704725 0.000384205 -4.22942e-14)
(7.66248e-05 4.70063e-05 -3.42307e-15)
(0.00011033 2.64978e-05 -6.4676e-15)
(0.000223642 5.5162e-05 3.78709e-15)
(0.000308415 0.000601201 -2.25905e-14)
(8.20684e-05 2.02029e-05 -1.09985e-15)
(0.00011864 1.78823e-05 8.89058e-16)
(0.000246852 3.4855e-05 -8.1433e-15)
(0.000657824 0.000195503 7.93274e-15)
(8.2162e-05 2.15174e-05 -4.81435e-16)
(0.000119009 1.70398e-05 -2.28725e-14)
(0.000239377 4.34171e-05 6.30176e-16)
(0.000534363 0.000246177 1.68675e-14)
(8.1805e-05 2.02571e-05 2.3358e-15)
(0.000119423 1.74141e-05 2.05435e-14)
(0.000233307 4.5281e-05 7.87459e-15)
(0.000480647 0.000234995 -7.15155e-14)
(8.12916e-05 2.05308e-05 7.27916e-15)
(0.000118879 1.94759e-05 -4.67782e-15)
(0.000223748 5.20037e-05 -2.28055e-14)
(0.000419061 0.000240378 4.09798e-14)
(8.07205e-05 2.05303e-05 -1.25875e-14)
(0.0001179 2.18451e-05 4.02362e-15)
(0.000213128 5.81333e-05 2.53906e-14)
(0.00036408 0.000241581 6.16967e-14)
(7.99693e-05 2.08171e-05 7.45339e-16)
(0.000116078 2.44253e-05 2.62386e-15)
(0.000201151 6.45134e-05 -1.32533e-14)
(0.000313744 0.000241971 -6.36306e-15)
(7.91029e-05 2.13859e-05 7.28476e-16)
(0.000113859 2.73187e-05 -6.64012e-15)
(0.000188572 7.05335e-05 -2.43986e-14)
(0.00026842 0.000239991 -2.48138e-14)
(7.79825e-05 2.20354e-05 -1.03633e-15)
(0.000110798 3.02561e-05 4.81786e-16)
(0.000175254 7.6059e-05 1.92374e-14)
(0.000227889 0.000236128 4.77233e-14)
(7.6679e-05 2.31165e-05 3.09243e-15)
(0.000107376 3.33829e-05 -4.24572e-15)
(0.000161809 8.08732e-05 1.71494e-14)
(0.000191939 0.000230228 -1.92929e-14)
(7.50487e-05 2.41796e-05 1.59438e-15)
(0.000103195 3.64297e-05 7.50061e-15)
(0.000148098 8.49433e-05 3.81849e-15)
(0.000160241 0.000222941 -9.95279e-15)
(7.32078e-05 2.53673e-05 5.65209e-15)
(9.87299e-05 3.94734e-05 1.59036e-14)
(0.000134629 8.81577e-05 -1.0118e-14)
(0.000132523 0.000214029 -3.12922e-14)
(7.10276e-05 2.65358e-05 -9.50889e-15)
(9.3593e-05 4.23742e-05 -1.78576e-14)
(0.000121292 9.06336e-05 -1.32471e-14)
(0.000108484 0.000204252 1.15003e-14)
(6.8574e-05 2.80743e-05 5.55269e-15)
(8.82222e-05 4.53587e-05 4.16689e-15)
(0.000108488 9.21783e-05 1.99645e-14)
(8.77404e-05 0.000193462 1.62226e-14)
(6.57009e-05 2.96499e-05 -2.00697e-15)
(8.23668e-05 4.81466e-05 2.88753e-15)
(9.61865e-05 9.30064e-05 -5.29574e-15)
(6.99671e-05 0.000182505 -1.26032e-14)
(6.26016e-05 3.12433e-05 -7.54189e-18)
(7.64748e-05 5.04738e-05 -3.65814e-15)
(8.45939e-05 9.30321e-05 -1.08326e-14)
(5.4775e-05 0.000171182 -2.18461e-15)
(5.91804e-05 3.27859e-05 1.01938e-16)
(7.02608e-05 5.2492e-05 1.74197e-15)
(7.36674e-05 9.25391e-05 1.4781e-14)
(4.20062e-05 0.000160039 1.78732e-14)
(5.55829e-05 3.42174e-05 2.43618e-15)
(6.41075e-05 5.41409e-05 -5.36338e-15)
(6.35894e-05 9.11889e-05 -4.542e-15)
(3.12392e-05 0.000148831 -1.11228e-14)
(5.17096e-05 3.56194e-05 -9.86196e-17)
(5.78147e-05 5.54185e-05 8.99573e-15)
(5.43378e-05 8.93509e-05 -1.18245e-14)
(2.23535e-05 0.000138078 -1.9616e-14)
(4.77311e-05 3.67759e-05 4.49178e-15)
(5.17991e-05 5.59612e-05 -1.1997e-14)
(4.59801e-05 8.67394e-05 -2.31781e-15)
(1.49563e-05 0.000127579 2.12687e-14)
(4.36425e-05 3.77423e-05 -8.96029e-15)
(4.58417e-05 5.60788e-05 2.83529e-15)
(3.84265e-05 8.37601e-05 1.39007e-15)
(9.01986e-06 0.000117581 -9.70509e-15)
(3.95797e-05 3.82773e-05 7.56007e-15)
(4.02781e-05 5.54734e-05 -1.63752e-16)
(3.17708e-05 8.00907e-05 7.08263e-15)
(4.19993e-06 0.000107891 1.40641e-14)
(3.55637e-05 3.85839e-05 -8.13958e-15)
(3.49193e-05 5.44777e-05 6.89115e-15)
(2.58677e-05 7.61846e-05 2.02216e-15)
(4.67429e-07 9.87442e-05 4.63223e-16)
(3.16783e-05 3.84775e-05 -1.756e-15)
(3.00395e-05 5.29111e-05 2.66431e-15)
(2.08036e-05 7.17887e-05 1.1059e-15)
(-2.46463e-06 9.00082e-05 -9.2728e-15)
(2.80027e-05 3.81714e-05 7.9058e-15)
(2.54655e-05 5.10608e-05 -1.50046e-15)
(1.6401e-05 6.73086e-05 -3.6796e-15)
(-4.63961e-06 8.18968e-05 -1.35902e-14)
(2.45544e-05 3.74407e-05 1.32755e-15)
(2.14424e-05 4.87716e-05 -1.19627e-16)
(1.27268e-05 6.26163e-05 1.74056e-15)
(-6.28166e-06 7.42442e-05 8.45883e-15)
(2.13776e-05 3.65803e-05 -6.34255e-15)
(1.7757e-05 4.63147e-05 -3.62231e-15)
(9.55024e-06 5.80655e-05 -1.62712e-15)
(-7.41425e-06 6.7234e-05 9.1375e-15)
(1.84496e-05 3.54626e-05 4.02123e-15)
(1.46127e-05 4.36536e-05 4.7781e-15)
(6.97252e-06 5.35137e-05 3.64606e-15)
(-8.20206e-06 6.07158e-05 -8.00829e-15)
(1.5838e-05 3.42156e-05 -2.96917e-15)
(1.17999e-05 4.10571e-05 -3.87351e-15)
(4.76574e-06 4.91865e-05 -2.11707e-15)
(-8.66838e-06 5.48273e-05 1.06789e-14)
(1.34469e-05 3.29033e-05 -1.86156e-15)
(9.50133e-06 3.82789e-05 2.96581e-15)
(3.0658e-06 4.50201e-05 1.36688e-15)
(-8.92754e-06 4.93817e-05 -3.06839e-15)
(1.15024e-05 3.10916e-05 -7.37777e-16)
(7.57241e-06 3.5567e-05 -3.03735e-15)
(1.56668e-06 4.12194e-05 3.66981e-15)
(-8.97441e-06 4.45066e-05 -2.85048e-15)
(1.15049e-05 2.52666e-05 4.84958e-15)
(9.34412e-06 2.86672e-05 -2.38795e-16)
(6.75976e-06 3.37778e-05 2.12461e-15)
(1.08721e-07 3.72738e-05 -1.46879e-15)
(-8.82987e-06 4.0111e-05 -8.22412e-15)
(1.00314e-05 2.39773e-05 -6.37954e-15)
(7.74104e-06 2.70474e-05 1.84021e-15)
(5.14506e-06 3.1186e-05 1.71776e-15)
(-7.80082e-07 3.39503e-05 -1.14235e-14)
(-8.62442e-06 3.61384e-05 1.80476e-15)
(8.67483e-06 2.26454e-05 1.45759e-15)
(6.34501e-06 2.5312e-05 -3.21839e-16)
(3.91889e-06 2.8739e-05 -8.76089e-16)
(-1.40565e-06 3.07962e-05 1.00865e-14)
(-8.31647e-06 3.24917e-05 6.41118e-15)
(7.48333e-06 2.1367e-05 8.91734e-16)
(5.08288e-06 2.36477e-05 -6.2266e-16)
(2.8304e-06 2.64382e-05 -2.18186e-15)
(-1.88858e-06 2.79464e-05 -7.18804e-17)
(-7.94234e-06 2.92461e-05 1.1348e-16)
(6.39632e-06 2.00494e-05 -3.5201e-15)
(4.1042e-06 2.19602e-05 -3.48854e-15)
(2.04938e-06 2.42193e-05 -3.82655e-15)
(-2.1746e-06 2.52834e-05 -2.07593e-15)
(-7.5081e-06 2.62711e-05 -2.49767e-15)
(5.48126e-06 1.87314e-05 -1.43803e-15)
(3.23393e-06 2.03059e-05 -4.1767e-16)
(1.34784e-06 2.21899e-05 3.37717e-15)
(-2.38231e-06 2.28876e-05 1.12257e-15)
(-7.05074e-06 2.36433e-05 -6.51177e-15)
(4.6593e-06 1.74093e-05 -4.27822e-15)
(2.56291e-06 1.87297e-05 3.39655e-15)
(8.79869e-07 2.02377e-05 1.87341e-15)
(-2.43098e-06 2.06669e-05 -1.79875e-15)
(-6.55764e-06 2.12436e-05 3.29875e-15)
(3.97902e-06 1.61075e-05 1.24486e-15)
(1.98903e-06 1.72141e-05 -1.67454e-15)
(4.71664e-07 1.84414e-05 -5.73276e-16)
(-2.46303e-06 1.86845e-05 2.40966e-15)
(-6.07601e-06 1.91393e-05 5.67523e-15)
(3.36948e-06 1.4857e-05 1.78145e-15)
(1.54525e-06 1.57422e-05 -1.43829e-15)
(2.20734e-07 1.67749e-05 -2.47509e-15)
(-2.38198e-06 1.68705e-05 -1.56042e-16)
(-5.5767e-06 1.72351e-05 -4.64046e-15)
(2.88639e-06 1.367e-05 -5.8294e-16)
(1.17695e-06 1.43545e-05 8.81666e-17)
(-1.70343e-08 1.52878e-05 3.19969e-15)
(-2.32048e-06 1.52621e-05 -1.99211e-15)
(-5.11749e-06 1.55787e-05 1.26535e-15)
(2.45433e-06 1.25823e-05 -2.2906e-15)
(8.74178e-07 1.31237e-05 1.52021e-16)
(-1.60475e-07 1.39221e-05 3.73117e-15)
(-2.16866e-06 1.38057e-05 -3.22275e-15)
(-4.64141e-06 1.40826e-05 -2.51727e-15)
(2.09652e-06 1.15845e-05 1.71922e-15)
(6.55934e-07 1.19897e-05 4.62768e-16)
(-2.61948e-07 1.26969e-05 7.62264e-16)
(-2.05544e-06 1.25164e-05 6.05317e-16)
(-4.2214e-06 1.27718e-05 -9.63451e-16)
(1.8126e-06 1.07172e-05 8.71184e-16)
(4.80121e-07 1.0936e-05 -2.2804e-15)
(-3.11255e-07 1.15806e-05 -1.95365e-15)
(-1.87108e-06 1.13479e-05 1.88924e-15)
(-3.77544e-06 1.1592e-05 4.57288e-15)
(1.61941e-06 9.76123e-06 -1.12014e-15)
(4.72736e-07 1.00932e-05 3.02928e-15)
(-3.55299e-07 1.0502e-05 9.01216e-17)
(-1.72942e-06 1.03128e-05 -2.19518e-15)
(-3.40364e-06 1.05479e-05 2.81492e-15)
(2.48501e-06 8.8061e-06 -2.12018e-15)
(1.29704e-06 8.8525e-06 3.54612e-16)
(7.33705e-07 9.68625e-06 1.34318e-15)
(-5.05791e-07 9.34395e-06 1.38529e-16)
(-1.52636e-06 9.39265e-06 -3.53598e-15)
(-2.9989e-06 9.60505e-06 -3.18207e-15)
(2.28294e-06 8.0688e-06 1.27129e-15)
(1.21624e-06 8.09433e-06 2.98484e-15)
(7.45763e-07 8.83031e-06 6.32693e-17)
(-4.7948e-07 8.47987e-06 -3.07457e-15)
(-1.37946e-06 8.54928e-06 9.15981e-16)
(-2.74221e-06 8.80808e-06 -2.43814e-15)
(2.16595e-06 7.33857e-06 -1.76698e-15)
(1.10824e-06 7.36978e-06 -2.28282e-15)
(5.96457e-07 8.00341e-06 1.03149e-15)
(-4.20364e-07 7.69161e-06 1.47179e-15)
(-1.27717e-06 7.77383e-06 -1.4304e-15)
(-2.42591e-06 8.07724e-06 2.62984e-16)
(1.88862e-06 6.62703e-06 7.03658e-16)
(1.02787e-06 6.66302e-06 -2.93924e-16)
(6.63663e-07 7.21402e-06 6.38972e-17)
(-4.06128e-07 6.97462e-06 -1.11179e-16)
(-1.18247e-06 7.06667e-06 1.74728e-15)
(-2.26962e-06 7.38053e-06 5.85365e-16)
(1.78714e-06 5.95823e-06 1.16528e-15)
(9.57012e-07 5.9911e-06 6.73154e-16)
(4.74061e-07 6.55271e-06 -2.22893e-15)
(-4.16525e-07 6.35204e-06 -1.42326e-15)
(-1.12471e-06 6.43297e-06 -1.08054e-15)
(-2.04322e-06 6.74776e-06 2.50072e-16)
(1.49867e-06 5.37087e-06 -1.37792e-15)
(7.62696e-07 5.49096e-06 -1.88535e-15)
(4.44745e-07 5.97276e-06 -1.11305e-15)
(-4.02368e-07 5.81879e-06 2.91326e-15)
(-1.03204e-06 5.86412e-06 3.96773e-16)
(-1.90288e-06 6.11561e-06 2.95015e-16)
(1.28344e-06 4.865e-06 -1.68284e-16)
(6.33449e-07 4.95893e-06 1.19804e-15)
(2.63986e-07 5.45212e-06 -6.80398e-16)
(-4.08389e-07 5.30788e-06 -5.54736e-16)
(-9.0838e-07 5.31608e-06 3.39658e-15)
(-1.66356e-06 5.55602e-06 -1.36974e-15)
(9.81937e-07 4.37502e-06 1.84824e-15)
(3.812e-07 4.51295e-06 1.39735e-15)
(1.98738e-07 4.91764e-06 -2.44651e-15)
(-3.02992e-07 4.76607e-06 7.58292e-16)
(-7.63088e-07 4.7841e-06 -9.80931e-16)
(-1.49887e-06 5.02146e-06 1.06873e-15)
(7.25262e-07 3.91817e-06 -1.24002e-15)
(3.08658e-07 4.0606e-06 7.98678e-16)
(1.56992e-07 4.32653e-06 1.74162e-15)
(-2.73885e-07 4.23845e-06 -2.73669e-15)
(-6.756e-07 4.30644e-06 1.41611e-15)
(-1.32715e-06 4.56719e-06 2.64389e-15)
(9.67857e-07 3.4259e-06 -4.96602e-16)
(4.79754e-07 3.48126e-06 4.3485e-16)
(3.64601e-07 3.84462e-06 3.70477e-16)
(3.55277e-08 3.75732e-06 -1.01377e-15)
(-2.44839e-07 3.83141e-06 1.37261e-16)
(-6.30117e-07 3.88922e-06 1.55232e-15)
(-1.26178e-06 4.21255e-06 5.71212e-17)
(7.3913e-07 3.1411e-06 1.46591e-15)
(3.47647e-07 3.17483e-06 1.99526e-15)
(3.31217e-07 3.49206e-06 -1.83373e-15)
(-1.90825e-08 3.42363e-06 -1.12616e-16)
(-2.8925e-07 3.49049e-06 -6.98137e-16)
(-6.50108e-07 3.58795e-06 -7.65335e-16)
(-1.16241e-06 3.87683e-06 2.45351e-15)
(6.21057e-07 2.86814e-06 -1.30465e-16)
(2.72598e-07 2.8802e-06 -1.01755e-15)
(1.79e-07 3.19796e-06 -1.21597e-15)
(-9.30485e-08 3.13343e-06 2.62866e-15)
(-3.36663e-07 3.21293e-06 1.13564e-15)
(-6.20751e-07 3.27623e-06 -3.14487e-15)
(-1.07221e-06 3.55128e-06 -2.31371e-15)
(4.45804e-07 2.6013e-06 6.42587e-16)
(1.38783e-07 2.61586e-06 -7.64172e-16)
(1.21353e-07 2.91648e-06 2.20354e-16)
(-1.6478e-07 2.8537e-06 5.32787e-16)
(-3.5469e-07 2.91731e-06 -1.09201e-15)
(-5.84798e-07 2.97222e-06 -2.18637e-15)
(-9.693e-07 3.22666e-06 2.5219e-15)
(3.71325e-07 2.38709e-06 2.81697e-15)
(5.73339e-08 2.36082e-06 5.83734e-17)
(-1.33156e-08 2.66587e-06 -1.85314e-15)
(-2.15489e-07 2.58101e-06 1.48385e-16)
(-3.59771e-07 2.62516e-06 1.29665e-15)
(-5.29309e-07 2.66583e-06 5.96327e-16)
(-8.51811e-07 2.90116e-06 -4.78346e-16)
(2.60124e-07 2.20629e-06 -3.40415e-16)
(-3.28352e-08 2.16779e-06 3.26187e-16)
(-3.79118e-08 2.41532e-06 -5.01151e-16)
(-2.30194e-07 2.30025e-06 -7.1907e-16)
(-3.24418e-07 2.32607e-06 4.86222e-16)
(-4.64213e-07 2.3573e-06 -1.13231e-15)
(-7.53253e-07 2.58024e-06 1.82911e-16)
(2.48076e-07 2.06591e-06 1.68646e-15)
(-2.69661e-08 1.98464e-06 8.0891e-16)
(-5.25445e-08 2.23172e-06 2.24122e-16)
(-1.96789e-07 2.08383e-06 6.99875e-16)
(-2.96795e-07 2.10283e-06 -5.75986e-17)
(-4.17397e-07 2.12416e-06 8.10117e-16)
(-6.70128e-07 2.32409e-06 -3.77383e-17)
(2.18178e-07 1.94357e-06 7.49272e-16)
(-2.48242e-08 1.88413e-06 1.82418e-15)
(-1.16449e-08 2.08918e-06 -5.75337e-16)
(-1.73716e-07 1.94209e-06 -1.08864e-15)
(-2.62751e-07 1.94535e-06 6.13589e-16)
(-3.86495e-07 1.98216e-06 4.7414e-16)
(-6.19462e-07 2.17246e-06 4.45048e-16)
(2.07897e-07 1.83142e-06 8.21054e-16)
(-7.97121e-09 1.76257e-06 -8.55038e-16)
(-1.25785e-08 1.95917e-06 -4.58445e-16)
(-1.40553e-07 1.82434e-06 7.71339e-16)
(-2.33823e-07 1.81617e-06 1.90994e-15)
(-3.48985e-07 1.85911e-06 -8.10401e-16)
(-5.6078e-07 2.04489e-06 -2.539e-15)
(1.72014e-07 1.70567e-06 -1.06435e-17)
(7.88968e-09 1.67599e-06 -5.17743e-16)
(1.09355e-08 1.78112e-06 1.24854e-17)
(-1.12441e-07 1.683e-06 7.25978e-16)
(-1.89583e-07 1.66676e-06 -1.38605e-16)
(-2.94574e-07 1.69865e-06 -4.51168e-16)
(-4.96197e-07 1.89292e-06 6.02239e-16)
(2.43662e-07 1.47796e-06 -1.4422e-15)
(1.01757e-07 1.44922e-06 -8.67093e-16)
(1.47974e-07 1.6251e-06 -5.64574e-17)
(-3.38253e-09 1.52428e-06 4.67229e-16)
(-6.77948e-08 1.51166e-06 4.40501e-16)
(-1.46652e-07 1.48591e-06 1.30018e-15)
(-2.37202e-07 1.51442e-06 -6.24635e-16)
(-4.2842e-07 1.70047e-06 -1.53134e-15)
(2.26596e-07 1.26126e-06 1.55501e-16)
(1.0781e-07 1.22209e-06 -3.97707e-17)
(1.16502e-07 1.39749e-06 -5.04325e-16)
(1.63075e-08 1.31737e-06 1.23246e-15)
(-4.15111e-08 1.31596e-06 3.81676e-16)
(-1.07729e-07 1.2967e-06 -1.26855e-15)
(-1.84509e-07 1.3251e-06 -6.36905e-16)
(-3.53112e-07 1.4886e-06 3.24235e-16)
(1.71435e-07 1.06223e-06 -9.35342e-16)
(7.59194e-08 1.04283e-06 4.77446e-18)
(1.17977e-07 1.19794e-06 3.80577e-16)
(1.70172e-08 1.13295e-06 -1.37287e-15)
(-2.64558e-08 1.13773e-06 2.70998e-15)
(-7.9048e-08 1.12515e-06 -3.04028e-16)
(-1.38315e-07 1.15502e-06 -1.15037e-15)
(-2.74375e-07 1.30434e-06 1.03809e-15)
(1.68675e-07 9.44016e-07 5.25165e-17)
(5.54252e-08 8.96174e-07 5.93262e-16)
(8.34538e-08 1.07267e-06 7.44866e-16)
(1.4293e-08 9.98624e-07 -1.08847e-15)
(-2.0166e-08 1.00798e-06 1.20605e-15)
(-6.09806e-08 9.98587e-07 -6.35081e-16)
(-1.04589e-07 1.029e-06 -1.4768e-15)
(-2.01227e-07 1.17564e-06 1.68978e-15)
(1.42933e-07 8.59711e-07 1.74299e-16)
(4.667e-08 8.18635e-07 6.63974e-16)
(8.45345e-08 9.94271e-07 1.31546e-15)
(6.77078e-09 9.24783e-07 -2.56969e-17)
(-2.01269e-08 9.35369e-07 -1.89747e-15)
(-5.17412e-08 9.28097e-07 5.56122e-16)
(-7.86129e-08 9.6127e-07 -5.48048e-16)
(-1.37376e-07 1.11708e-06 -3.61696e-16)
(1.27831e-07 8.00728e-07 -6.26371e-16)
(2.15526e-08 7.56173e-07 -9.79125e-16)
(3.76144e-08 9.33752e-07 3.07386e-16)
(-2.89244e-09 8.66484e-07 1.49009e-15)
(-2.19405e-08 8.75443e-07 2.82959e-16)
(-4.35852e-08 8.67241e-07 -5.88839e-16)
(-6.0184e-08 9.03055e-07 1.33251e-16)
(-9.65124e-08 1.06532e-06 8.44341e-16)
(8.72907e-08 7.62218e-07 1.59278e-15)
(1.82137e-08 7.3376e-07 4.65309e-16)
(4.41623e-08 9.09244e-07 -1.30971e-15)
(-4.23228e-09 8.40301e-07 1.39634e-16)
(-1.59662e-08 8.50306e-07 -9.35912e-16)
(-2.9347e-08 8.47557e-07 -3.36779e-16)
(-3.01155e-08 8.92563e-07 1.7406e-15)
(-4.82093e-08 1.02965e-06 -1.12693e-16)
(6.28908e-08 7.32613e-07 -1.05418e-15)
(-1.52247e-08 6.90809e-07 -4.73447e-16)
(-9.95601e-09 8.65612e-07 1.0052e-15)
(-1.7318e-08 7.85735e-07 -4.35872e-16)
(-2.1056e-08 7.9228e-07 -3.63243e-16)
(-2.25044e-08 7.86041e-07 1.22524e-15)
(-1.59654e-08 8.2818e-07 -8.84998e-17)
(-2.31646e-08 9.67971e-07 -8.54991e-16)
(4.05688e-08 8.19653e-07 -6.32218e-16)
(1.25382e-09 8.03102e-07 -1.25382e-15)
(-3.08167e-09 8.65514e-07 -6.62606e-16)
(-1.12067e-08 8.16836e-07 2.37662e-15)
(-9.72565e-09 8.1361e-07 -1.31034e-16)
(-3.72768e-09 8.10518e-07 -6.26945e-16)
(1.57797e-08 8.56637e-07 -8.63899e-16)
(6.11318e-08 1.00354e-06 -3.35963e-15)
(-0.0290974 -0.011801 -1.46527e-14)
(0.00549147 0.00327643 1.77522e-14)
(0.00304545 0.00354835 -9.39184e-14)
(0.00177713 0.00310543 1.65258e-14)
(0.000750534 0.00270996 3.686e-14)
(0.000555816 0.00237615 -1.78169e-14)
(0.000595719 0.00209633 -5.62092e-14)
(0.000423691 0.00166307 3.64426e-15)
(0.000353533 0.00161468 4.87593e-15)
(0.000297653 0.00141341 -2.55688e-14)
(0.000242125 0.00124079 -1.26923e-14)
(0.000196984 0.00108562 3.63806e-14)
(0.000158457 0.000948404 5.63704e-14)
(0.000125996 0.000827748 -3.54017e-14)
(9.85021e-05 0.000721468 2.21713e-14)
(7.55886e-05 0.000628959 9.8693e-15)
(5.63738e-05 0.000548053 -4.68483e-14)
(4.05803e-05 0.000478179 3.68869e-14)
(2.75393e-05 0.000417136 -5.08602e-14)
(1.70481e-05 0.000364666 3.0225e-14)
(8.51313e-06 0.000319349 -8.07054e-15)
(1.80583e-06 0.000280568 1.88468e-15)
(-3.50133e-06 0.000246803 1.0875e-14)
(-7.50954e-06 0.00021787 -9.95738e-15)
(-1.05852e-05 0.000192733 -2.99937e-15)
(-1.27741e-05 0.000171089 -4.26654e-15)
(-1.43409e-05 0.000152022 1.61463e-14)
(-1.52966e-05 0.00013539 -1.03338e-14)
(-1.587e-05 0.0001206 1.22514e-14)
(-1.60345e-05 0.000107584 2.20417e-15)
(-1.59902e-05 9.59434e-05 -1.40439e-14)
(-1.56833e-05 8.56524e-05 -1.23068e-14)
(-1.52787e-05 7.64239e-05 1.19067e-14)
(-1.47101e-05 6.82696e-05 8.64839e-15)
(-1.41269e-05 6.09405e-05 -2.95953e-15)
(-1.34386e-05 5.44638e-05 5.99333e-15)
(-1.27703e-05 4.8638e-05 -1.71106e-15)
(-1.20217e-05 4.35253e-05 -1.18977e-14)
(-1.13672e-05 3.88497e-05 3.52808e-15)
(-1.06127e-05 3.47373e-05 -2.02809e-16)
(-9.93292e-06 3.09899e-05 -7.94706e-16)
(-9.16988e-06 2.77067e-05 6.57844e-15)
(-8.50565e-06 2.47193e-05 -4.84522e-15)
(-7.76659e-06 2.21125e-05 -8.18253e-16)
(-7.14276e-06 1.97514e-05 7.70575e-16)
(-6.45447e-06 1.77064e-05 5.91778e-15)
(-5.88775e-06 1.58675e-05 -2.64768e-15)
(-5.26705e-06 1.42777e-05 5.59097e-15)
(-4.75867e-06 1.28483e-05 -1.04803e-15)
(-4.20891e-06 1.16022e-05 1.4838e-15)
(-3.7523e-06 1.0482e-05 1.41619e-15)
(-3.26473e-06 9.49712e-06 2.8897e-16)
(-2.86691e-06 8.68275e-06 1.53612e-15)
(-2.48891e-06 7.98674e-06 1.8666e-15)
(-2.17449e-06 7.3567e-06 -1.04594e-15)
(-1.91287e-06 6.77192e-06 -3.69644e-16)
(-1.73271e-06 6.14999e-06 -1.36936e-15)
(-1.54847e-06 5.57337e-06 1.99271e-15)
(-1.42487e-06 4.97532e-06 -3.96588e-15)
(-1.26749e-06 4.5156e-06 1.23544e-15)
(-1.17435e-06 4.10264e-06 -4.683e-15)
(-1.06018e-06 3.75471e-06 -2.02103e-15)
(-9.52049e-07 3.45163e-06 1.71065e-16)
(-8.49443e-07 3.1345e-06 3.04079e-15)
(-7.42947e-07 2.82034e-06 3.48985e-15)
(-6.34857e-07 2.5257e-06 -7.68483e-16)
(-5.5552e-07 2.2301e-06 -2.94978e-15)
(-5.15635e-07 1.98016e-06 -1.35038e-15)
(-4.9387e-07 1.8362e-06 1.87342e-15)
(-4.60468e-07 1.6954e-06 5.28607e-15)
(-4.32777e-07 1.55471e-06 -2.3936e-15)
(-4.0475e-07 1.40126e-06 2.02682e-15)
(-3.6137e-07 1.22847e-06 -1.70056e-15)
(-2.93487e-07 1.06586e-06 -7.02326e-16)
(-2.18499e-07 9.66123e-07 -8.05718e-16)
(-1.27198e-07 9.35071e-07 3.81722e-15)
(-1.02879e-07 8.65249e-07 -3.98555e-16)
(-8.23023e-08 7.60222e-07 2.29187e-16)
(-8.06203e-08 6.86956e-07 8.96856e-16)
(1.30917e-07 7.87331e-07 9.78968e-15)
(-0.0203194 -0.00047241 3.87855e-15)
(-0.00366835 0.000359353 -4.31421e-15)
(-0.00174451 0.000532763 1.90313e-14)
(-0.0011761 0.000818348 -3.98163e-15)
(-0.000946065 0.00111353 -6.10732e-15)
(-0.00093312 0.000642746 1.92079e-15)
(-0.000841919 0.00037049 1.03852e-14)
(-0.000702392 0.000687815 -6.26957e-16)
(-0.000620213 0.000643603 -7.38942e-16)
(-0.000544662 0.000603624 3.53053e-15)
(-0.000477035 0.000564782 3.86451e-15)
(-0.000416871 0.00052631 -7.55575e-15)
(-0.000363462 0.000488678 -1.0068e-14)
(-0.000315973 0.000451362 6.31443e-15)
(-0.00027419 0.000415286 -3.51212e-15)
(-0.000237355 0.000380191 -2.51106e-15)
(-0.000205263 0.000346692 7.90594e-15)
(-0.000177207 0.000314759 -6.1879e-15)
(-0.000153029 0.000284748 9.16809e-15)
(-0.000132046 0.000256751 -5.81931e-15)
(-0.000114087 0.000230937 1.02457e-15)
(-9.85453e-05 0.000207359 -1.89168e-16)
(-8.53164e-05 0.000185894 -1.44331e-15)
(-7.38891e-05 0.000166619 8.80392e-16)
(-6.41632e-05 0.000149232 8.80574e-16)
(-5.57448e-05 0.000133712 1.41203e-15)
(-4.85813e-05 0.000119774 -3.25467e-15)
(-4.23651e-05 0.00010732 2.13335e-15)
(-3.7074e-05 9.60776e-05 -2.63766e-15)
(-3.24727e-05 8.60062e-05 -1.36697e-16)
(-2.8556e-05 7.68981e-05 2.30037e-15)
(-2.51338e-05 6.87463e-05 2.41279e-15)
(-2.22161e-05 6.1365e-05 -2.59799e-15)
(-1.96543e-05 5.47895e-05 -1.28332e-15)
(-1.74589e-05 4.88339e-05 1.2967e-15)
(-1.55138e-05 4.35435e-05 -1.35364e-15)
(-1.38513e-05 3.87292e-05 1.47431e-16)
(-1.2309e-05 3.45629e-05 1.87521e-15)
(-1.09916e-05 3.07395e-05 -4.04034e-16)
(-9.80274e-06 2.7339e-05 4.42816e-16)
(-8.76035e-06 2.42446e-05 6.25546e-16)
(-7.79443e-06 2.15287e-05 -1.9269e-15)
(-6.94717e-06 1.90812e-05 9.36378e-16)
(-6.14769e-06 1.69459e-05 4.48741e-16)
(-5.45403e-06 1.50395e-05 -1.11699e-15)
(-4.79008e-06 1.33863e-05 -7.93065e-16)
(-4.22583e-06 1.19272e-05 8.67895e-17)
(-3.67359e-06 1.06557e-05 -2.06576e-16)
(-3.21373e-06 9.53153e-06 -3.61007e-16)
(-2.75337e-06 8.53427e-06 6.51159e-16)
(-2.38433e-06 7.64853e-06 -6.80031e-16)
(-1.99724e-06 6.89607e-06 1.20889e-15)
(-1.7148e-06 6.26046e-06 2.60172e-16)
(-1.35812e-06 5.75027e-06 -1.44142e-16)
(-1.11301e-06 5.29962e-06 4.27751e-16)
(-8.30452e-07 4.91244e-06 9.34446e-16)
(-6.7125e-07 4.48981e-06 2.08975e-16)
(-5.31466e-07 4.04658e-06 1.318e-16)
(-4.67988e-07 3.61989e-06 1.87783e-15)
(-4.40639e-07 3.21764e-06 -1.4144e-15)
(-3.77133e-07 2.90364e-06 -7.77813e-16)
(-3.16439e-07 2.62933e-06 -1.48485e-15)
(-2.57263e-07 2.37798e-06 -9.69567e-16)
(-1.8208e-07 2.13751e-06 -2.74757e-15)
(-1.20483e-07 1.8937e-06 -8.19281e-16)
(-7.19871e-08 1.66726e-06 -2.07358e-16)
(-4.15251e-08 1.46468e-06 6.6979e-16)
(-7.60899e-08 1.28242e-06 5.13568e-16)
(-1.02115e-07 1.13723e-06 -9.12844e-16)
(-1.11109e-07 1.01581e-06 -2.93811e-16)
(-1.13817e-07 8.97793e-07 8.62371e-16)
(-1.22786e-07 7.67139e-07 -3.37766e-16)
(-1.22645e-07 6.38408e-07 -5.07709e-16)
(-1.19366e-07 5.32429e-07 7.98411e-16)
(-1.06744e-07 4.61702e-07 5.88638e-17)
(-5.25153e-08 4.39641e-07 -5.37256e-16)
(-6.68792e-08 3.69316e-07 1.16849e-15)
(-9.16477e-08 2.8756e-07 -2.37686e-16)
(-1.21156e-07 2.09362e-07 -1.5325e-16)
(9.11068e-08 3.34358e-07 4.13602e-16)
(-0.00168749 -0.00103474 -1.25418e-16)
(-0.000700219 -0.00092709 -7.03002e-17)
(-0.000698833 -0.000849322 -8.54032e-17)
(-0.000678563 -0.000705675 1.09608e-16)
(-0.000667958 -0.000576073 -2.41341e-16)
(-0.000691603 -0.000519786 -1.69509e-16)
(-0.00062981 -0.000497434 1.61945e-17)
(-0.000597063 -0.000403008 -2.08807e-16)
(-0.000561151 -0.000316255 -2.3666e-16)
(-0.000522845 -0.000253606 1.07822e-16)
(-0.000485377 -0.000195647 -2.45492e-16)
(-0.000448522 -0.000144275 -2.05175e-16)
(-0.000412709 -9.91998e-05 1.78261e-16)
(-0.000378169 -6.05126e-05 3.57747e-16)
(-0.000345124 -2.76202e-05 -1.90616e-16)
(-0.000313723 -4.14058e-07 1.89431e-16)
(-0.00028411 2.19136e-05 9.73219e-17)
(-0.00025635 3.94794e-05 -1.28017e-17)
(-0.000230519 5.30568e-05 -3.79873e-17)
(-0.000206611 6.30653e-05 1.52374e-16)
(-0.000184628 7.01509e-05 7.16398e-16)
(-0.000164506 7.47504e-05 -3.43109e-17)
(-0.000146214 7.72044e-05 2.03551e-16)
(-0.00012965 7.80475e-05 8.66943e-17)
(-0.000114736 7.75312e-05 -1.12868e-16)
(-0.000101349 7.59897e-05 -1.89417e-16)
(-8.94087e-05 7.35765e-05 -4.93161e-16)
(-7.87764e-05 7.05516e-05 -8.84392e-18)
(-6.93659e-05 6.7042e-05 1.30339e-18)
(-6.10433e-05 6.32264e-05 1.85337e-16)
(-5.37263e-05 5.92028e-05 2.37433e-16)
(-4.72908e-05 5.5117e-05 -1.10044e-15)
(-4.16511e-05 5.10303e-05 -1.24156e-15)
(-3.67082e-05 4.70426e-05 -6.14912e-16)
(-3.23781e-05 4.31738e-05 2.37204e-16)
(-2.85895e-05 3.95083e-05 6.74068e-16)
(-2.52733e-05 3.59885e-05 1.85399e-18)
(-2.23713e-05 3.27282e-05 1.51627e-16)
(-1.97891e-05 2.96646e-05 4.91896e-16)
(-1.75275e-05 2.68573e-05 5.03398e-16)
(-1.55063e-05 2.4227e-05 4.43897e-17)
(-1.3739e-05 2.18645e-05 -2.36037e-16)
(-1.21441e-05 1.96796e-05 -1.62165e-16)
(-1.07507e-05 1.77431e-05 -7.96145e-16)
(-9.48555e-06 1.59795e-05 -1.40169e-15)
(-8.38343e-06 1.44313e-05 -6.92566e-16)
(-7.38249e-06 1.3038e-05 -2.66298e-16)
(-6.50967e-06 1.18126e-05 9.38565e-16)
(-5.72059e-06 1.07125e-05 1.38104e-15)
(-5.03002e-06 9.73165e-06 -3.26995e-17)
(-4.41921e-06 8.84219e-06 4.27576e-16)
(-3.8819e-06 8.05389e-06 -1.54517e-15)
(-3.39077e-06 7.379e-06 -1.20156e-15)
(-2.93497e-06 6.80911e-06 1.63415e-16)
(-2.48045e-06 6.35014e-06 -8.58537e-16)
(-2.09175e-06 5.92762e-06 -2.68481e-16)
(-1.71805e-06 5.53038e-06 -3.01898e-16)
(-1.45555e-06 5.0943e-06 6.05262e-16)
(-1.25946e-06 4.64371e-06 2.97677e-15)
(-1.12555e-06 4.20277e-06 5.485e-16)
(-1.01741e-06 3.79937e-06 3.30923e-15)
(-9.05609e-07 3.47164e-06 1.40988e-16)
(-7.80654e-07 3.17891e-06 3.43953e-16)
(-6.65877e-07 2.88767e-06 -1.47835e-15)
(-5.5872e-07 2.60387e-06 -2.43398e-16)
(-4.7086e-07 2.33556e-06 8.26617e-16)
(-4.05632e-07 2.09141e-06 -3.29699e-16)
(-3.79978e-07 1.88977e-06 6.27223e-16)
(-3.7505e-07 1.73064e-06 -2.15463e-16)
(-3.63056e-07 1.58285e-06 -6.75791e-16)
(-3.38526e-07 1.43808e-06 -9.31611e-16)
(-3.02029e-07 1.27032e-06 4.86598e-16)
(-2.63983e-07 1.08482e-06 1.62725e-15)
(-2.4034e-07 9.18648e-07 -1.57745e-15)
(-2.20069e-07 7.91205e-07 5.89786e-17)
(-1.26202e-07 7.51378e-07 -1.02051e-16)
(-1.38591e-07 6.97798e-07 -2.62294e-15)
(-1.58167e-07 6.61256e-07 2.06788e-15)
(-1.49768e-07 5.97007e-07 -2.08183e-17)
(3.46532e-08 7.17739e-07 -3.54632e-15)
(-0.000525237 -0.00028 2.70513e-17)
(-0.000298436 -0.000246166 -3.34757e-17)
(-0.000227833 -0.000246464 2.89633e-18)
(-0.000151934 -0.000199517 -6.76625e-17)
(-0.000157882 -0.00018719 2.68817e-17)
(-0.000166007 -0.000198261 1.93498e-17)
(-0.000175928 -0.000194947 -1.76142e-17)
(-0.000188939 -0.000196387 -1.54374e-17)
(-0.000196953 -0.000187138 -1.57896e-16)
(-0.000202328 -0.000178927 -7.8499e-18)
(-0.00020592 -0.000168368 1.3725e-16)
(-0.000207563 -0.000156101 -1.08978e-17)
(-0.000207284 -0.000142247 5.45837e-17)
(-0.000205214 -0.000127765 -1.59493e-17)
(-0.000201434 -0.000112611 -3.62449e-19)
(-0.000196147 -9.75297e-05 -1.82608e-16)
(-0.00018951 -8.24283e-05 -3.47e-16)
(-0.000181759 -6.79438e-05 -3.55224e-16)
(-0.00017307 -5.41448e-05 1.6675e-16)
(-0.000163697 -4.12731e-05 -2.76225e-17)
(-0.000153801 -2.94208e-05 5.20255e-16)
(-0.000143608 -1.85376e-05 -1.31798e-16)
(-0.000133259 -8.86783e-06 -3.68049e-16)
(-0.000122977 -3.05564e-07 2.92327e-16)
(-0.000112848 6.99299e-06 -5.09573e-17)
(-0.00010304 1.31848e-05 5.96139e-18)
(-9.36093e-05 1.82067e-05 -1.22718e-16)
(-8.46963e-05 2.21867e-05 -2.48838e-17)
(-7.63055e-05 2.50956e-05 4.52332e-17)
(-6.85232e-05 2.71058e-05 9.61547e-17)
(-6.13282e-05 2.82645e-05 4.51164e-16)
(-5.47582e-05 2.87514e-05 5.01556e-17)
(-4.87672e-05 2.86425e-05 3.2147e-16)
(-4.33566e-05 2.81022e-05 -2.00877e-16)
(-3.84725e-05 2.71798e-05 8.136e-18)
(-3.40957e-05 2.6025e-05 7.7893e-17)
(-3.01827e-05 2.46373e-05 -5.12883e-16)
(-2.66911e-05 2.31753e-05 -1.94809e-16)
(-2.35635e-05 2.16188e-05 4.20336e-16)
(-2.07886e-05 2.00806e-05 -7.0653e-17)
(-1.83177e-05 1.85177e-05 -1.78462e-16)
(-1.61363e-05 1.70445e-05 4.92077e-16)
(-1.41935e-05 1.56082e-05 6.30315e-16)
(-1.24866e-05 1.43031e-05 7.65247e-16)
(-1.09666e-05 1.30686e-05 4.0874e-16)
(-9.63877e-06 1.19706e-05 1.88719e-16)
(-8.45692e-06 1.09534e-05 9.26122e-16)
(-7.4271e-06 1.00523e-05 -1.86337e-16)
(-6.5131e-06 9.22224e-06 -1.83818e-16)
(-5.72091e-06 8.47402e-06 -1.60865e-15)
(-5.02529e-06 7.78453e-06 2.98976e-16)
(-4.42729e-06 7.14031e-06 1.84172e-15)
(-3.89032e-06 6.58602e-06 -1.68113e-15)
(-3.39851e-06 6.08721e-06 -2.64767e-16)
(-2.9342e-06 5.68553e-06 2.50059e-16)
(-2.47677e-06 5.3538e-06 -7.89675e-16)
(-2.0642e-06 5.03234e-06 2.91539e-16)
(-1.69719e-06 4.72563e-06 -1.46664e-15)
(-1.43671e-06 4.37206e-06 -1.69825e-15)
(-1.24896e-06 3.99499e-06 -1.53519e-16)
(-1.09624e-06 3.63668e-06 -1.69807e-15)
(-9.53931e-07 3.31472e-06 4.94808e-17)
(-8.23655e-07 3.03215e-06 -3.89779e-16)
(-6.93823e-07 2.76657e-06 3.97927e-15)
(-5.8386e-07 2.50014e-06 6.34464e-16)
(-5.03412e-07 2.24993e-06 -8.29912e-17)
(-4.33037e-07 2.02643e-06 5.68449e-16)
(-3.95231e-07 1.84272e-06 -3.03857e-16)
(-3.74666e-07 1.69311e-06 7.13127e-16)
(-3.53281e-07 1.54766e-06 2.04475e-15)
(-3.27025e-07 1.39624e-06 1.64684e-15)
(-2.89751e-07 1.22674e-06 1.23137e-15)
(-2.54691e-07 1.04924e-06 4.16477e-16)
(-2.40985e-07 8.90878e-07 4.68263e-17)
(-2.31764e-07 7.47181e-07 -2.15141e-18)
(-1.35129e-07 7.16363e-07 5.31754e-16)
(-1.4373e-07 6.98556e-07 -4.11481e-15)
(-1.55022e-07 6.74496e-07 -3.44172e-15)
(-1.2903e-07 5.93321e-07 5.97682e-17)
(-4.17173e-08 6.81387e-07 5.79027e-16)
(-0.000204297 -0.000162434 9.00402e-17)
(0.000203362 -7.88955e-05 4.69753e-17)
(-0.000319414 -0.000144134 -6.59889e-18)
(-3.89562e-05 -0.000183461 -3.38458e-17)
(-7.84559e-05 -0.000132267 -3.38911e-16)
(-8.9448e-05 -0.000134613 -9.01097e-17)
(-9.2697e-05 -0.000136071 1.41105e-16)
(-9.51806e-05 -0.000127658 -1.12344e-17)
(-9.7668e-05 -0.000124817 6.37685e-17)
(-9.99111e-05 -0.000123015 -8.90397e-17)
(-0.000102189 -0.000120266 -3.53526e-16)
(-0.000104282 -0.000116765 -1.29013e-16)
(-0.000106162 -0.000112334 1.72269e-16)
(-0.000107649 -0.000107236 4.0978e-17)
(-0.000108767 -0.000101511 -2.53309e-16)
(-0.000109326 -9.52027e-05 -7.67399e-17)
(-0.000109393 -8.8367e-05 6.15647e-17)
(-0.000108793 -8.11168e-05 2.29536e-16)
(-0.000107647 -7.35919e-05 -2.94312e-17)
(-0.000105815 -6.59113e-05 -1.04552e-16)
(-0.000103436 -5.82072e-05 -4.87481e-17)
(-0.000100413 -5.04448e-05 -1.51226e-16)
(-9.68979e-05 -4.27576e-05 -4.74471e-16)
(-9.28495e-05 -3.52256e-05 -4.86473e-18)
(-8.84312e-05 -2.80149e-05 -2.12185e-16)
(-8.36567e-05 -2.11695e-05 -1.53676e-16)
(-7.86625e-05 -1.48359e-05 1.45376e-16)
(-7.34901e-05 -9.01417e-06 -2.35252e-16)
(-6.82694e-05 -3.90916e-06 -2.31641e-16)
(-6.30574e-05 5.36295e-07 -3.51113e-16)
(-5.79468e-05 4.2218e-06 -4.67733e-16)
(-5.29861e-05 7.24925e-06 3.80748e-16)
(-4.82293e-05 9.57819e-06 2.74156e-16)
(-4.37114e-05 1.13321e-05 -3.37072e-17)
(-3.94604e-05 1.25355e-05 7.79151e-16)
(-3.54923e-05 1.33199e-05 -2.76775e-16)
(-3.18229e-05 1.3672e-05 -1.06444e-15)
(-2.84476e-05 1.37647e-05 2.85764e-16)
(-2.53506e-05 1.35788e-05 -9.34546e-16)
(-2.25385e-05 1.32427e-05 1.22791e-16)
(-1.99901e-05 1.27259e-05 -3.14595e-16)
(-1.77029e-05 1.21596e-05 -4.91561e-16)
(-1.56446e-05 1.15009e-05 -2.25146e-16)
(-1.38171e-05 1.08628e-05 2.97786e-18)
(-1.21807e-05 1.01937e-05 7.94188e-16)
(-1.07408e-05 9.57675e-06 4.96081e-17)
(-9.45516e-06 8.96289e-06 -3.30289e-16)
(-8.33081e-06 8.40404e-06 -4.54782e-16)
(-7.32969e-06 7.86133e-06 -4.79601e-16)
(-6.45955e-06 7.35832e-06 -1.99444e-16)
(-5.69262e-06 6.87008e-06 -2.75706e-16)
(-5.0255e-06 6.4082e-06 -1.7037e-15)
(-4.44635e-06 5.9585e-06 1.84639e-16)
(-3.91194e-06 5.55401e-06 9.72239e-17)
(-3.42921e-06 5.1991e-06 4.05254e-16)
(-2.94599e-06 4.90139e-06 1.68926e-15)
(-2.48042e-06 4.66116e-06 1.612e-15)
(-2.06613e-06 4.43207e-06 1.90661e-16)
(-1.73244e-06 4.19371e-06 -2.1355e-15)
(-1.45971e-06 3.88809e-06 -1.59253e-16)
(-1.25268e-06 3.55588e-06 -2.03079e-15)
(-1.08629e-06 3.26967e-06 2.82582e-16)
(-9.31008e-07 3.00444e-06 1.32741e-15)
(-7.92755e-07 2.74204e-06 -2.61628e-15)
(-6.81146e-07 2.49893e-06 -1.0525e-15)
(-6.00961e-07 2.26043e-06 4.18061e-17)
(-5.22666e-07 2.04301e-06 5.7312e-17)
(-4.63809e-07 1.87221e-06 8.20829e-16)
(-4.16549e-07 1.73048e-06 -1.97619e-16)
(-3.87433e-07 1.58332e-06 -5.18771e-16)
(-3.57505e-07 1.4307e-06 -4.00879e-16)
(-3.16832e-07 1.25785e-06 -1.62398e-15)
(-2.81362e-07 1.08103e-06 7.74925e-17)
(-2.68076e-07 9.23063e-07 8.55856e-16)
(-2.36269e-07 7.67306e-07 -2.30722e-18)
(-1.84952e-07 7.30976e-07 7.87103e-17)
(-1.63919e-07 7.43333e-07 1.53816e-16)
(-1.53084e-07 7.31716e-07 1.06211e-15)
(-1.14036e-07 6.36584e-07 -2.34898e-16)
(-7.9174e-08 7.02161e-07 2.95405e-16)
(-0.00161068 -0.000332581 4.73034e-17)
(0.00144431 0.000421263 -2.05465e-17)
(-0.000885123 6.54912e-05 1.01699e-17)
(0.000532905 -0.000499941 -1.82987e-17)
(-1.14536e-05 -0.000102754 1.21733e-16)
(-4.54437e-05 -7.75443e-05 -1.7653e-16)
(-4.78174e-05 -7.54261e-05 -1.16957e-16)
(-4.86052e-05 -7.24409e-05 1.29174e-16)
(-4.93499e-05 -7.05474e-05 9.65108e-17)
(-5.02121e-05 -6.997e-05 2.98727e-17)
(-5.13122e-05 -6.94187e-05 -7.58214e-17)
(-5.25076e-05 -6.91291e-05 -1.95246e-16)
(-5.38699e-05 -6.8688e-05 8.90789e-17)
(-5.52146e-05 -6.81804e-05 9.10004e-17)
(-5.66322e-05 -6.72096e-05 8.40447e-17)
(-5.7937e-05 -6.61108e-05 8.54312e-17)
(-5.92104e-05 -6.45025e-05 8.5149e-17)
(-6.02517e-05 -6.26068e-05 1.15808e-16)
(-6.11604e-05 -6.01052e-05 3.66703e-16)
(-6.17509e-05 -5.7336e-05 -2.21438e-16)
(-6.21311e-05 -5.40949e-05 -3.32415e-16)
(-6.21259e-05 -5.05316e-05 3.46469e-16)
(-6.1842e-05 -4.64991e-05 1.25688e-16)
(-6.11299e-05 -4.22142e-05 -2.76873e-16)
(-6.01062e-05 -3.76068e-05 -1.29269e-16)
(-5.86663e-05 -3.28884e-05 6.35169e-17)
(-5.69293e-05 -2.81372e-05 -4.35096e-16)
(-5.48265e-05 -2.3444e-05 -1.42353e-16)
(-5.24799e-05 -1.88864e-05 -1.30199e-16)
(-4.98698e-05 -1.46103e-05 1.20467e-16)
(-4.7109e-05 -1.07019e-05 -2.22414e-16)
(-4.41975e-05 -7.19711e-06 5.64887e-18)
(-4.12368e-05 -4.13483e-06 3.57715e-16)
(-3.82362e-05 -1.4807e-06 5.03674e-17)
(-3.52758e-05 7.30899e-07 -9.01627e-17)
(-3.2362e-05 2.57566e-06 -3.67775e-17)
(-2.95597e-05 4.01816e-06 1.44023e-16)
(-2.68692e-05 5.16016e-06 1.35745e-16)
(-2.43224e-05 5.97834e-06 1.05493e-16)
(-2.19281e-05 6.58603e-06 -2.35951e-17)
(-1.97022e-05 6.93755e-06 3.39132e-16)
(-1.76489e-05 7.15269e-06 4.75001e-16)
(-1.57656e-05 7.20052e-06 -5.60507e-16)
(-1.40565e-05 7.18229e-06 -2.4238e-16)
(-1.25042e-05 7.05904e-06 5.34258e-16)
(-1.11151e-05 6.9158e-06 1.23331e-16)
(-9.86077e-06 6.71083e-06 2.84739e-16)
(-8.74844e-06 6.50553e-06 -2.06422e-16)
(-7.74891e-06 6.26157e-06 5.54338e-17)
(-6.86929e-06 6.01971e-06 4.32976e-16)
(-6.08322e-06 5.75086e-06 -3.36872e-16)
(-5.39451e-06 5.47195e-06 -1.45716e-15)
(-4.77904e-06 5.18133e-06 7.34976e-16)
(-4.23992e-06 4.87068e-06 2.70271e-16)
(-3.73386e-06 4.5935e-06 -7.69562e-16)
(-3.25609e-06 4.33785e-06 -5.55086e-16)
(-2.78196e-06 4.14576e-06 2.71746e-16)
(-2.35327e-06 4.01942e-06 5.04474e-17)
(-1.95809e-06 3.84966e-06 3.93602e-16)
(-1.62678e-06 3.63002e-06 -4.58524e-17)
(-1.37287e-06 3.39464e-06 1.69269e-16)
(-1.16462e-06 3.1376e-06 -7.86984e-17)
(-1.00237e-06 2.89209e-06 1.0212e-15)
(-8.61452e-07 2.66767e-06 -8.42093e-16)
(-7.44231e-07 2.44614e-06 -6.18681e-16)
(-6.51689e-07 2.22243e-06 1.35902e-17)
(-5.78607e-07 2.00713e-06 -3.16232e-16)
(-5.06273e-07 1.83644e-06 1.27775e-16)
(-4.48643e-07 1.71076e-06 -1.25126e-17)
(-4.06497e-07 1.58262e-06 -4.168e-16)
(-3.71426e-07 1.42547e-06 7.73951e-17)
(-3.31668e-07 1.25086e-06 -1.69672e-15)
(-2.96072e-07 1.08239e-06 -4.74041e-17)
(-2.70938e-07 9.24584e-07 3.18138e-16)
(-2.4046e-07 7.67595e-07 -4.57413e-17)
(-2.19857e-07 7.33345e-07 6.13795e-17)
(-1.79094e-07 7.56617e-07 1.13566e-15)
(-1.43455e-07 7.47805e-07 -1.05574e-15)
(-0.000106664 -0.000173014 -5.13781e-18)
(2.11983e-06 -0.000169925 -1.1646e-17)
(-1.57735e-05 -4.44003e-05 8.38324e-18)
(-0.000111435 -3.65973e-05 1.25056e-17)
(-2.09534e-05 -8.60851e-05 3.40771e-18)
(-2.25853e-05 -7.77855e-05 1.42946e-16)
(-2.39671e-05 -7.38271e-05 -1.54358e-16)
(-2.47564e-05 -7.03992e-05 4.56306e-18)
(-2.5366e-05 -6.7591e-05 9.19805e-17)
(-2.59462e-05 -6.52505e-05 -1.75356e-18)
(-2.65031e-05 -6.28707e-05 8.48433e-17)
(-2.70868e-05 -6.08279e-05 4.82555e-17)
(-2.77109e-05 -5.89059e-05 -1.82874e-17)
(-2.83984e-05 -5.72103e-05 1.96276e-17)
(-2.91471e-05 -5.53923e-05 1.35511e-18)
(-2.99516e-05 -5.37393e-05 7.43834e-17)
(-3.08221e-05 -5.20754e-05 1.99498e-17)
(-3.17161e-05 -5.04863e-05 1.27945e-16)
(-3.26461e-05 -4.86935e-05 -6.39487e-17)
(-3.35346e-05 -4.69002e-05 3.82016e-18)
(-3.44168e-05 -4.4934e-05 -4.47005e-16)
(-3.51953e-05 -4.29397e-05 -9.43167e-17)
(-3.58988e-05 -4.06781e-05 2.78551e-16)
(-3.64135e-05 -3.82833e-05 -2.34785e-16)
(-3.67869e-05 -3.56201e-05 5.67015e-17)
(-3.69078e-05 -3.27948e-05 1.85224e-16)
(-3.68397e-05 -2.97475e-05 4.95957e-17)
(-3.64982e-05 -2.66215e-05 4.85649e-17)
(-3.59472e-05 -2.33867e-05 2.18326e-16)
(-3.51207e-05 -2.01672e-05 1.4454e-16)
(-3.41058e-05 -1.70359e-05 6.1895e-16)
(-3.28695e-05 -1.40402e-05 -2.20642e-16)
(-3.14886e-05 -1.12399e-05 -1.67316e-16)
(-2.99485e-05 -8.67616e-06 1.34895e-16)
(-2.83182e-05 -6.3744e-06 -8.33491e-17)
(-2.65932e-05 -4.3222e-06 1.79497e-16)
(-2.48412e-05 -2.56152e-06 3.04003e-17)
(-2.30612e-05 -1.02226e-06 -4.35291e-16)
(-2.13022e-05 2.55938e-07 7.56329e-17)
(-1.95714e-05 1.34181e-06 1.43369e-16)
(-1.7906e-05 2.19769e-06 8.25934e-17)
(-1.63117e-05 2.91421e-06 -8.44059e-16)
(-1.48076e-05 3.44635e-06 2.28192e-17)
(-1.34006e-05 3.88248e-06 -3.48055e-16)
(-1.20927e-05 4.18237e-06 -1.45774e-16)
(-1.08909e-05 4.42155e-06 5.21554e-17)
(-9.78248e-06 4.55841e-06 4.22616e-16)
(-8.77749e-06 4.65446e-06 3.63262e-16)
(-7.85601e-06 4.67663e-06 5.11184e-16)
(-7.02906e-06 4.6645e-06 1.7935e-15)
(-6.27483e-06 4.59593e-06 -3.85481e-16)
(-5.60114e-06 4.49492e-06 8.83481e-16)
(-4.99056e-06 4.34499e-06 1.38356e-15)
(-4.44252e-06 4.16278e-06 5.08642e-17)
(-3.94992e-06 3.95283e-06 9.34153e-16)
(-3.47496e-06 3.7554e-06 2.8406e-16)
(-3.03367e-06 3.62403e-06 -1.07459e-15)
(-2.60585e-06 3.53026e-06 2.42029e-17)
(-2.18417e-06 3.44696e-06 -1.7766e-16)
(-1.82336e-06 3.32198e-06 2.95947e-16)
(-1.49783e-06 3.14464e-06 9.0476e-16)
(-1.26823e-06 2.9673e-06 -9.8946e-17)
(-1.07335e-06 2.77923e-06 -2.14271e-15)
(-9.2648e-07 2.56397e-06 2.8823e-15)
(-7.92772e-07 2.3691e-06 1.39273e-15)
(-6.94487e-07 2.17259e-06 4.05113e-17)
(-6.24472e-07 1.96583e-06 -3.63744e-16)
(-5.47741e-07 1.79834e-06 -1.4963e-15)
(-4.93885e-07 1.67742e-06 2.96477e-16)
(-4.37554e-07 1.55498e-06 2.23503e-16)
(-3.93154e-07 1.40972e-06 1.33142e-16)
(-3.55845e-07 1.23758e-06 2.86572e-15)
(-3.12614e-07 1.07139e-06 -1.8572e-15)
(-2.77888e-07 9.21919e-07 -6.39283e-16)
(-2.53034e-07 7.67967e-07 -4.39798e-17)
(-2.41146e-07 7.2515e-07 -6.0248e-16)
(-6.00834e-06 -9.10399e-05 -1.169e-16)
(3.9325e-05 -6.13897e-05 -7.68895e-17)
(-6.29681e-06 -6.21751e-05 -1.35883e-18)
(2.19472e-05 -7.325e-05 7.75643e-18)
(9.74687e-06 -6.07392e-05 -2.33479e-17)
(4.62894e-06 -5.69871e-05 3.14217e-17)
(2.07947e-06 -5.44468e-05 9.67218e-17)
(7.91179e-08 -5.20607e-05 -8.23426e-17)
(-1.72883e-06 -4.99583e-05 -7.33575e-17)
(-3.40767e-06 -4.8091e-05 -2.11883e-17)
(-4.95293e-06 -4.63513e-05 -4.17622e-17)
(-6.38615e-06 -4.48295e-05 3.11474e-17)
(-7.7271e-06 -4.33624e-05 -9.38542e-17)
(-9.0004e-06 -4.20868e-05 -1.26506e-16)
(-1.02171e-05 -4.08464e-05 1.63111e-17)
(-1.13808e-05 -3.97247e-05 4.7903e-18)
(-1.25145e-05 -3.85615e-05 -3.30522e-17)
(-1.36191e-05 -3.75469e-05 -1.7658e-16)
(-1.47113e-05 -3.64737e-05 -1.13795e-16)
(-1.57647e-05 -3.54714e-05 1.21056e-16)
(-1.68064e-05 -3.43221e-05 2.97632e-16)
(-1.78008e-05 -3.32388e-05 -1.6105e-16)
(-1.87739e-05 -3.20509e-05 7.08569e-17)
(-1.96629e-05 -3.08027e-05 4.94412e-17)
(-2.04974e-05 -2.93351e-05 -7.02579e-17)
(-2.12052e-05 -2.77836e-05 -4.57015e-17)
(-2.18157e-05 -2.59822e-05 1.40467e-16)
(-2.22559e-05 -2.40986e-05 -3.94515e-17)
(-2.25678e-05 -2.20663e-05 -1.04383e-16)
(-2.26818e-05 -1.99941e-05 -2.37121e-16)
(-2.26471e-05 -1.78103e-05 -3.31676e-16)
(-2.24206e-05 -1.56839e-05 2.24749e-17)
(-2.20537e-05 -1.35864e-05 -2.38893e-16)
(-2.1514e-05 -1.15783e-05 -3.51616e-16)
(-2.08602e-05 -9.68471e-06 -7.32024e-18)
(-2.00716e-05 -7.90199e-06 -3.71896e-17)
(-1.9207e-05 -6.26349e-06 9.91808e-18)
(-1.82532e-05 -4.75505e-06 1.43615e-16)
(-1.72568e-05 -3.4098e-06 2.12965e-16)
(-1.62135e-05 -2.18414e-06 -2.01991e-16)
(-1.51628e-05 -1.13218e-06 -2.87296e-16)
(-1.41056e-05 -1.95022e-07 2.43524e-16)
(-1.30683e-05 5.87697e-07 3.10255e-16)
(-1.20557e-05 1.27638e-06 1.07014e-16)
(-1.10811e-05 1.8321e-06 -1.48905e-17)
(-1.01514e-05 2.3132e-06 -1.79169e-17)
(-9.26675e-06 2.68285e-06 -3.64881e-16)
(-8.43788e-06 2.99403e-06 -8.63925e-17)
(-7.65679e-06 3.2122e-06 -2.46936e-16)
(-6.93494e-06 3.38399e-06 -1.10264e-15)
(-6.25934e-06 3.47759e-06 -4.33582e-16)
(-5.6417e-06 3.52108e-06 6.02728e-16)
(-5.06904e-06 3.50063e-06 -1.19112e-15)
(-4.55103e-06 3.42729e-06 -5.98603e-17)
(-4.07876e-06 3.31259e-06 1.44552e-16)
(-3.64695e-06 3.17709e-06 -9.03632e-16)
(-3.24829e-06 3.08638e-06 -2.52458e-16)
(-2.84111e-06 3.03588e-06 1.92999e-16)
(-2.44377e-06 2.98309e-06 1.06351e-15)
(-2.03217e-06 2.91332e-06 -2.57025e-16)
(-1.69194e-06 2.84835e-06 1.80765e-15)
(-1.40027e-06 2.74598e-06 -9.70946e-17)
(-1.1908e-06 2.59477e-06 1.27473e-16)
(-1.00519e-06 2.44404e-06 -5.61078e-16)
(-8.68509e-07 2.27428e-06 -2.43522e-16)
(-7.63052e-07 2.10674e-06 -3.74717e-17)
(-6.77315e-07 1.90705e-06 5.96986e-17)
(-6.01903e-07 1.73791e-06 1.62677e-16)
(-5.32207e-07 1.62905e-06 -9.56987e-16)
(-4.76089e-07 1.51605e-06 1.50594e-16)
(-4.2342e-07 1.37721e-06 -1.64531e-16)
(-3.79342e-07 1.20725e-06 2.40492e-16)
(-3.29255e-07 1.04792e-06 1.42937e-16)
(-2.83909e-07 9.01843e-07 1.14937e-15)
(3.03471e-05 -6.83777e-05 6.83545e-17)
(3.24758e-05 -6.01452e-05 -1.00672e-17)
(2.04752e-05 -5.14931e-05 -1.52964e-17)
(1.92691e-05 -5.01035e-05 1.92792e-17)
(1.94231e-05 -4.75887e-05 -8.61466e-17)
(1.65617e-05 -4.43657e-05 -3.47227e-17)
(1.41295e-05 -4.19875e-05 1.03684e-16)
(1.1931e-05 -3.99648e-05 -9.17065e-18)
(9.89171e-06 -3.80765e-05 -5.04139e-17)
(7.97716e-06 -3.64421e-05 1.40707e-18)
(6.21743e-06 -3.49861e-05 -2.66277e-17)
(4.56879e-06 -3.37659e-05 -1.45504e-17)
(3.05631e-06 -3.25887e-05 8.77895e-17)
(1.63165e-06 -3.15541e-05 -1.14222e-18)
(3.16293e-07 -3.05854e-05 -9.5449e-18)
(-9.36756e-07 -2.97367e-05 -5.42771e-19)
(-2.10199e-06 -2.88496e-05 1.30963e-17)
(-3.22192e-06 -2.80495e-05 -7.56084e-17)
(-4.28215e-06 -2.72615e-05 -9.69443e-17)
(-5.31395e-06 -2.65535e-05 -3.55267e-17)
(-6.30227e-06 -2.5772e-05 3.13336e-16)
(-7.26208e-06 -2.50346e-05 2.15559e-17)
(-8.19229e-06 -2.42625e-05 -2.24593e-16)
(-9.09664e-06 -2.35452e-05 1.52456e-17)
(-9.96512e-06 -2.27045e-05 7.01473e-18)
(-1.07784e-05 -2.18583e-05 -1.10747e-16)
(-1.15409e-05 -2.08827e-05 1.46888e-16)
(-1.22163e-05 -1.98497e-05 1.25038e-17)
(-1.28218e-05 -1.86513e-05 -1.3562e-16)
(-1.33193e-05 -1.74088e-05 1.38708e-16)
(-1.37292e-05 -1.60434e-05 1.26903e-16)
(-1.40064e-05 -1.46251e-05 5.92413e-17)
(-1.41924e-05 -1.3164e-05 -3.87985e-16)
(-1.42512e-05 -1.17208e-05 2.4809e-16)
(-1.42216e-05 -1.02715e-05 -1.58987e-17)
(-1.40737e-05 -8.87479e-06 9.86645e-18)
(-1.38481e-05 -7.54447e-06 -1.50368e-17)
(-1.35201e-05 -6.27447e-06 -1.03252e-16)
(-1.31274e-05 -5.09473e-06 1.06985e-16)
(-1.26543e-05 -3.99417e-06 6.8179e-17)
(-1.21369e-05 -2.9953e-06 -9.0787e-17)
(-1.15648e-05 -2.06726e-06 -7.13918e-17)
(-1.09692e-05 -1.25061e-06 9.82846e-17)
(-1.03461e-05 -4.98364e-07 2.10421e-16)
(-9.71522e-06 1.46196e-07 4.783e-17)
(-9.07833e-06 7.3057e-07 5.06828e-17)
(-8.44543e-06 1.21301e-06 -4.2321e-16)
(-7.82462e-06 1.64068e-06 -6.31949e-17)
(-7.21565e-06 1.97909e-06 -6.21936e-17)
(-6.63123e-06 2.26323e-06 -7.85022e-16)
(-6.06496e-06 2.4688e-06 -2.69088e-16)
(-5.5334e-06 2.62304e-06 6.21972e-16)
(-5.02906e-06 2.70202e-06 -3.75928e-16)
(-4.56624e-06 2.73136e-06 -2.33377e-16)
(-4.14212e-06 2.69781e-06 -1.71585e-16)
(-3.75846e-06 2.6432e-06 7.2639e-17)
(-3.40862e-06 2.58677e-06 -1.99839e-16)
(-3.04938e-06 2.53774e-06 -1.56191e-16)
(-2.66515e-06 2.49765e-06 6.16725e-16)
(-2.26748e-06 2.48501e-06 1.19786e-17)
(-1.91224e-06 2.46683e-06 -1.26855e-15)
(-1.60341e-06 2.45296e-06 2.90347e-16)
(-1.3473e-06 2.3946e-06 7.28676e-16)
(-1.1332e-06 2.26738e-06 -8.72046e-17)
(-9.6638e-07 2.15479e-06 -8.76702e-17)
(-8.37088e-07 2.0095e-06 1.18142e-16)
(-7.33309e-07 1.82719e-06 2.21348e-16)
(-6.44168e-07 1.65874e-06 3.26059e-16)
(-5.70995e-07 1.55791e-06 -1.38142e-15)
(-5.02744e-07 1.46105e-06 -7.41377e-16)
(-4.42482e-07 1.32274e-06 2.30477e-16)
(3.08388e-05 -4.78781e-05 3.2345e-17)
(3.08581e-05 -4.54848e-05 3.60297e-17)
(2.65026e-05 -4.20904e-05 -3.07777e-18)
(2.66362e-05 -4.04095e-05 -9.80776e-18)
(2.45703e-05 -3.78825e-05 7.65683e-17)
(2.23452e-05 -3.59364e-05 -3.05727e-17)
(2.03767e-05 -3.42547e-05 -4.15035e-17)
(1.8473e-05 -3.26465e-05 5.70947e-17)
(1.66237e-05 -3.10737e-05 5.49463e-17)
(1.48325e-05 -2.96166e-05 1.6166e-17)
(1.31276e-05 -2.82924e-05 3.30942e-17)
(1.14944e-05 -2.71098e-05 -8.93031e-19)
(9.95324e-06 -2.60143e-05 3.2085e-18)
(8.48742e-06 -2.50056e-05 6.85818e-17)
(7.11189e-06 -2.40517e-05 -1.66392e-17)
(5.80225e-06 -2.32009e-05 2.9532e-17)
(4.5759e-06 -2.24076e-05 3.8449e-17)
(3.4106e-06 -2.16779e-05 1.35258e-16)
(2.316e-06 -2.0958e-05 1.0688e-16)
(1.26696e-06 -2.03138e-05 -1.28147e-16)
(2.74052e-07 -1.96924e-05 -2.34626e-16)
(-6.78877e-07 -1.91149e-05 1.9526e-16)
(-1.5874e-06 -1.85038e-05 -1.4011e-17)
(-2.46698e-06 -1.79481e-05 -4.8852e-17)
(-3.31632e-06 -1.73934e-05 5.17104e-17)
(-4.13171e-06 -1.6843e-05 3.12666e-17)
(-4.91553e-06 -1.62052e-05 -1.39291e-16)
(-5.65693e-06 -1.55557e-05 4.64015e-17)
(-6.35908e-06 -1.47899e-05 1.39571e-16)
(-6.9963e-06 -1.4001e-05 -2.71467e-17)
(-7.58576e-06 -1.31235e-05 3.3945e-16)
(-8.09495e-06 -1.22393e-05 -3.23673e-17)
(-8.54542e-06 -1.12517e-05 2.4029e-16)
(-8.9052e-06 -1.0264e-05 7.15538e-17)
(-9.20433e-06 -9.26145e-06 -2.62148e-17)
(-9.40631e-06 -8.27159e-06 2.12306e-17)
(-9.5497e-06 -7.29649e-06 2.8478e-16)
(-9.60186e-06 -6.34809e-06 -4.71029e-17)
(-9.59707e-06 -5.43387e-06 -3.98618e-16)
(-9.50858e-06 -4.54255e-06 6.39217e-17)
(-9.36938e-06 -3.71042e-06 3.17547e-16)
(-9.15989e-06 -2.91534e-06 3.69953e-17)
(-8.90825e-06 -2.18445e-06 -4.72093e-16)
(-8.60296e-06 -1.49625e-06 -4.7552e-16)
(-8.26388e-06 -8.80887e-07 -2.32783e-16)
(-7.88749e-06 -3.10482e-07 1.19262e-16)
(-7.48656e-06 1.8498e-07 2.44846e-16)
(-7.06529e-06 6.3584e-07 -9.87431e-17)
(-6.62998e-06 1.01248e-06 1.73816e-16)
(-6.19006e-06 1.35066e-06 7.90755e-16)
(-5.74744e-06 1.61692e-06 1.36662e-15)
(-5.3164e-06 1.83865e-06 -1.57598e-15)
(-4.89356e-06 1.99315e-06 1.27202e-15)
(-4.4959e-06 2.09682e-06 2.73041e-17)
(-4.12061e-06 2.14538e-06 -2.75572e-16)
(-3.78882e-06 2.15216e-06 7.31271e-16)
(-3.46693e-06 2.13588e-06 5.75357e-16)
(-3.15216e-06 2.08249e-06 1.91275e-17)
(-2.79219e-06 2.03442e-06 -1.68521e-15)
(-2.4619e-06 2.02702e-06 3.52439e-16)
(-2.08803e-06 2.09495e-06 -3.93566e-16)
(-1.77446e-06 2.12111e-06 1.49946e-17)
(-1.47591e-06 2.09866e-06 5.88733e-16)
(-1.2487e-06 2.05975e-06 1.43074e-16)
(-1.0569e-06 1.98823e-06 -3.50266e-16)
(-9.09892e-07 1.87413e-06 7.89151e-16)
(1.885e-05 -3.06697e-05 1.01107e-18)
(2.21923e-05 -3.01811e-05 -6.15586e-18)
(2.18692e-05 -2.81657e-05 -8.01723e-19)
(2.19585e-05 -2.69648e-05 1.93549e-17)
(2.13355e-05 -2.57041e-05 -6.33223e-17)
(2.04393e-05 -2.46401e-05 2.14193e-17)
(1.94633e-05 -2.36425e-05 1.05189e-17)
(1.83734e-05 -2.26336e-05 -4.70568e-17)
(1.72004e-05 -2.16024e-05 -8.41194e-18)
(1.59771e-05 -2.06619e-05 1.07838e-17)
(1.47323e-05 -1.97757e-05 2.17164e-17)
(1.3482e-05 -1.89841e-05 2.43681e-17)
(1.22475e-05 -1.82277e-05 -4.79501e-17)
(1.10343e-05 -1.75521e-05 -4.30921e-17)
(9.861e-06 -1.68981e-05 9.29362e-18)
(8.72338e-06 -1.63186e-05 3.36568e-17)
(7.63626e-06 -1.57824e-05 -2.52175e-17)
(6.58809e-06 -1.53101e-05 -4.4904e-18)
(5.59213e-06 -1.48338e-05 5.18521e-17)
(4.63491e-06 -1.44043e-05 9.42684e-17)
(3.72392e-06 -1.39874e-05 2.37909e-17)
(2.84265e-06 -1.36172e-05 -1.23776e-16)
(2.00166e-06 -1.32194e-05 1.00351e-16)
(1.18721e-06 -1.2849e-05 1.00099e-16)
(4.01772e-07 -1.24676e-05 -1.80661e-17)
(-3.68482e-07 -1.21355e-05 6.3863e-17)
(-1.11195e-06 -1.17593e-05 -1.06344e-16)
(-1.83086e-06 -1.13954e-05 1.67311e-17)
(-2.52506e-06 -1.09871e-05 -6.56306e-18)
(-3.18215e-06 -1.05597e-05 -5.10175e-17)
(-3.80899e-06 -1.00525e-05 -2.80571e-16)
(-4.3898e-06 -9.508e-06 1.67446e-17)
(-4.93494e-06 -8.9056e-06 1.60445e-16)
(-5.414e-06 -8.28416e-06 -1.00374e-16)
(-5.85161e-06 -7.61529e-06 6.57973e-17)
(-6.22053e-06 -6.94701e-06 -1.09793e-16)
(-6.54437e-06 -6.26142e-06 4.51091e-17)
(-6.7955e-06 -5.58301e-06 2.85879e-17)
(-6.99869e-06 -4.91458e-06 4.06568e-17)
(-7.13057e-06 -4.2673e-06 -9.14858e-17)
(-7.21239e-06 -3.63824e-06 -8.71677e-17)
(-7.22084e-06 -3.02843e-06 2.70917e-17)
(-7.19247e-06 -2.45607e-06 3.48524e-16)
(-7.10368e-06 -1.90224e-06 -1.44564e-16)
(-6.97609e-06 -1.39065e-06 -3.47281e-16)
(-6.79618e-06 -9.01911e-07 -1.52133e-17)
(-6.58068e-06 -4.65364e-07 2.77857e-17)
(-6.32413e-06 -5.21473e-08 -2.97359e-18)
(-6.03974e-06 3.10984e-07 -2.79388e-16)
(-5.72891e-06 6.46104e-07 -4.49773e-17)
(-5.40008e-06 9.30581e-07 -5.77608e-16)
(-5.06123e-06 1.18216e-06 5.93821e-16)
(-4.70992e-06 1.37069e-06 -7.57307e-16)
(-4.3511e-06 1.51315e-06 2.14642e-16)
(-4.01308e-06 1.61724e-06 2.62077e-16)
(-3.70225e-06 1.6837e-06 -2.05405e-16)
(-3.41624e-06 1.69268e-06 -3.73864e-16)
(-3.10921e-06 1.64175e-06 2.42063e-16)
(-2.83438e-06 1.61687e-06 7.95915e-16)
(-2.51348e-06 1.63332e-06 -1.64763e-16)
(-2.22256e-06 1.62408e-06 9.23906e-16)
(5.06552e-06 -1.7431e-05 1.58784e-18)
(8.3457e-06 -1.82653e-05 -2.42845e-18)
(1.01747e-05 -1.70659e-05 4.2618e-18)
(1.15319e-05 -1.66444e-05 -1.26514e-17)
(1.2362e-05 -1.63544e-05 6.00711e-17)
(1.28894e-05 -1.61789e-05 -1.74529e-17)
(1.31411e-05 -1.59733e-05 -1.62158e-17)
(1.31442e-05 -1.56903e-05 3.92137e-17)
(1.29345e-05 -1.53477e-05 4.47996e-18)
(1.25584e-05 -1.50255e-05 -1.20538e-17)
(1.20427e-05 -1.4694e-05 -5.21945e-18)
(1.14241e-05 -1.43527e-05 -1.55028e-17)
(1.07231e-05 -1.39697e-05 4.765e-17)
(9.96776e-06 -1.35799e-05 1.31444e-17)
(9.17364e-06 -1.31685e-05 2.72337e-17)
(8.3607e-06 -1.27501e-05 -1.16132e-17)
(7.53946e-06 -1.23103e-05 5.01521e-17)
(6.72083e-06 -1.18829e-05 -4.48137e-17)
(5.91107e-06 -1.14505e-05 -5.33579e-17)
(5.11951e-06 -1.10297e-05 -9.42308e-17)
(4.34636e-06 -1.05957e-05 1.97e-17)
(3.59454e-06 -1.01916e-05 7.53008e-17)
(2.86266e-06 -9.80178e-06 -1.5485e-16)
(2.15617e-06 -9.43363e-06 2.32441e-19)
(1.46789e-06 -9.0515e-06 -2.76335e-17)
(8.0159e-07 -8.70627e-06 4.76911e-19)
(1.46575e-07 -8.39598e-06 8.26351e-17)
(-4.84668e-07 -8.09982e-06 3.00435e-17)
(-1.10621e-06 -7.78437e-06 6.13737e-17)
(-1.70274e-06 -7.48769e-06 -2.23324e-16)
(-2.28372e-06 -7.14989e-06 -3.65505e-17)
(-2.82792e-06 -6.83863e-06 6.33647e-17)
(-3.3497e-06 -6.48711e-06 -5.27495e-17)
(-3.82257e-06 -6.13747e-06 -2.08463e-16)
(-4.26656e-06 -5.74229e-06 -6.71947e-17)
(-4.6521e-06 -5.34548e-06 1.16747e-16)
(-5.00607e-06 -4.93457e-06 -1.14917e-16)
(-5.2987e-06 -4.5235e-06 -3.3621e-17)
(-5.55453e-06 -4.09578e-06 1.26628e-18)
(-5.7483e-06 -3.65801e-06 -1.78116e-17)
(-5.87928e-06 -3.22131e-06 -1.92078e-17)
(-5.89528e-06 -2.78595e-06 4.45501e-17)
(-5.95153e-06 -2.36365e-06 -9.61318e-17)
(-5.99435e-06 -1.96026e-06 1.44927e-16)
(-5.99617e-06 -1.56933e-06 1.59417e-16)
(-5.94172e-06 -1.19605e-06 2.2563e-16)
(-5.84422e-06 -8.50456e-07 -3.93579e-16)
(-5.69997e-06 -5.1661e-07 -2.75424e-16)
(-5.51567e-06 -2.09616e-07 -9.69703e-17)
(-5.29836e-06 8.96268e-08 -3.80036e-16)
(-5.04743e-06 3.53475e-07 -8.88725e-16)
(-4.784e-06 6.03149e-07 7.77687e-16)
(-4.49597e-06 8.1299e-07 -7.74794e-16)
(-4.14021e-06 9.33034e-07 6.17849e-17)
(-1.29143e-05 4.1341e-09 -2.17352e-17)
(-9.28063e-06 -8.56595e-07 -2.94017e-17)
(-6.26841e-06 -2.86898e-07 -1.16943e-17)
(-3.66021e-06 -4.23315e-07 1.04532e-17)
(-1.45163e-06 -7.73536e-07 -1.1167e-17)
(4.03947e-07 -1.29884e-06 4.71179e-17)
(1.90144e-06 -1.81406e-06 6.12816e-18)
(3.08018e-06 -2.33527e-06 -3.3961e-17)
(3.96283e-06 -2.81988e-06 -1.95459e-18)
(4.58966e-06 -3.33742e-06 3.66864e-17)
(4.98461e-06 -3.80799e-06 -1.17794e-18)
(5.18339e-06 -4.26773e-06 -3.8264e-18)
(5.212e-06 -4.64322e-06 -4.74841e-17)
(5.10041e-06 -4.995e-06 -6.81812e-19)
(4.87403e-06 -5.2684e-06 -7.11782e-17)
(4.55489e-06 -5.51322e-06 -3.587e-17)
(4.16744e-06 -5.67868e-06 -1.69957e-17)
(3.72587e-06 -5.81609e-06 1.59786e-17)
(3.25006e-06 -5.88911e-06 -3.66984e-17)
(2.74892e-06 -5.93689e-06 6.3379e-17)
(2.23947e-06 -5.91752e-06 -9.27531e-17)
(1.72411e-06 -5.8802e-06 -6.27508e-17)
(1.21469e-06 -5.80434e-06 5.21863e-17)
(7.09532e-07 -5.72096e-06 -4.33505e-17)
(2.20247e-07 -5.59262e-06 1.73054e-17)
(-2.57884e-07 -5.46339e-06 -6.12275e-17)
(-7.19446e-07 -5.31513e-06 3.96067e-17)
(-1.17287e-06 -5.19725e-06 5.00687e-18)
(-1.60717e-06 -5.05138e-06 3.62608e-17)
(-2.03014e-06 -4.9348e-06 1.15371e-16)
(-2.43716e-06 -4.81078e-06 -9.17017e-17)
(-2.82623e-06 -4.68912e-06 2.76292e-20)
(-3.20296e-06 -4.55357e-06 -1.38993e-16)
(-3.55879e-06 -4.42122e-06 1.09886e-17)
(-3.89892e-06 -4.25151e-06 2.36084e-17)
(-4.20808e-06 -4.07377e-06 -9.57419e-17)
(-4.49911e-06 -3.85265e-06 1.49496e-16)
(-4.75585e-06 -3.63259e-06 3.15566e-17)
(-4.97618e-06 -3.39351e-06 4.55274e-17)
(-5.19818e-06 -3.15034e-06 -9.9408e-18)
(-5.37077e-06 -2.84176e-06 -9.15836e-17)
(-5.15747e-06 -2.57406e-06 2.42774e-17)
)
;

boundaryField
{
    inlet
    {
        type            calculated;
        value           nonuniform List<vector> 
13
(
(3.94985e-08 0.629022 -6.32218e-16)
(7.01257e-10 0.633725 -1.25382e-15)
(-3.55448e-09 0.635563 -6.62606e-16)
(-1.16314e-08 0.635394 2.37662e-15)
(-1.00819e-08 0.635103 -1.31034e-16)
(-4.04095e-09 0.640961 -6.26945e-16)
(1.55146e-08 0.661826 -8.63899e-16)
(6.06541e-08 0.730916 -3.35963e-15)
(1.30315e-07 0.793604 9.78968e-15)
(8.90244e-08 0.786329 4.13602e-16)
(3.3554e-08 0.751515 -3.54632e-15)
(-4.35285e-08 0.727147 5.79027e-16)
(-7.96776e-08 0.712694 2.95405e-16)
)
;
    }
    outlet
    {
        type            calculated;
        value           nonuniform List<vector> 0();
    }
    walls
    {
        type            calculated;
        value           nonuniform List<vector> 4((-0.313455 2.46581 1.19964e-15) (-0.298984 2.09413 -2.25296e-15) (-0.296337 1.86383 -1.14607e-14) (0.112208 -0.614354 -2.11612e-14));
    }
    frontAndBack
    {
        type            empty;
    }
    procBoundary2to1
    {
        type            processor;
        value           nonuniform List<vector> 
84
(
(7.161e-05 4.82293e-06 -2.90601e-15)
(8.14014e-05 1.20221e-05 7.65763e-16)
(4.19408e-05 9.31728e-07 1.86775e-15)
(0.000691939 0.00200847 -3.23281e-15)
(-9.18832e-05 -0.00293479 -9.31037e-16)
(-0.000239425 0.000918779 1.39658e-15)
(7.86686e-05 -3.57348e-05 -3.16331e-15)
(7.1538e-05 1.26941e-05 2.49812e-15)
(7.41438e-05 1.58177e-07 4.63062e-15)
(7.2959e-05 3.0797e-06 -6.47521e-15)
(7.15424e-05 4.2129e-06 2.72921e-15)
(7.01254e-05 5.87357e-06 2.59549e-15)
(6.86792e-05 7.39356e-06 -8.87376e-15)
(6.72639e-05 8.83712e-06 2.14025e-15)
(6.58033e-05 1.01821e-05 8.07296e-15)
(6.43363e-05 1.13966e-05 -1.42098e-14)
(6.27708e-05 1.26117e-05 7.21075e-15)
(6.11705e-05 1.36762e-05 7.72363e-15)
(5.95232e-05 1.4912e-05 -8.08336e-15)
(5.77876e-05 1.60689e-05 4.3503e-16)
(5.59582e-05 1.72364e-05 3.89944e-15)
(5.39427e-05 1.84557e-05 -2.95654e-15)
(5.18233e-05 1.98594e-05 4.56469e-15)
(4.95074e-05 2.13061e-05 -1.93481e-15)
(4.71375e-05 2.27072e-05 4.68896e-15)
(4.45705e-05 2.41217e-05 -7.04204e-15)
(4.19563e-05 2.54346e-05 5.98605e-15)
(3.91778e-05 2.67076e-05 4.85132e-17)
(3.64008e-05 2.77421e-05 -4.30254e-16)
(3.35395e-05 2.86525e-05 -4.3468e-15)
(3.07147e-05 2.92421e-05 6.53315e-15)
(2.78274e-05 2.96538e-05 -2.61482e-15)
(2.50475e-05 2.97084e-05 -1.44377e-15)
(2.23916e-05 2.96155e-05 -8.18038e-15)
(1.99105e-05 2.92215e-05 9.64208e-15)
(1.75626e-05 2.87009e-05 -3.8037e-15)
(1.54135e-05 2.80115e-05 -1.26855e-15)
(1.33293e-05 2.69756e-05 1.16497e-15)
(1.33293e-05 2.69756e-05 1.16497e-15)
(1.29427e-05 2.23369e-05 -1.19993e-15)
(1.16131e-05 2.14111e-05 6.98098e-15)
(1.04173e-05 2.04477e-05 -5.59719e-15)
(9.30101e-06 1.94768e-05 -2.43748e-15)
(8.27032e-06 1.84245e-05 4.61858e-15)
(7.32144e-06 1.73597e-05 1.1231e-15)
(6.45422e-06 1.62672e-05 -1.17125e-15)
(5.67882e-06 1.51802e-05 -1.07452e-16)
(4.98472e-06 1.4099e-05 5.77682e-16)
(4.37992e-06 1.30677e-05 1.41316e-15)
(3.83891e-06 1.21026e-05 -1.769e-15)
(3.39205e-06 1.1244e-05 3.05628e-15)
(2.98615e-06 1.04585e-05 -6.4174e-16)
(2.69181e-06 9.67935e-06 -9.33827e-16)
(2.69181e-06 9.67935e-06 -9.33827e-16)
(3.33764e-06 8.81534e-06 1.76221e-16)
(3.18163e-06 8.02802e-06 -6.39615e-16)
(3.03955e-06 7.23871e-06 -1.13471e-16)
(2.70369e-06 6.52226e-06 1.01895e-15)
(2.47113e-06 5.84044e-06 1.97769e-15)
(2.12735e-06 5.23978e-06 -1.14093e-15)
(1.86063e-06 4.69656e-06 2.21567e-16)
(1.49171e-06 4.22514e-06 7.64506e-16)
(1.20322e-06 3.81182e-06 1.24067e-15)
(1.20322e-06 3.81182e-06 1.24067e-15)
(1.34536e-06 3.33511e-06 -3.88508e-16)
(1.09159e-06 3.07529e-06 2.3691e-16)
(9.07009e-07 2.81414e-06 -1.07758e-15)
(7.2726e-07 2.58336e-06 8.68621e-16)
(6.22213e-07 2.38837e-06 -2.23714e-16)
(5.24116e-07 2.22805e-06 8.64829e-16)
(4.97769e-07 2.10503e-06 -5.07736e-16)
(4.41948e-07 1.99146e-06 1.32404e-16)
(4.10739e-07 1.85228e-06 -2.30066e-17)
(3.44575e-07 1.68991e-06 1.18779e-15)
(3.44575e-07 1.68991e-06 1.18779e-15)
(4.02618e-07 1.47499e-06 -6.40932e-16)
(3.18826e-07 1.25721e-06 -8.12727e-17)
(2.69265e-07 1.08018e-06 1.02563e-16)
(2.42523e-07 9.70724e-07 2.17555e-16)
(2.28534e-07 8.87944e-07 -8.2136e-17)
(1.91529e-07 8.21658e-07 9.00819e-17)
(1.50149e-07 7.83499e-07 -3.044e-16)
(1.01471e-07 7.53733e-07 -5.35892e-17)
(6.10583e-08 8.17426e-07 -5.37711e-16)
)
;
    }
    procBoundary2to3
    {
        type            processor;
        value           nonuniform List<vector> 
88
(
(-1.1378e-07 6.30888e-07 6.04183e-16)
(-1.19381e-07 6.95011e-07 -1.95206e-15)
(-1.84523e-07 7.42938e-07 5.94286e-15)
(-1.1378e-07 6.30888e-07 6.04183e-16)
(-1.42555e-07 7.46637e-07 7.89908e-16)
(-2.5396e-07 7.49627e-07 9.75807e-17)
(-1.84523e-07 7.42938e-07 5.94286e-15)
(-2.43723e-07 7.11107e-07 6.32718e-16)
(-3.68815e-07 1.14662e-06 -1.32703e-15)
(-3.21258e-07 9.97702e-07 2.7691e-15)
(-2.5396e-07 7.49627e-07 9.75807e-17)
(-2.70976e-07 8.73229e-07 8.46667e-18)
(-7.50773e-07 1.68574e-06 2.16822e-16)
(-6.56828e-07 1.51868e-06 -2.65777e-16)
(-5.80769e-07 1.43361e-06 1.83284e-16)
(-5.08418e-07 1.36424e-06 1.12158e-15)
(-3.68815e-07 1.14662e-06 -1.32703e-15)
(-4.30872e-07 1.24711e-06 -4.12137e-16)
(-1.80304e-06 1.68203e-06 -9.60085e-16)
(-1.56822e-06 1.74447e-06 2.21608e-16)
(-1.32168e-06 1.75331e-06 3.47361e-16)
(-1.13861e-06 1.76373e-06 1.11304e-15)
(-7.50773e-07 1.68574e-06 2.16822e-16)
(-9.55401e-07 1.69317e-06 1.02631e-15)
(-3.74375e-06 9.9363e-07 4.63419e-16)
(-3.45594e-06 1.11967e-06 8.07184e-16)
(-3.18879e-06 1.16491e-06 9.94099e-16)
(-2.93649e-06 1.1738e-06 -2.56764e-16)
(-2.68601e-06 1.14437e-06 7.71642e-16)
(-2.47142e-06 1.19853e-06 -7.49334e-16)
(-1.80304e-06 1.68203e-06 -9.60085e-16)
(-2.20573e-06 1.25785e-06 -2.28977e-15)
(-4.98098e-06 -2.24474e-06 -2.3942e-16)
(-5.03493e-06 -1.92775e-06 2.68118e-16)
(-5.07194e-06 -1.69237e-06 -1.10564e-16)
(-5.05514e-06 -1.45243e-06 -2.15848e-16)
(-5.01079e-06 -1.21631e-06 7.03283e-16)
(-4.92045e-06 -9.73632e-07 -5.63937e-16)
(-4.80435e-06 -7.30855e-07 9.91854e-17)
(-4.65014e-06 -4.83801e-07 6.1604e-16)
(-4.47379e-06 -2.4688e-07 -6.14697e-16)
(-4.2593e-06 -1.78503e-08 -1.85817e-15)
(-4.10659e-06 2.34072e-07 3.37784e-17)
(-3.74375e-06 9.9363e-07 4.63419e-16)
(-3.9384e-06 4.79378e-07 -3.54437e-16)
(-3.20395e-05 1.65673e-05 -2.3907e-17)
(-2.79594e-05 1.50453e-05 -2.7697e-18)
(-2.42094e-05 1.36393e-05 -2.61458e-17)
(-2.06644e-05 1.20931e-05 -1.17639e-17)
(-1.73451e-05 1.06143e-05 -8.89267e-18)
(-1.43282e-05 9.15176e-06 2.48385e-17)
(-1.15993e-05 7.79806e-06 6.72009e-17)
(-9.19774e-06 6.52371e-06 -2.89411e-17)
(-7.08235e-06 5.33436e-06 -5.41064e-17)
(-5.28356e-06 4.19598e-06 2.53291e-17)
(-3.74558e-06 3.13515e-06 -5.02821e-17)
(-2.49482e-06 2.14507e-06 -6.0981e-17)
(-1.46547e-06 1.25278e-06 -5.3679e-17)
(-6.80865e-07 4.41639e-07 -1.08102e-16)
(-7.08763e-08 -2.9205e-07 -1.02434e-17)
(3.3887e-07 -9.45371e-07 -8.98245e-17)
(6.22431e-07 -1.51558e-06 -5.33866e-17)
(7.49919e-07 -1.9996e-06 -1.20519e-16)
(7.94761e-07 -2.41825e-06 -1.0008e-17)
(7.22727e-07 -2.76825e-06 1.40507e-16)
(6.07454e-07 -3.04861e-06 1.41576e-16)
(4.08146e-07 -3.25316e-06 -8.45749e-17)
(1.96544e-07 -3.4126e-06 5.85505e-17)
(-7.46465e-08 -3.52861e-06 1.26189e-16)
(-3.3404e-07 -3.59586e-06 1.14905e-17)
(-6.33498e-07 -3.61194e-06 -1.07147e-16)
(-9.05731e-07 -3.60121e-06 -7.39815e-18)
(-1.20799e-06 -3.58076e-06 2.56455e-17)
(-1.47744e-06 -3.54295e-06 -1.19015e-17)
(-1.76806e-06 -3.4771e-06 -9.52165e-17)
(-2.0276e-06 -3.40768e-06 8.13019e-17)
(-2.30771e-06 -3.34191e-06 -2.40963e-16)
(-2.55589e-06 -3.24025e-06 -9.33861e-17)
(-2.82236e-06 -3.15529e-06 1.70039e-16)
(-3.06473e-06 -3.05924e-06 3.12999e-17)
(-3.31401e-06 -2.96769e-06 2.10385e-17)
(-3.54248e-06 -2.86151e-06 -3.25534e-17)
(-3.76208e-06 -2.76327e-06 4.52535e-17)
(-3.97111e-06 -2.68273e-06 2.55546e-16)
(-4.08382e-06 -2.58414e-06 -9.4706e-17)
(-4.54402e-06 -2.5651e-06 2.1452e-18)
(-4.98098e-06 -2.24474e-06 -2.3942e-16)
(-5.10647e-06 -2.35796e-06 1.81468e-17)
)
;
    }
    procBoundary2to6
    {
        type            processor;
        value           nonuniform List<vector> 
13
(
(-0.0314641 -0.0246216 -5.98671e-14)
(0.0803446 -0.00857885 1.85695e-14)
(-0.00165345 -0.000253722 2.67419e-16)
(0.00199693 -0.000483348 -4.87523e-17)
(-0.000390694 -0.0002082 8.84921e-17)
(-0.000874271 -0.000213239 2.25268e-17)
(-0.000249741 -0.000110012 6.89616e-18)
(-4.12268e-05 -8.15005e-05 5.09679e-18)
(2.90806e-05 -6.55872e-05 2.90315e-17)
(2.80601e-05 -4.34927e-05 4.13872e-18)
(-2.37932e-05 -2.37445e-05 8.97386e-18)
(-4.16585e-07 -9.76045e-06 -1.19859e-18)
(-1.86037e-05 3.90798e-06 -1.68647e-17)
)
;
    }
}


// ************************************************************************* //
