/*--------------------------------*- C++ -*----------------------------------*\
| =========                 |                                                 |
| \\      /  F ield         | OpenFOAM: The Open Source CFD Toolbox           |
|  \\    /   O peration     | Version:  2306                                  |
|   \\  /    A nd           | Website:  www.openfoam.com                      |
|    \\/     M anipulation  |                                                 |
\*---------------------------------------------------------------------------*/
FoamFile
{
    version     2.0;
    format      ascii;
    arch        "LSB;label=32;scalar=64";
    class       volVectorField;
    location    "25";
    object      momentError;
}
// * * * * * * * * * * * * * * * * * * * * * * * * * * * * * * * * * * * * * //

dimensions      [0 1 -2 0 0 0 0];

internalField   nonuniform List<vector> 
1340
(
(-0.301836 2.427 2.30677e-14)
(-0.384146 2.25177 1.96089e-14)
(-0.807457 1.26787 1.94352e-14)
(-2.98948 0.909694 1.26832e-14)
(0.538827 4.21057 -1.76392e-14)
(0.359721 3.31838 -1.09827e-14)
(0.260828 1.80632 -1.42113e-14)
(0.221676 1.26733 -1.13777e-14)
(-0.0206588 5.29616 -2.72679e-14)
(-0.0687424 3.84186 -7.66057e-15)
(-0.235003 1.9775 -5.04604e-15)
(-1.06455 0.886077 4.54481e-14)
(-0.0170347 5.62146 1.34226e-15)
(-0.0123242 3.79532 -1.54055e-15)
(-0.140076 2.09638 5.967e-14)
(-0.812677 0.972688 -2.47016e-14)
(0.195491 5.16255 3.47732e-15)
(0.13596 3.38608 -1.97677e-14)
(-0.0490611 1.84593 -5.71263e-15)
(-0.495879 1.17466 2.09741e-14)
(0.475505 3.57518 4.41926e-14)
(0.36951 2.28005 2.63952e-15)
(0.150627 1.09266 -7.26757e-14)
(-0.180998 0.973724 -1.4817e-14)
(0.708059 2.49937 -2.01854e-14)
(0.540122 1.51473 -9.51711e-15)
(0.299475 0.445962 3.82389e-14)
(0.118498 0.477381 1.05165e-15)
(0.70804 2.54146 2.56782e-15)
(0.515383 1.75558 2.90116e-14)
(0.280867 0.717232 -1.50674e-14)
(0.240461 0.33201 5.68306e-15)
(0.666397 3.1614 1.078e-14)
(0.443773 2.46393 -8.45411e-16)
(0.205505 1.53907 9.27288e-15)
(0.248775 0.899494 6.51902e-17)
(0.698766 3.19839 1.3771e-14)
(0.448266 2.69804 3.50309e-14)
(0.192398 2.04805 2.26669e-14)
(0.256229 1.48016 -2.2979e-14)
(0.764446 2.84747 -3.52469e-14)
(0.506089 2.48745 -2.27882e-14)
(0.252247 2.04928 -2.78192e-14)
(0.3099 1.79811 4.24887e-14)
(0.80729 2.52977 -1.27073e-14)
(0.553404 2.24666 -4.83606e-15)
(0.323801 1.85956 2.82873e-14)
(0.392634 1.77454 -2.51649e-14)
(0.835554 2.32085 3.14094e-14)
(0.584038 2.12233 -1.53037e-16)
(0.375425 1.79332 -4.71439e-14)
(0.462086 1.72379 -6.00852e-15)
(0.861716 2.04915 9.08536e-15)
(0.617315 1.9376 -1.09585e-14)
(0.425996 1.70912 2.9785e-14)
(0.518078 1.69115 6.96048e-16)
(0.881842 1.77689 -2.35259e-16)
(0.64805 1.72205 1.37794e-14)
(0.474843 1.571 2.13698e-14)
(0.567771 1.61917 1.09675e-14)
(0.894801 1.51599 -5.12172e-15)
(0.67569 1.50467 -3.78649e-15)
(0.520978 1.41058 -2.54936e-14)
(0.612775 1.50898 -2.16252e-14)
(0.901979 1.26464 -7.35097e-15)
(0.698513 1.28833 5.90733e-15)
(0.560274 1.24188 -3.80534e-15)
(0.651092 1.3755 2.9816e-16)
(0.902769 1.02766 -1.13458e-14)
(0.717525 1.07804 -4.29403e-15)
(0.595033 1.06976 -1.7108e-14)
(0.683642 1.22878 1.13392e-14)
(0.899411 0.804233 -8.63987e-15)
(0.732319 0.875339 -2.73333e-14)
(0.622972 0.900627 1.69353e-14)
(0.709333 1.07649 1.60888e-14)
(0.890665 0.597864 2.46008e-14)
(0.742486 0.685568 2.42778e-14)
(0.645661 0.738475 1.36649e-14)
(0.729637 0.924436 -1.37291e-14)
(0.877904 0.409385 -1.45753e-14)
(0.747763 0.510837 -5.85263e-15)
(0.661466 0.586847 -1.96274e-14)
(0.743396 0.777147 -4.66172e-15)
(0.859196 0.2406 4.3831e-15)
(0.747644 0.353307 -2.44601e-15)
(0.672035 0.447855 5.35201e-15)
(0.751818 0.638523 6.96143e-15)
(0.837249 0.0898796 -8.57568e-16)
(0.743204 0.20916 6.82939e-15)
(0.676334 0.321353 7.16852e-15)
(0.753934 0.510819 4.30004e-15)
(0.811281 -0.0442842 -4.95487e-16)
(0.733989 0.0799176 -4.63444e-15)
(0.675735 0.207353 -1.18492e-14)
(0.750945 0.394882 -1.33998e-14)
(0.783912 -0.164226 -3.25887e-15)
(0.721413 -0.0377921 7.36686e-15)
(0.670099 0.103485 6.7274e-15)
(0.742394 0.288617 6.47144e-15)
(0.753896 -0.270675 6.69354e-16)
(0.704973 -0.143322 -1.05754e-14)
(0.660377 0.00988498 9.23159e-15)
(0.729392 0.191759 1.25356e-14)
(0.722869 -0.362871 -5.73439e-15)
(0.685718 -0.237354 1.29446e-14)
(0.646143 -0.0744333 1.12259e-15)
(0.711684 0.102278 -1.3123e-14)
(0.690304 -0.438896 1.06427e-14)
(0.663474 -0.316605 -3.00161e-15)
(0.628294 -0.147459 -8.07089e-16)
(0.690339 0.0211944 7.03349e-15)
(0.657063 -0.496364 -8.65194e-15)
(0.63879 -0.380222 -2.43256e-16)
(0.606708 -0.207633 -6.54182e-15)
(0.665736 -0.050955 -9.06558e-15)
(0.622064 -0.535225 8.2231e-15)
(0.61095 -0.426284 -6.03597e-15)
(0.582321 -0.25428 -1.42052e-15)
(0.639251 -0.112752 1.42384e-15)
(0.586311 -0.556906 1.31516e-15)
(0.581388 -0.457593 -2.01739e-15)
(0.555368 -0.289183 -2.67956e-16)
(0.611247 -0.164792 4.69937e-15)
(0.550433 -0.566794 -6.65252e-15)
(0.550275 -0.477342 1.38873e-15)
(0.527292 -0.315649 3.33313e-15)
(0.58329 -0.208738 6.39454e-15)
(0.515549 -0.569395 -7.7793e-16)
(0.519789 -0.490643 2.03835e-16)
(0.499059 -0.337331 -1.50428e-15)
(0.555502 -0.247658 -4.77951e-15)
(0.482804 -0.569287 4.70341e-15)
(0.489638 -0.500598 2.62111e-15)
(0.471392 -0.35675 8.34253e-16)
(0.529423 -0.28333 -4.23691e-15)
(0.451883 -0.566587 -2.61888e-15)
(0.461161 -0.50755 -2.79043e-15)
(0.444669 -0.374171 -2.33902e-15)
(0.50435 -0.316492 4.43625e-15)
(0.423329 -0.561914 1.92336e-15)
(0.433549 -0.510211 2.32131e-15)
(0.419007 -0.387695 1.28404e-15)
(0.480776 -0.345077 -5.52167e-15)
(0.39521 -0.553203 1.02782e-15)
(0.407384 -0.50872 -1.47768e-15)
(0.394914 -0.397449 -7.06379e-16)
(0.458014 -0.369727 1.7273e-15)
(0.369798 -0.54723 3.76101e-16)
(0.383025 -0.509181 1.60987e-15)
(0.372113 -0.403571 -1.57209e-15)
(0.437023 -0.3888 1.02659e-15)
(0.328939 -0.555706 -1.97975e-15)
(0.343077 -0.564257 6.66515e-17)
(0.361594 -0.473605 -9.23835e-16)
(0.353163 -0.408723 7.89628e-16)
(0.417298 -0.403615 3.60404e-15)
(0.306227 -0.545223 2.61913e-15)
(0.322023 -0.553392 -8.73486e-16)
(0.339147 -0.4705 -6.01597e-16)
(0.331664 -0.411072 4.90385e-15)
(0.398143 -0.415216 -8.78266e-16)
(0.284432 -0.535533 -5.15667e-16)
(0.301461 -0.544249 2.12682e-16)
(0.316776 -0.46469 4.02671e-16)
(0.309991 -0.41248 -4.16013e-15)
(0.378845 -0.425191 -2.55849e-15)
(0.263694 -0.526524 -2.97188e-16)
(0.280837 -0.535726 3.12294e-16)
(0.295628 -0.459723 7.25684e-16)
(0.290044 -0.412936 5.46813e-17)
(0.360862 -0.43346 6.11949e-17)
(0.243495 -0.516565 9.77096e-16)
(0.261311 -0.527009 1.07413e-15)
(0.275634 -0.455015 1.18878e-15)
(0.270791 -0.412669 7.23282e-16)
(0.34262 -0.44007 9.01095e-16)
(0.224564 -0.504798 3.70449e-16)
(0.242317 -0.517023 8.54521e-17)
(0.256348 -0.449341 -1.13404e-15)
(0.252532 -0.411167 -3.39263e-16)
(0.32512 -0.445166 2.03098e-15)
(0.20681 -0.490884 8.79485e-16)
(0.224756 -0.504765 -8.79039e-16)
(0.238349 -0.442238 -4.79811e-16)
(0.235001 -0.407863 4.49023e-16)
(0.307281 -0.448625 -1.05981e-15)
(0.190655 -0.475647 -2.8633e-16)
(0.208146 -0.490591 3.63095e-16)
(0.221163 -0.433287 1.23217e-16)
(0.218251 -0.402586 -6.6069e-16)
(0.290399 -0.45058 -1.51394e-15)
(0.175663 -0.458629 -3.08159e-16)
(0.1929 -0.474372 2.94134e-16)
(0.205303 -0.421956 4.01216e-16)
(0.202533 -0.394973 9.89894e-17)
(0.273915 -0.450333 1.18234e-15)
(0.161823 -0.438508 1.49541e-16)
(0.178619 -0.454858 -2.55292e-17)
(0.190477 -0.406993 -6.01527e-16)
(0.187871 -0.384052 4.18474e-16)
(0.259161 -0.446323 -2.58011e-16)
(0.149224 -0.414481 2.65882e-16)
(0.165784 -0.431538 -9.8268e-17)
(0.177483 -0.388042 -5.16022e-16)
(0.175097 -0.369201 5.13927e-16)
(0.245814 -0.436956 4.29744e-16)
(0.138038 -0.387588 -1.51744e-16)
(0.154442 -0.404595 -1.41932e-17)
(0.165778 -0.365193 -6.13994e-17)
(0.163415 -0.350118 -8.20514e-17)
(0.234 -0.421815 7.68785e-17)
(0.12819 -0.361319 -1.77864e-17)
(0.144376 -0.377834 1.40395e-16)
(0.156056 -0.341826 1.77023e-16)
(0.154107 -0.329731 -2.03579e-16)
(0.223893 -0.403435 -5.6994e-16)
(0.119366 -0.342184 4.93784e-17)
(0.13613 -0.352662 -1.83501e-16)
(0.148142 -0.320893 3.38134e-17)
(0.145724 -0.309306 1.31201e-16)
(0.214579 -0.38366 -1.08586e-16)
(0.10388 -0.331786 -4.30836e-17)
(0.110934 -0.342166 3.15792e-17)
(0.12895 -0.308786 -1.97786e-17)
(0.141387 -0.306047 -4.79636e-17)
(0.139134 -0.29308 1.74649e-16)
(0.206514 -0.366397 2.99317e-16)
(0.100948 -0.318028 9.41285e-17)
(0.108592 -0.326752 7.76722e-17)
(0.122317 -0.294885 4.30686e-17)
(0.131666 -0.29218 -9.24049e-17)
(0.130642 -0.278633 3.17997e-17)
(0.197164 -0.349571 6.2215e-17)
(0.0982785 -0.305397 -1.30947e-16)
(0.103492 -0.312221 -1.07003e-16)
(0.114467 -0.279713 3.23096e-17)
(0.123385 -0.277665 2.66517e-17)
(0.122781 -0.264022 -7.3798e-17)
(0.187983 -0.332837 -2.35778e-17)
(0.0946531 -0.291423 9.03713e-17)
(0.099704 -0.297465 -3.15191e-17)
(0.108646 -0.26517 2.92667e-17)
(0.115179 -0.262465 -1.04326e-17)
(0.113983 -0.248451 4.90776e-17)
(0.176714 -0.315098 -7.84661e-18)
(0.091816 -0.276603 1.42703e-16)
(0.0944987 -0.28155 8.94442e-17)
(0.10063 -0.249423 -2.81799e-16)
(0.10649 -0.246213 -1.46852e-16)
(0.105374 -0.23194 -1.22818e-16)
(0.165604 -0.29662 6.00966e-18)
(0.0875417 -0.260846 -2.36447e-16)
(0.0894338 -0.264706 -3.0044e-16)
(0.0943391 -0.233661 -1.91541e-16)
(0.0984557 -0.229875 3.38337e-16)
(0.0966465 -0.215672 -5.30968e-18)
(0.153577 -0.278564 2.34615e-17)
(0.0840653 -0.244314 -5.19231e-17)
(0.0840761 -0.247301 1.69362e-16)
(0.0867003 -0.217617 -1.30354e-16)
(0.090334 -0.21363 -1.16504e-16)
(0.0888684 -0.199636 5.1859e-16)
(0.142455 -0.260842 -1.22943e-16)
(0.079502 -0.22684 4.05511e-16)
(0.078494 -0.229383 3.10999e-16)
(0.080938 -0.200836 -5.49308e-16)
(0.0840981 -0.197617 1.84927e-16)
(0.0818903 -0.184319 -1.14111e-16)
(0.131587 -0.243676 2.01964e-16)
(0.0749812 -0.208885 -3.18412e-16)
(0.0738839 -0.206471 2.09946e-16)
(0.0764004 -0.183896 4.47013e-16)
(0.0781951 -0.180744 -6.47808e-16)
(0.0752763 -0.168537 3.05287e-16)
(0.120966 -0.225995 5.50799e-16)
(0.0740774 -0.188309 -1.40864e-16)
(0.0707315 -0.196559 1.27504e-16)
(0.0703624 -0.166866 1.11569e-16)
(0.0722058 -0.166436 -2.75223e-16)
(0.0732401 -0.163119 1.13359e-17)
(0.0694187 -0.152377 4.21939e-16)
(0.110503 -0.206808 1.65409e-17)
(0.0732176 -0.161081 4.83841e-16)
(0.0706747 -0.16994 6.62173e-16)
(0.0686254 -0.144827 -5.98095e-16)
(0.0678666 -0.145888 -5.9916e-17)
(0.0682433 -0.143872 -2.20853e-16)
(0.0640134 -0.13461 -2.00107e-16)
(0.101323 -0.186417 7.14697e-16)
(0.0738664 -0.133429 -4.26341e-17)
(0.0708964 -0.142759 -3.51669e-16)
(0.0677181 -0.121282 -4.24089e-16)
(0.0660391 -0.123962 9.20404e-16)
(0.0653079 -0.123517 3.74651e-16)
(0.0602513 -0.116748 -1.05469e-15)
(0.0936634 -0.166046 -7.57233e-16)
(0.0747606 -0.106488 2.46957e-16)
(0.0724468 -0.116182 -2.834e-16)
(0.0694259 -0.0990793 9.40519e-17)
(0.066339 -0.10286 2.04111e-16)
(0.064376 -0.10386 -4.22536e-16)
(0.0583683 -0.09952 -8.07579e-16)
(0.088389 -0.145926 9.08758e-16)
(0.0770318 -0.0835675 1.09611e-15)
(0.0750847 -0.0947657 1.87927e-17)
(0.0716426 -0.0779096 -7.38867e-16)
(0.0682311 -0.0829443 5.31975e-17)
(0.0654209 -0.0854811 5.23424e-16)
(0.0585574 -0.0837057 2.42589e-16)
(0.0860821 -0.127345 -2.0584e-16)
(0.0792729 -0.0658178 -1.38332e-16)
(0.0784769 -0.0759626 1.31459e-16)
(0.075849 -0.0613875 -2.26794e-16)
(0.0717956 -0.0666357 -2.9937e-16)
(0.0682152 -0.0698235 1.93699e-16)
(0.0602472 -0.0696617 -4.98193e-16)
(0.0856505 -0.110195 7.17529e-17)
(0.0817478 -0.056525 6.72918e-16)
(0.0818114 -0.0665555 3.25834e-16)
(0.0794582 -0.0487227 1.04996e-16)
(0.0753923 -0.0533495 3.09453e-16)
(0.0716287 -0.0568816 -2.86016e-17)
(0.0631988 -0.0580606 3.53467e-16)
(0.0883779 -0.0959612 -3.01933e-17)
(0.0800816 -0.0531241 3.11829e-16)
(0.0821603 -0.0607867 7.69447e-16)
(0.0810159 -0.0424226 -2.33537e-16)
(0.0768645 -0.0457381 -4.77271e-16)
(0.0721905 -0.0478141 2.8461e-16)
(0.0636751 -0.0482547 2.21944e-16)
(0.0889712 -0.0815468 2.11094e-16)
(0.0764472 -0.0497985 3.33718e-16)
(0.0804528 -0.055134 -3.6938e-16)
(0.0807914 -0.0359842 -2.14579e-16)
(0.0774522 -0.0379664 3.33317e-16)
(0.0720426 -0.0388112 9.24573e-16)
(0.0627238 -0.0378156 -3.9682e-16)
(0.0877074 -0.0668355 -1.24847e-15)
(0.0697344 -0.0478873 -9.48806e-18)
(0.0762622 -0.0463368 -2.30489e-16)
(0.0791384 -0.0298556 -1.59797e-17)
(0.0768356 -0.0303632 3.56844e-16)
(0.0715951 -0.0305491 -8.65555e-17)
(0.0612398 -0.0278773 -1.97824e-16)
(0.0851862 -0.0519442 2.77496e-16)
(0.0499273 -0.0520133 -6.13712e-16)
(0.0609907 -0.0530391 -3.79106e-16)
(0.0703216 -0.0309948 -3.47901e-17)
(0.0743565 -0.0268781 1.92603e-16)
(0.0736889 -0.0251751 2.00287e-16)
(0.0696853 -0.0241456 6.61355e-16)
(0.0596445 -0.0198491 -3.31709e-16)
(0.0822427 -0.0378418 -7.9034e-16)
(0.0405167 -0.0515262 6.88107e-17)
(0.0519377 -0.0510632 -2.03318e-17)
(0.060741 -0.0305026 -2.34384e-16)
(0.0658958 -0.0251745 5.95775e-16)
(0.0675747 -0.0219045 2.07534e-16)
(0.065625 -0.0193237 -6.35193e-16)
(0.0571371 -0.0135549 -3.25703e-16)
(0.0796919 -0.026043 1.61994e-16)
(0.0307635 -0.0489776 -4.54272e-16)
(0.0411431 -0.0476278 8.64812e-18)
(0.0502294 -0.0298304 1.70953e-16)
(0.0563758 -0.0238621 -6.80383e-16)
(0.0597941 -0.0196037 1.38963e-15)
(0.0595913 -0.0158512 -1.79029e-16)
(0.0530558 -0.00839648 -5.94752e-16)
(0.0763044 -0.0162471 5.35692e-16)
(0.02354 -0.0442496 3.36038e-17)
(0.0315115 -0.0446537 3.11916e-16)
(0.0393396 -0.0272963 3.85715e-16)
(0.0459976 -0.0217285 -5.74584e-16)
(0.0506023 -0.0173387 6.62581e-16)
(0.0519202 -0.0130587 -3.56279e-16)
(0.0474743 -0.004219 -8.21821e-16)
(0.070954 -0.00872827 9.39126e-16)
(0.019015 -0.0377977 9.22841e-17)
(0.0246817 -0.0388792 3.72822e-16)
(0.0307615 -0.0237837 7.32026e-16)
(0.036392 -0.0189499 -1.53282e-17)
(0.0411222 -0.0147086 -1.05673e-15)
(0.0433514 -0.0100833 3.19858e-16)
(0.0407555 -0.000332402 -3.28177e-16)
(0.0642482 -0.00165138 -2.07236e-16)
(0.0168667 -0.0312089 -3.81763e-16)
(0.0199807 -0.0324298 -5.91465e-16)
(0.0236154 -0.0202504 1.88465e-16)
(0.0278783 -0.0162643 8.91883e-16)
(0.0319374 -0.0126982 1.63712e-16)
(0.0343017 -0.00834766 -3.4855e-16)
(0.033027 0.0016976 8.62386e-17)
(0.0541451 0.00141527 5.35974e-16)
(0.015948 -0.0200593 1.01926e-15)
(0.0174959 -0.0209568 2.97603e-16)
(0.0190947 -0.0109997 -8.27706e-16)
(0.0211979 -0.007888 8.24718e-17)
(0.0237266 -0.00524499 -5.67129e-16)
(0.0254089 -0.0016716 -2.06422e-16)
(0.0250938 0.00743723 1.07092e-15)
(0.0444997 0.0108372 -6.12651e-17)
(0.0122077 -0.0213847 -7.37333e-16)
(0.012743 -0.021271 -3.343e-16)
(0.0131954 -0.0187147 6.97534e-16)
(0.0142371 -0.0162179 -2.97399e-16)
(0.0156196 -0.0150303 -2.52863e-16)
(0.016725 -0.0126754 8.31579e-16)
(0.0159862 -0.00503093 -6.71443e-17)
(0.0246633 -0.00931445 -5.68789e-16)
(0.0115916 0.0127765 -4.5859e-16)
(0.0115922 0.0149715 -9.05591e-16)
(0.0114122 0.0140351 -4.6541e-16)
(0.0111805 0.0158843 1.66908e-15)
(0.0111789 0.015878 -8.92656e-17)
(0.0115246 0.016427 -4.66986e-16)
(0.0114656 0.018547 -5.64528e-16)
(0.0198697 0.0196573 -2.26452e-15)
(-4.3667 -4.4995 1.71352e-16)
(-1.0864 -4.53365 6.85831e-16)
(-0.849631 -3.69192 7.90564e-15)
(-0.395548 -3.13864 3.02524e-16)
(-0.0247169 -3.19049 -9.81885e-15)
(0.584789 -3.37573 7.7907e-15)
(0.985848 -2.91739 9.03449e-15)
(1.07991 -1.47315 -8.22679e-16)
(1.0399 -0.18529 -1.07276e-15)
(1.00018 0.678289 8.29277e-15)
(1.02046 1.02447 -1.92487e-15)
(1.06345 1.15167 -3.77021e-15)
(1.09293 1.26611 -1.29008e-14)
(1.11632 1.32357 7.64739e-15)
(1.13821 1.30592 -8.16177e-15)
(1.16028 1.23325 -1.0847e-15)
(1.17915 1.12678 1.51382e-14)
(1.19611 0.999552 -1.41173e-14)
(1.20858 0.861452 1.71161e-14)
(1.21765 0.721628 -1.00104e-14)
(1.22055 0.586303 3.5521e-15)
(1.21839 0.460084 -1.34138e-15)
(1.20906 0.3443 -5.4695e-15)
(1.19404 0.240781 5.98974e-15)
(1.17177 0.14671 1.02055e-15)
(1.14407 0.0609621 1.26726e-15)
(1.10982 -0.0193279 -6.96501e-15)
(1.07131 -0.0926188 4.73136e-15)
(1.02816 -0.159316 -5.47493e-15)
(0.982894 -0.217585 -1.33646e-15)
(0.935488 -0.268789 6.98587e-15)
(0.88858 -0.314066 6.21434e-15)
(0.842392 -0.356092 -5.53408e-15)
(0.799113 -0.395953 -4.05358e-15)
(0.757594 -0.433167 1.20966e-15)
(0.718711 -0.466395 -2.59028e-15)
(0.681554 -0.494035 9.23075e-16)
(0.646744 -0.515559 5.19512e-15)
(0.612711 -0.533804 -1.61191e-15)
(0.582663 -0.54827 1.9675e-17)
(0.554636 -0.560738 3.24527e-16)
(0.529107 -0.571606 -2.33552e-15)
(0.503808 -0.580571 1.70991e-15)
(0.479887 -0.588413 2.25229e-16)
(0.4556 -0.594903 -3.32908e-16)
(0.433212 -0.600391 -1.65878e-15)
(0.411614 -0.603143 6.76456e-16)
(0.393375 -0.601369 -1.24664e-15)
(0.376579 -0.592272 2.4875e-16)
(0.362406 -0.576381 -2.2001e-16)
(0.348935 -0.555803 -1.6862e-16)
(0.337085 -0.533889 9.63906e-18)
(0.325048 -0.513138 -6.61087e-17)
(0.31415 -0.492956 -4.19719e-17)
(0.301925 -0.473154 2.43781e-17)
(0.28895 -0.452016 -5.0147e-18)
(0.274481 -0.430796 -7.15546e-17)
(0.259847 -0.409369 2.18263e-16)
(0.244766 -0.388464 -4.80682e-16)
(0.229497 -0.366646 1.30917e-16)
(0.214102 -0.342573 -9.91151e-16)
(0.198801 -0.316626 -5.51051e-16)
(0.183644 -0.288409 3.05526e-18)
(0.170784 -0.259197 9.98597e-16)
(0.160959 -0.230939 1.24172e-15)
(0.155265 -0.204689 -3.02588e-16)
(0.152694 -0.180081 -1.24889e-15)
(0.155526 -0.161111 -6.43251e-16)
(0.157921 -0.142924 9.086e-16)
(0.158341 -0.125671 2.65275e-15)
(0.157404 -0.107736 -1.20997e-15)
(0.155928 -0.0887737 1.07815e-15)
(0.153125 -0.0722567 -1.01096e-15)
(0.147856 -0.0592068 -3.74941e-16)
(0.13971 -0.0498574 -4.57501e-16)
(0.130212 -0.0384136 2.26351e-15)
(0.112168 -0.0347799 -1.76128e-16)
(0.0969569 -0.0139302 9.5872e-17)
(0.0536476 -0.0485775 6.16808e-16)
(0.0480994 0.0256754 6.57605e-15)
(3.50223 -3.43734 -4.76547e-16)
(3.43756 -3.25522 6.86548e-16)
(3.38721 -2.95478 -2.9212e-15)
(3.12165 -3.22914 5.1386e-16)
(2.85392 -3.68494 8.50587e-16)
(2.70711 -3.82878 -2.91672e-16)
(2.53735 -3.03957 -1.66369e-15)
(2.35519 -1.79166 8.58362e-17)
(2.16654 -0.873189 1.47186e-16)
(2.00994 -0.418636 -7.54872e-16)
(1.89055 -0.276659 -8.66778e-16)
(1.80028 -0.128173 1.45306e-15)
(1.7221 0.042031 2.27023e-15)
(1.66207 0.158556 -1.61487e-15)
(1.61175 0.220179 9.48124e-16)
(1.57331 0.248621 1.04851e-15)
(1.53916 0.250586 -2.29722e-15)
(1.51208 0.235738 2.00825e-15)
(1.48618 0.207261 -3.46488e-15)
(1.46266 0.17276 2.21531e-15)
(1.4373 0.134416 -6.21151e-16)
(1.41103 0.0972922 1.18004e-17)
(1.38135 0.0609497 7.44331e-16)
(1.34914 0.0274934 -3.83845e-16)
(1.31306 -0.0048118 -3.28682e-16)
(1.27354 -0.0365056 -6.11728e-16)
(1.22977 -0.0687263 1.70602e-15)
(1.18243 -0.100429 -9.93555e-16)
(1.13133 -0.13127 1.30334e-15)
(1.07743 -0.161057 7.96194e-17)
(1.02139 -0.189854 -1.27547e-15)
(0.964459 -0.219012 -1.18173e-15)
(0.907832 -0.249056 1.25882e-15)
(0.852585 -0.280553 7.69907e-16)
(0.799195 -0.310992 -6.11363e-16)
(0.748044 -0.339471 5.60652e-16)
(0.699518 -0.364391 -3.84158e-17)
(0.653107 -0.381267 -7.96445e-16)
(0.60941 -0.397349 1.66243e-16)
(0.569877 -0.412277 -1.73713e-16)
(0.534385 -0.424977 -2.39056e-16)
(0.502137 -0.435621 6.5881e-16)
(0.47256 -0.443589 -3.30264e-16)
(0.445164 -0.449817 -1.2625e-16)
(0.419594 -0.454123 3.43991e-16)
(0.395928 -0.457365 2.07267e-16)
(0.37413 -0.458274 -2.46262e-17)
(0.354789 -0.456103 4.25795e-17)
(0.337426 -0.448641 7.37259e-17)
(0.322275 -0.436561 -1.18519e-16)
(0.308357 -0.421005 8.14876e-17)
(0.295818 -0.403279 -1.56809e-16)
(0.283803 -0.386907 -4.74472e-17)
(0.273766 -0.370963 1.76286e-18)
(0.263302 -0.354921 -4.29037e-18)
(0.252895 -0.338135 7.42541e-18)
(0.24174 -0.321341 1.50897e-17)
(0.230412 -0.30486 1.2804e-17)
(0.218731 -0.28803 2.17969e-16)
(0.206699 -0.270851 -2.0368e-16)
(0.194046 -0.251665 -1.44206e-16)
(0.181264 -0.231003 -3.37133e-16)
(0.168716 -0.209162 -2.75465e-16)
(0.156912 -0.18713 -8.95274e-16)
(0.147161 -0.166225 -2.88733e-16)
(0.140203 -0.147335 -9.61556e-17)
(0.135203 -0.129883 2.80182e-16)
(0.134724 -0.116247 2.34157e-16)
(0.134614 -0.105634 -4.24651e-16)
(0.13361 -0.09569 -1.63373e-16)
(0.132177 -0.0848686 4.16877e-16)
(0.129974 -0.0734694 -1.66051e-16)
(0.126481 -0.0643271 -3.40275e-16)
(0.121379 -0.0571786 4.25233e-16)
(0.11471 -0.0515728 3.47814e-17)
(0.106932 -0.0426619 -3.03581e-16)
(0.0932599 -0.0387929 8.8858e-16)
(0.0796924 -0.0207465 -6.92357e-17)
(0.0497898 -0.043471 -9.50734e-17)
(0.041165 0.0286972 2.75315e-16)
(4.06577 -0.710038 -1.90181e-16)
(3.95704 -0.408365 -1.47894e-17)
(3.91579 -0.550957 -5.10893e-19)
(3.74521 -0.982751 8.32243e-17)
(3.55528 -1.31758 5.95904e-17)
(3.3688 -1.23265 -8.32206e-18)
(3.17121 -0.597696 1.14743e-17)
(2.99937 0.110039 -1.33408e-16)
(2.83549 0.534148 -1.30136e-16)
(2.70634 0.643234 9.07243e-17)
(2.58843 0.633469 4.45823e-17)
(2.48324 0.694628 -9.40636e-18)
(2.37929 0.763647 -1.35914e-17)
(2.28892 0.801868 1.22573e-16)
(2.20039 0.810653 6.60513e-17)
(2.12088 0.809466 -4.15171e-17)
(2.04174 0.794072 -9.83076e-17)
(1.96881 0.772389 -3.27888e-18)
(1.89581 0.742012 1.46039e-17)
(1.82637 0.710318 1.33896e-16)
(1.75607 0.674782 1.1144e-16)
(1.68777 0.640563 4.81967e-17)
(1.61905 0.605147 1.2441e-16)
(1.55151 0.570711 5.12313e-17)
(1.48368 0.534353 5.92888e-17)
(1.41669 0.496793 -1.80155e-17)
(1.3496 0.4561 4.85109e-17)
(1.28285 0.41306 4.84958e-17)
(1.21632 0.367393 1.21329e-17)
(1.15039 0.319068 4.13427e-18)
(1.08553 0.268423 -6.96444e-17)
(1.02204 0.214837 2.77668e-16)
(0.960618 0.15952 3.19352e-16)
(0.901237 0.103078 1.92253e-16)
(0.84441 0.0483958 -1.58718e-16)
(0.789822 -0.00292032 -1.85697e-16)
(0.738097 -0.0496462 1.08681e-16)
(0.688839 -0.0903211 -2.6333e-17)
(0.643351 -0.126677 -1.1089e-16)
(0.601773 -0.160033 -1.78563e-16)
(0.564746 -0.188936 2.64624e-17)
(0.531063 -0.213168 1.04818e-16)
(0.501155 -0.23241 6.07253e-17)
(0.47384 -0.247854 2.66927e-16)
(0.449643 -0.260258 3.87616e-16)
(0.4273 -0.270994 1.80095e-16)
(0.407333 -0.279709 7.10311e-17)
(0.388697 -0.285729 -2.08361e-16)
(0.371778 -0.287135 -2.89653e-16)
(0.355942 -0.283853 5.17853e-18)
(0.341572 -0.276472 -5.92936e-17)
(0.327922 -0.266585 1.80112e-16)
(0.315619 -0.255528 1.12008e-16)
(0.304086 -0.243838 -1.23523e-17)
(0.292861 -0.230808 1.0271e-17)
(0.280999 -0.217048 -1.14781e-17)
(0.269173 -0.203292 -2.66689e-17)
(0.256593 -0.190039 4.76548e-17)
(0.243693 -0.177155 3.70834e-16)
(0.230102 -0.164271 8.44784e-17)
(0.215463 -0.15067 6.72039e-16)
(0.200782 -0.136838 2.60961e-17)
(0.186524 -0.122926 1.0177e-16)
(0.172674 -0.109982 -4.77781e-16)
(0.1603 -0.0989074 -7.27093e-17)
(0.149961 -0.0890909 3.11022e-16)
(0.140934 -0.0799752 -1.48302e-16)
(0.135848 -0.0714541 2.92874e-16)
(0.132198 -0.0651822 -6.94037e-17)
(0.128955 -0.0583033 -3.20823e-16)
(0.126337 -0.0507139 -5.05541e-16)
(0.123524 -0.0424649 3.2408e-16)
(0.119979 -0.0357099 9.46972e-16)
(0.11559 -0.0293146 -1.01065e-15)
(0.110525 -0.0231296 4.30962e-17)
(0.104658 -0.0131793 -4.22166e-17)
(0.0932451 -0.00866528 -1.77942e-15)
(0.0785912 0.00887084 1.30129e-15)
(0.0545451 -0.0148655 -1.86441e-18)
(0.0391759 0.045637 -2.387e-15)
(2.63896 -0.219529 1.19364e-17)
(2.45125 -0.154632 4.57007e-17)
(2.46842 -0.259767 -7.42042e-20)
(2.44024 -0.429781 -7.57588e-17)
(2.39747 -0.390994 5.28573e-17)
(2.34803 -0.0107997 8.13689e-17)
(2.29675 0.609574 -1.95607e-17)
(2.25119 1.13161 -2.15001e-17)
(2.20079 1.38143 -1.25821e-16)
(2.16272 1.42694 1.70595e-17)
(2.12157 1.44841 1.61999e-16)
(2.07928 1.52047 8.07318e-17)
(2.03063 1.56725 -4.21225e-17)
(1.98323 1.5838 -8.63085e-17)
(1.93043 1.57464 -5.19359e-17)
(1.87834 1.55714 -8.82542e-17)
(1.82172 1.52319 -1.23371e-16)
(1.76553 1.48451 -2.04404e-16)
(1.70522 1.43424 -1.07322e-16)
(1.64536 1.38325 1.16121e-16)
(1.58249 1.32547 1.54243e-16)
(1.52005 1.26776 -1.40999e-16)
(1.45601 1.2057 -4.27967e-17)
(1.39314 1.14399 1.58045e-16)
(1.32986 1.07846 6.24682e-17)
(1.26794 1.01126 2.50162e-17)
(1.20677 0.940582 9.61776e-17)
(1.1473 0.867508 4.49604e-17)
(1.0893 0.791525 2.44838e-17)
(1.03335 0.712964 3.62843e-17)
(0.979511 0.632518 -2.68235e-17)
(0.927919 0.550327 -6.27597e-17)
(0.878578 0.468097 -8.61943e-17)
(0.831317 0.387202 9.2904e-17)
(0.785994 0.310169 -2.8642e-18)
(0.742332 0.238151 -7.52115e-18)
(0.700665 0.171759 1.22116e-16)
(0.661288 0.111697 5.73623e-17)
(0.625037 0.057501 -9.92327e-17)
(0.591723 0.00781922 2.43531e-17)
(0.561692 -0.0356535 3.39718e-17)
(0.534317 -0.0721926 -1.60457e-16)
(0.509869 -0.10187 -1.62579e-16)
(0.487716 -0.126018 -1.95922e-16)
(0.467993 -0.145999 -1.28858e-16)
(0.449802 -0.163395 -6.3386e-17)
(0.433118 -0.17831 -2.22203e-16)
(0.417022 -0.189995 5.5714e-17)
(0.401687 -0.19682 4.30399e-17)
(0.386683 -0.198527 2.90425e-16)
(0.372542 -0.195576 -3.96731e-17)
(0.358906 -0.189575 -2.02987e-16)
(0.346224 -0.181419 1.5343e-16)
(0.333722 -0.171677 1.23857e-17)
(0.320988 -0.160132 1.3259e-17)
(0.307927 -0.14748 9.04305e-18)
(0.29445 -0.134772 1.2854e-18)
(0.280352 -0.122711 -1.38093e-16)
(0.265448 -0.111261 -1.98835e-16)
(0.249474 -0.100544 -3.7479e-17)
(0.232921 -0.0901195 -3.57054e-16)
(0.216403 -0.0795389 4.07187e-18)
(0.200387 -0.0700139 -1.43328e-16)
(0.185042 -0.062367 1.329e-15)
(0.170693 -0.056581 2.71598e-16)
(0.157783 -0.0519521 -6.02966e-17)
(0.145759 -0.047478 2.52336e-16)
(0.137142 -0.0420654 -1.59585e-16)
(0.130617 -0.0383812 4.01961e-16)
(0.125154 -0.033313 1.14628e-15)
(0.120516 -0.027544 9.46616e-16)
(0.115916 -0.0211956 8.10865e-16)
(0.111126 -0.0154625 2.57952e-16)
(0.106131 -0.00878906 -4.04421e-17)
(0.101157 -0.00193887 4.81546e-19)
(0.0963461 0.00882304 3.82927e-16)
(0.0862371 0.0140329 -2.92296e-15)
(0.0728542 0.0310656 -2.23398e-15)
(0.0529508 0.00569102 5.69691e-17)
(0.0360719 0.0567098 3.89445e-16)
(1.64143 -0.286538 9.85032e-17)
(1.42759 -0.351016 4.79467e-17)
(1.36649 -0.483022 3.80101e-18)
(1.28348 -0.472763 -5.27576e-17)
(1.19697 -0.201923 -3.85347e-16)
(1.12866 0.299556 -9.02566e-17)
(1.08069 0.847568 1.93026e-16)
(1.04687 1.23172 -2.93608e-17)
(1.0206 1.39085 1.14344e-17)
(1.00628 1.45445 -1.02123e-16)
(0.994979 1.53222 -3.5306e-16)
(0.987671 1.63032 -1.06861e-16)
(0.981041 1.6862 1.56411e-16)
(0.977412 1.71683 3.99027e-17)
(0.972346 1.72237 -1.56076e-16)
(0.96871 1.71898 -9.45819e-17)
(0.962542 1.69717 -4.8473e-17)
(0.956534 1.66987 1.15917e-16)
(0.947137 1.6298 2.22619e-17)
(0.937329 1.58697 1.14719e-17)
(0.924421 1.53578 1.22201e-16)
(0.910762 1.48208 -5.47591e-17)
(0.8944 1.42101 -1.89887e-16)
(0.877498 1.35696 9.18796e-17)
(0.858832 1.2872 -6.01195e-17)
(0.839759 1.21332 -8.599e-17)
(0.819747 1.13378 -5.7747e-18)
(0.799734 1.05048 -3.86901e-17)
(0.779545 0.963169 -5.66345e-17)
(0.759637 0.872605 -2.24949e-17)
(0.739997 0.780007 -5.08403e-17)
(0.720604 0.68622 3.61688e-18)
(0.701363 0.593728 -2.15014e-18)
(0.681947 0.503945 -1.28899e-17)
(0.662345 0.41887 -1.07962e-16)
(0.642421 0.339294 5.10469e-17)
(0.622534 0.265194 1.97944e-16)
(0.60314 0.196995 -3.36336e-17)
(0.584804 0.134741 2.25795e-16)
(0.567222 0.0777699 -3.39202e-17)
(0.550704 0.027737 8.73764e-17)
(0.535059 -0.0142608 1.5088e-16)
(0.520461 -0.0485562 6.58181e-17)
(0.506763 -0.0765369 2.8551e-17)
(0.493917 -0.0997092 -2.04124e-16)
(0.481476 -0.119621 -2.5995e-17)
(0.469187 -0.136397 8.36731e-17)
(0.456525 -0.149346 1.06605e-16)
(0.443446 -0.157105 8.37684e-17)
(0.42987 -0.159516 3.60228e-18)
(0.416125 -0.157316 4.67645e-17)
(0.402389 -0.151875 1.72958e-16)
(0.388719 -0.144145 -3.91434e-17)
(0.374547 -0.134398 -1.90232e-17)
(0.359803 -0.122676 -3.73021e-17)
(0.344527 -0.109741 4.3756e-17)
(0.328743 -0.0965613 1.39014e-16)
(0.312032 -0.0841008 -1.59297e-18)
(0.293979 -0.0727268 -3.12653e-16)
(0.275008 -0.0625441 -4.55688e-17)
(0.255477 -0.0531072 -4.86442e-16)
(0.236334 -0.0444458 8.81644e-17)
(0.218055 -0.0371769 4.49412e-16)
(0.200317 -0.0319367 -9.83762e-16)
(0.183359 -0.0289475 -4.12344e-16)
(0.167504 -0.0270278 -2.2124e-17)
(0.152232 -0.0252975 3.68771e-17)
(0.140685 -0.0221535 4.45721e-16)
(0.131618 -0.0199608 -6.45059e-17)
(0.123554 -0.0163354 -2.52404e-16)
(0.116389 -0.0121732 -2.33262e-16)
(0.10963 -0.00722248 -1.02819e-15)
(0.103285 -0.00198487 5.92109e-17)
(0.0974452 0.00483335 5.75221e-16)
(0.0926388 0.0118018 5.10055e-19)
(0.0879871 0.0228039 9.69912e-17)
(0.079501 0.0287442 -2.2626e-17)
(0.0684611 0.0456818 6.91384e-16)
(0.0512166 0.0193965 -1.70981e-16)
(0.0335762 0.0627842 2.00165e-16)
(0.419748 -0.197707 6.64275e-17)
(0.231787 -0.328113 -3.28079e-17)
(0.0920772 -0.614577 1.90459e-17)
(-0.0600751 -0.605372 -2.03889e-17)
(-0.200205 -0.349778 1.55717e-16)
(-0.304439 0.0267279 -2.03481e-16)
(-0.375399 0.359503 -1.6708e-16)
(-0.423013 0.534394 1.67245e-16)
(-0.450825 0.585847 1.19013e-16)
(-0.461116 0.635868 3.57072e-17)
(-0.457426 0.727583 -6.79789e-17)
(-0.440669 0.82544 -2.02426e-16)
(-0.41272 0.896589 8.62518e-17)
(-0.375388 0.955407 9.16131e-17)
(-0.331531 1.00236 6.6584e-17)
(-0.281697 1.04148 7.51837e-17)
(-0.228793 1.06933 6.18842e-17)
(-0.172826 1.09142 1.05532e-16)
(-0.116745 1.1039 2.50138e-16)
(-0.0597673 1.1105 -1.48153e-16)
(-0.00443429 1.10857 -2.38893e-16)
(0.0503387 1.1005 2.01099e-16)
(0.102152 1.08336 4.34167e-17)
(0.152272 1.05826 -1.19467e-16)
(0.199091 1.02447 -4.61877e-17)
(0.243775 0.982884 2.67463e-17)
(0.285045 0.933031 -1.28032e-16)
(0.323838 0.875664 -3.77019e-17)
(0.359509 0.811715 -3.40293e-17)
(0.39256 0.741759 2.77539e-17)
(0.422455 0.667954 -2.72172e-17)
(0.449291 0.591546 -7.26553e-18)
(0.472645 0.515163 2.03853e-17)
(0.492517 0.440197 1.60802e-17)
(0.508758 0.368371 1.84755e-17)
(0.521599 0.299951 7.16976e-18)
(0.531264 0.234941 -4.44771e-17)
(0.538249 0.173828 -1.75405e-17)
(0.542948 0.117032 -2.43728e-17)
(0.545366 0.0646538 5.89956e-18)
(0.54584 0.0186245 -8.08031e-17)
(0.544488 -0.0199114 -1.20898e-16)
(0.541663 -0.0513458 1.41472e-16)
(0.537482 -0.0768071 7.70439e-17)
(0.532094 -0.0977406 -1.25606e-16)
(0.525405 -0.115322 -4.36149e-17)
(0.517294 -0.129576 -3.84226e-17)
(0.507538 -0.139795 6.83915e-17)
(0.496106 -0.144949 1.51261e-17)
(0.483196 -0.145086 -6.45914e-17)
(0.46916 -0.141066 5.18551e-17)
(0.454332 -0.134226 1.37536e-16)
(0.43875 -0.125225 -1.36156e-17)
(0.422018 -0.114362 -1.35136e-17)
(0.404486 -0.10159 -5.96676e-18)
(0.386189 -0.0876436 1.72125e-17)
(0.367253 -0.0734312 4.35711e-17)
(0.346852 -0.0597102 -1.78761e-17)
(0.325301 -0.0474052 2.3657e-17)
(0.302845 -0.0371002 -1.74309e-17)
(0.280247 -0.0282866 -7.27266e-17)
(0.258356 -0.0204285 -4.26025e-17)
(0.237093 -0.0143354 3.50532e-16)
(0.216766 -0.0104884 -3.1741e-16)
(0.197277 -0.00884447 -2.14297e-16)
(0.178636 -0.00854283 -4.44586e-17)
(0.160317 -0.00844527 -1.73789e-16)
(0.146492 -0.00698456 5.90785e-17)
(0.135322 -0.00606604 3.98485e-17)
(0.125036 -0.00373638 -2.20035e-16)
(0.115449 -0.000951124 6.16607e-17)
(0.106569 0.00277741 -1.11846e-15)
(0.0987233 0.00746106 -3.02354e-17)
(0.0920342 0.0139146 1.80119e-16)
(0.086718 0.0204474 -3.51425e-17)
(0.0817999 0.0313807 7.99637e-17)
(0.0748996 0.0382188 8.41661e-16)
(0.0655791 0.0545977 -7.44029e-16)
(-0.335076 0.23553 -3.50999e-17)
(-0.518967 0.0170035 -9.70142e-17)
(-0.684851 -0.348535 -2.49353e-18)
(-0.85748 -0.380675 5.13045e-17)
(-1.01408 -0.285172 -4.36861e-17)
(-1.13476 -0.167977 1.88583e-16)
(-1.22913 -0.124898 -1.30599e-16)
(-1.29902 -0.184282 -3.50298e-17)
(-1.3523 -0.27322 8.34042e-17)
(-1.38415 -0.307152 -9.0973e-18)
(-1.4007 -0.295811 9.36208e-17)
(-1.39651 -0.272505 7.16285e-17)
(-1.37848 -0.25111 -3.32978e-17)
(-1.34288 -0.217638 -2.22367e-17)
(-1.29618 -0.17636 -4.14263e-19)
(-1.2352 -0.12676 1.10447e-16)
(-1.16592 -0.074304 3.64811e-17)
(-1.08601 -0.0150852 7.12687e-17)
(-1.00047 0.0456509 -1.03554e-16)
(-0.907747 0.107369 -7.2148e-18)
(-0.812123 0.165535 -2.15233e-16)
(-0.712539 0.220356 -6.83668e-17)
(-0.612517 0.269232 1.49073e-16)
(-0.51148 0.309685 -1.46026e-16)
(-0.412003 0.340224 1.93865e-17)
(-0.313846 0.360334 7.01151e-17)
(-0.218774 0.370736 4.11885e-17)
(-0.126773 0.369851 2.04406e-17)
(-0.0390091 0.359387 4.57409e-17)
(0.0441974 0.339638 7.53586e-18)
(0.122012 0.313598 7.30279e-17)
(0.194067 0.281735 -1.50426e-17)
(0.259776 0.247274 -3.26665e-17)
(0.318897 0.210739 9.93288e-18)
(0.371302 0.17388 8.46607e-19)
(0.417157 0.136375 -1.59406e-17)
(0.456574 0.0986024 1.77849e-18)
(0.489901 0.0608482 6.43963e-17)
(0.517545 0.0242611 -1.15362e-17)
(0.539674 -0.0105034 -2.87767e-17)
(0.556697 -0.041388 -1.47333e-17)
(0.568968 -0.0671821 1.89588e-16)
(0.577018 -0.087959 -9.75215e-18)
(0.581246 -0.1045 9.50347e-17)
(0.582053 -0.117926 4.06144e-17)
(0.579637 -0.128786 -3.37985e-17)
(0.574139 -0.136906 -3.33653e-17)
(0.565602 -0.141532 -2.54528e-17)
(0.554246 -0.141903 -6.15597e-17)
(0.540488 -0.138139 -1.68652e-16)
(0.524802 -0.131173 7.76634e-17)
(0.507615 -0.122092 -1.54815e-16)
(0.489044 -0.111329 7.55913e-17)
(0.469037 -0.0990179 6.30306e-18)
(0.447894 -0.0851783 4.7158e-17)
(0.425943 -0.0702718 7.36879e-17)
(0.402918 -0.0547285 -8.4763e-17)
(0.378664 -0.0398876 -2.78615e-17)
(0.353806 -0.02714 -1.4593e-16)
(0.328298 -0.0166532 6.87911e-17)
(0.303219 -0.00805642 2.44952e-16)
(0.27835 -0.00104405 -4.63263e-17)
(0.254695 0.00423931 -7.66761e-16)
(0.231782 0.00712607 1.13628e-15)
(0.21002 0.00781281 6.54137e-16)
(0.188769 0.00727164 -4.49018e-17)
(0.168011 0.0060545 -2.08504e-16)
(0.152848 0.00592691 -8.40712e-16)
(0.140028 0.00572082 2.63694e-16)
(0.127811 0.00686274 1.7875e-16)
(0.116142 0.00836505 1.09458e-16)
(0.105353 0.0108369 1.99997e-15)
(0.0961566 0.0146071 -1.40145e-15)
(0.0885221 0.0202823 -4.67683e-16)
(0.0823263 0.0261743 -3.4739e-17)
(0.0768111 0.0361156 -4.2962e-16)
(-1.1613 0.873548 6.76107e-17)
(-1.28815 0.881801 -6.10134e-17)
(-1.38354 0.660769 -3.82037e-17)
(-1.48427 0.671314 5.32277e-17)
(-1.56835 0.644149 -4.67106e-17)
(-1.62751 0.557948 -1.09064e-16)
(-1.67058 0.384099 1.25235e-16)
(-1.69973 0.147114 -1.3052e-17)
(-1.71964 -0.075671 -2.81421e-17)
(-1.72662 -0.247105 4.6045e-18)
(-1.72323 -0.39039 1.12291e-17)
(-1.70622 -0.522446 3.02359e-17)
(-1.67968 -0.639591 4.28466e-17)
(-1.64089 -0.73295 4.89838e-17)
(-1.59316 -0.802915 -1.15598e-17)
(-1.53401 -0.8487 3.2237e-17)
(-1.46671 -0.872547 9.42357e-17)
(-1.3896 -0.873635 -2.93708e-17)
(-1.30519 -0.854836 -2.40448e-17)
(-1.21241 -0.818262 -1.47629e-16)
(-1.11374 -0.767978 1.7422e-16)
(-1.00907 -0.707139 -1.47575e-17)
(-0.900306 -0.638534 -1.31164e-16)
(-0.78788 -0.567469 8.39445e-18)
(-0.67368 -0.496527 1.61346e-17)
(-0.558741 -0.429321 -3.04391e-17)
(-0.444401 -0.366533 -4.26822e-18)
(-0.331715 -0.311369 3.79843e-17)
(-0.221942 -0.263096 2.17775e-17)
(-0.116306 -0.223365 7.56963e-19)
(-0.015763 -0.190409 8.32808e-17)
(0.0787875 -0.164229 2.36357e-17)
(0.166597 -0.143144 5.1317e-18)
(0.2471 -0.127207 -3.22939e-17)
(0.319984 -0.115599 -6.26708e-18)
(0.385173 -0.109075 -3.62332e-18)
(0.442459 -0.107302 1.98259e-17)
(0.491938 -0.109739 -3.62214e-17)
(0.533764 -0.115121 -5.2333e-17)
(0.568098 -0.122401 4.21177e-17)
(0.595213 -0.129427 5.45989e-17)
(0.615556 -0.134988 -5.43925e-17)
(0.629688 -0.138799 -4.18692e-17)
(0.638114 -0.14128 1.04363e-17)
(0.64146 -0.142967 1.18079e-17)
(0.640089 -0.143776 -4.11409e-17)
(0.634375 -0.143309 1.09885e-16)
(0.624547 -0.140674 9.11084e-17)
(0.611089 -0.13529 4.61011e-17)
(0.594617 -0.12725 6.74933e-17)
(0.575768 -0.117304 -7.92576e-17)
(0.554987 -0.106112 7.04399e-17)
(0.532529 -0.0938958 -5.44435e-17)
(0.508569 -0.080578 -2.27446e-17)
(0.483414 -0.0661219 5.44175e-17)
(0.457331 -0.0505578 -1.93912e-16)
(0.430209 -0.0346195 -1.29523e-16)
(0.402771 -0.0197827 3.70716e-17)
(0.374937 -0.00698802 4.01607e-16)
(0.347501 0.00309392 -1.06287e-16)
(0.320265 0.0110479 7.16113e-16)
(0.293708 0.0174994 -6.08522e-17)
(0.267634 0.0217615 -3.99368e-17)
(0.243072 0.0238036 -2.20611e-16)
(0.2192 0.0237715 -2.92159e-17)
(0.196174 0.0224524 -1.09902e-16)
(0.174001 0.0199346 -1.4805e-18)
(0.157992 0.018474 4.10477e-17)
(0.144099 0.0171589 -5.7733e-16)
(0.130387 0.0169471 1.43897e-16)
(0.117155 0.0172251 -1.14003e-16)
(0.104886 0.0186614 1.94179e-16)
(0.094382 0.0210313 1.03751e-16)
(0.0857084 0.0248031 8.5208e-16)
(-0.586808 -0.606263 -4.0891e-17)
(-0.624916 -0.756646 -8.61448e-17)
(-0.665351 -0.84385 -1.53771e-17)
(-0.715755 -0.747334 2.04256e-17)
(-0.75183 -0.73925 1.4787e-16)
(-0.777622 -0.760678 -1.31541e-17)
(-0.794167 -0.853115 -1.33686e-16)
(-0.808783 -0.960493 4.53808e-17)
(-0.817828 -1.05296 7.49211e-17)
(-0.823783 -1.11224 1.16153e-17)
(-0.823213 -1.18222 6.64903e-17)
(-0.819118 -1.25048 5.10852e-17)
(-0.809563 -1.32291 -8.60601e-17)
(-0.796548 -1.38254 -3.00981e-17)
(-0.77815 -1.43941 -6.38603e-18)
(-0.755902 -1.47949 4.7871e-17)
(-0.728065 -1.5095 1.1061e-16)
(-0.695808 -1.52051 1.07589e-16)
(-0.657539 -1.51824 9.60956e-17)
(-0.614157 -1.49575 -1.64922e-16)
(-0.564378 -1.45797 -2.03994e-16)
(-0.509395 -1.40377 1.46184e-16)
(-0.448328 -1.33784 8.01763e-17)
(-0.382497 -1.26042 -4.9151e-17)
(-0.311704 -1.17585 2.80449e-17)
(-0.237729 -1.08645 4.3126e-17)
(-0.160558 -0.995465 -9.7294e-17)
(-0.0819264 -0.905792 4.44571e-17)
(-0.00230844 -0.818479 1.19283e-16)
(0.0765424 -0.735699 -1.16753e-16)
(0.154053 -0.657524 -1.34654e-16)
(0.228679 -0.585203 3.17325e-17)
(0.300003 -0.517768 1.05884e-16)
(0.366828 -0.456838 -5.83127e-17)
(0.428859 -0.402192 -3.66124e-18)
(0.485248 -0.355023 -1.68011e-17)
(0.535739 -0.314959 3.19347e-17)
(0.579651 -0.282101 1.57214e-17)
(0.617081 -0.254983 -2.64012e-17)
(0.647572 -0.232925 -1.01822e-17)
(0.671393 -0.214097 1.7749e-17)
(0.688477 -0.197378 4.2861e-19)
(0.699426 -0.182367 -2.74544e-18)
(0.704482 -0.169208 4.91766e-17)
(0.70429 -0.157764 3.0623e-17)
(0.699094 -0.147624 -6.8419e-17)
(0.689347 -0.138056 8.16468e-17)
(0.675255 -0.128208 1.05961e-16)
(0.657442 -0.117485 2.16657e-17)
(0.636539 -0.105849 -5.05936e-17)
(0.613265 -0.0937172 -1.3886e-17)
(0.588106 -0.0813168 7.95735e-17)
(0.561372 -0.0685619 7.41776e-17)
(0.533351 -0.0551432 -8.83821e-17)
(0.504429 -0.0409071 2.57299e-18)
(0.474608 -0.0257898 6.82342e-17)
(0.444414 -0.0106897 -5.69169e-17)
(0.414332 0.00319109 -1.17592e-16)
(0.384902 0.0145784 2.05834e-16)
(0.356443 0.0237699 -4.29418e-17)
(0.328086 0.0311172 -6.48089e-16)
(0.300299 0.0366789 1.59393e-16)
(0.273561 0.0400935 4.26642e-16)
(0.247936 0.040928 -3.7894e-17)
(0.223199 0.0399911 2.89718e-17)
(0.199499 0.0377035 -3.09235e-17)
(0.176746 0.0344147 1.24308e-16)
(0.160501 0.0316178 1.90762e-16)
(0.145995 0.0291845 -9.00634e-16)
(0.131269 0.0277548 -4.93436e-16)
(0.116974 0.0256374 2.0308e-16)
(1.29589 -0.67694 -3.03671e-17)
(1.2154 -1.15316 -1.19533e-16)
(1.11993 -1.24669 -1.28354e-17)
(1.02202 -1.22292 7.37501e-17)
(0.947153 -1.26571 -2.00299e-16)
(0.880779 -1.29828 -2.3301e-19)
(0.828447 -1.34397 7.72775e-17)
(0.778122 -1.37372 -1.61563e-16)
(0.738331 -1.37145 -8.19577e-17)
(0.701016 -1.35785 -3.96964e-17)
(0.672727 -1.35018 -2.83019e-17)
(0.645473 -1.35155 4.03431e-17)
(0.624645 -1.35666 -2.33691e-17)
(0.603935 -1.36676 -1.64063e-17)
(0.587819 -1.3804 5.37953e-17)
(0.570991 -1.39642 -5.85708e-17)
(0.557631 -1.4119 2.54901e-18)
(0.543786 -1.42562 -2.01865e-16)
(0.532956 -1.43351 -1.07805e-16)
(0.52226 -1.43403 1.28709e-16)
(0.515146 -1.42458 2.45194e-16)
(0.509304 -1.40519 -2.55077e-16)
(0.507443 -1.37464 -9.21113e-17)
(0.507631 -1.33296 4.77677e-17)
(0.512271 -1.28032 -5.43853e-17)
(0.519383 -1.21965 1.95514e-17)
(0.530839 -1.15163 6.85074e-17)
(0.544746 -1.07891 -2.33841e-17)
(0.562242 -1.00212 -3.97136e-17)
(0.581196 -0.923904 6.17141e-18)
(0.602686 -0.844401 -1.15041e-16)
(0.624629 -0.766006 5.7473e-18)
(0.647676 -0.689121 -6.44491e-17)
(0.670065 -0.615598 -8.56054e-17)
(0.692292 -0.546118 2.86374e-18)
(0.712729 -0.482271 -1.25324e-17)
(0.731647 -0.424517 -6.62102e-17)
(0.747606 -0.373134 1.14512e-17)
(0.760835 -0.327788 8.26163e-17)
(0.770217 -0.287964 -1.10622e-17)
(0.776032 -0.252703 -5.35902e-17)
(0.777676 -0.22115 -2.24164e-17)
(0.775446 -0.193351 4.53509e-17)
(0.768956 -0.169172 4.98132e-17)
(0.75877 -0.148287 -7.99287e-18)
(0.744786 -0.130061 -7.05131e-17)
(0.72733 -0.113906 1.33529e-16)
(0.706408 -0.0990121 1.17165e-16)
(0.682582 -0.0848745 1.28124e-16)
(0.656297 -0.071405 2.1121e-16)
(0.62824 -0.0586862 3.11352e-16)
(0.598744 -0.0465318 -5.12924e-16)
(0.568152 -0.0343588 5.20361e-16)
(0.536754 -0.021863 -6.29656e-17)
(0.504852 -0.00901218 -1.15115e-16)
(0.472698 0.00449277 3.04145e-16)
(0.440845 0.0176319 2.16448e-16)
(0.409706 0.0288334 -4.68267e-17)
(0.380267 0.0379116 -8.70942e-16)
(0.351296 0.0452327 2.002e-16)
(0.323812 0.051778 -1.16449e-16)
(0.296229 0.0569442 7.67309e-18)
(0.270023 0.058994 3.42217e-16)
(0.24453 0.0589905 9.94004e-17)
(0.219887 0.0568095 -1.65429e-16)
(0.196423 0.0518453 4.81445e-16)
(3.15358 0.0653377 4.17636e-18)
(3.04191 -0.513979 1.23177e-17)
(2.8834 -0.579738 -1.12013e-17)
(2.73482 -0.704649 -6.69255e-17)
(2.59891 -0.864048 2.195e-16)
(2.47523 -0.989872 -4.09932e-17)
(2.35847 -1.09816 -5.80295e-17)
(2.25179 -1.16424 1.4514e-16)
(2.15246 -1.19095 2.82412e-17)
(2.06434 -1.20047 -2.95199e-17)
(1.98322 -1.19959 -6.64393e-17)
(1.91146 -1.19045 -6.0492e-17)
(1.84526 -1.17382 1.30193e-16)
(1.78635 -1.15481 6.65932e-17)
(1.73135 -1.13503 -9.44452e-18)
(1.68083 -1.117 -9.56876e-17)
(1.63239 -1.09986 7.20007e-17)
(1.58645 -1.08687 5.38891e-18)
(1.54156 -1.07438 -8.56622e-17)
(1.49755 -1.06323 -2.0058e-16)
(1.4543 -1.05057 -3.27224e-17)
(1.41124 -1.03696 1.93436e-16)
(1.36915 -1.01961 -1.12948e-16)
(1.32703 -0.998319 -1.54064e-16)
(1.28659 -0.971291 2.83343e-17)
(1.24671 -0.939738 -7.76401e-17)
(1.20909 -0.903297 1.09301e-16)
(1.17261 -0.861755 -1.7198e-17)
(1.13875 -0.814697 -7.35859e-18)
(1.10642 -0.76427 4.62593e-17)
(1.07682 -0.710904 1.80601e-16)
(1.04911 -0.655458 -9.5659e-18)
(1.02388 -0.598262 -7.18925e-17)
(1.00026 -0.541224 5.09092e-17)
(0.978751 -0.485504 -1.90224e-17)
(0.958522 -0.432078 3.55459e-17)
(0.939701 -0.382031 -6.8198e-17)
(0.921357 -0.335449 1.36196e-17)
(0.903587 -0.292782 3.31038e-18)
(0.885366 -0.253496 7.73201e-18)
(0.86653 -0.217407 2.3377e-17)
(0.84685 -0.184276 -4.59558e-17)
(0.826372 -0.154865 1.42346e-16)
(0.804839 -0.128365 1.3466e-16)
(0.781844 -0.105382 -9.14086e-17)
(0.757186 -0.0851777 -1.30645e-16)
(0.730948 -0.0674042 8.8343e-17)
(0.702936 -0.051522 2.01761e-16)
(0.673426 -0.0373488 -9.01061e-17)
(0.642654 -0.0246972 -2.01508e-16)
(0.6109 -0.0135962 -1.45064e-16)
(0.578546 -0.00357608 3.08296e-16)
(0.545897 0.00560527 -2.16772e-16)
(0.513107 0.0153716 1.13488e-16)
(0.479878 0.0271633 2.13913e-16)
(0.447483 0.0377597 1.15699e-17)
(0.416013 0.0476958 -3.02396e-16)
(0.386205 0.0556065 1.47588e-16)
(0.35725 0.0620799 5.16897e-16)
(0.329998 0.0667999 -1.35957e-16)
(0.303722 0.0681582 4.98192e-16)
(4.28449 0.386469 7.86405e-18)
(4.12398 0.00178494 7.19722e-17)
(3.91666 0.105597 2.12408e-18)
(3.728 0.0216298 7.93968e-18)
(3.54653 -0.0796159 -1.62605e-16)
(3.37606 -0.166946 9.5206e-17)
(3.21062 -0.251097 4.56551e-17)
(3.05472 -0.311835 -9.10324e-17)
(2.90697 -0.357925 8.35081e-18)
(2.76889 -0.397878 4.07606e-17)
(2.64039 -0.432548 -9.88601e-19)
(2.52047 -0.45783 2.35805e-17)
(2.4108 -0.476129 -1.05924e-16)
(2.30845 -0.487417 -6.15245e-18)
(2.21579 -0.495841 -4.87291e-17)
(2.12874 -0.500875 4.19422e-17)
(2.05003 -0.504995 -1.26618e-16)
(1.9755 -0.507385 9.49172e-17)
(1.90764 -0.510605 1.13119e-16)
(1.8425 -0.512388 1.89865e-16)
(1.78237 -0.51514 -1.18641e-16)
(1.7237 -0.515375 -8.84699e-17)
(1.66837 -0.515073 2.57386e-16)
(1.61358 -0.511698 1.78181e-17)
(1.56122 -0.507165 -1.97291e-17)
(1.50905 -0.498428 3.63472e-17)
(1.45879 -0.487233 -6.50947e-17)
(1.40848 -0.472091 -1.6011e-17)
(1.36013 -0.453615 -5.11624e-17)
(1.31194 -0.431479 7.80353e-17)
(1.26586 -0.406712 -3.19285e-17)
(1.21989 -0.379269 -7.09013e-18)
(1.1761 -0.349711 1.75657e-17)
(1.13275 -0.318569 1.28651e-16)
(1.09167 -0.287147 3.51812e-17)
(1.05107 -0.255985 8.43108e-18)
(1.01267 -0.225918 1.0373e-16)
(0.974584 -0.196924 2.91378e-17)
(0.938539 -0.169433 -5.45942e-17)
(0.903166 -0.143359 -4.17757e-17)
(0.869924 -0.12009 3.49715e-17)
(0.836083 -0.0972549 -2.10815e-17)
(0.802653 -0.0742587 -7.4122e-17)
(0.770152 -0.0555131 5.00826e-17)
(0.739318 -0.0376336 7.5268e-18)
(0.708258 -0.0216487 4.70888e-17)
(0.677803 -0.00743042 -7.88253e-17)
(0.646689 0.00545577 -2.38873e-17)
(0.615666 0.0167777 1.41971e-17)
(0.583964 0.0265833 -5.79715e-17)
(0.552259 0.0345953 -6.24681e-16)
(0.520194 0.0416609 3.90802e-16)
(0.488317 0.0466938 -4.65432e-16)
(0.457641 0.0465169 -1.8635e-17)
(3.51206 0.58854 2.27694e-17)
(3.39049 0.469279 8.39772e-17)
(3.2347 0.575954 2.18125e-17)
(3.08517 0.492669 -3.95165e-17)
(2.93091 0.431152 3.97474e-17)
(2.78049 0.371423 -6.55353e-17)
(2.62961 0.309831 4.79997e-17)
(2.4868 0.257827 3.54328e-17)
(2.34768 0.206014 -5.3885e-17)
(2.21918 0.152283 1.75931e-18)
(2.09601 0.0997457 8.98666e-18)
(1.98385 0.0514567 -2.29033e-17)
(1.87811 0.0075132 4.12589e-17)
(1.78292 -0.0328635 -1.023e-16)
(1.6943 -0.0701463 3.18746e-17)
(1.61503 -0.104083 5.03798e-19)
(1.54227 -0.134952 -2.46629e-17)
(1.4777 -0.162571 -9.50709e-17)
(1.41907 -0.187548 3.9689e-17)
(1.36691 -0.209353 8.13445e-17)
(1.31983 -0.228694 1.29128e-16)
(1.27743 -0.243204 -2.58442e-18)
(1.23915 -0.254365 -1.09151e-16)
(1.20366 -0.261064 1.63766e-16)
(1.17128 -0.265466 -1.52673e-17)
(1.14025 -0.26446 -2.27279e-18)
(1.11164 -0.260211 -1.41913e-17)
(1.08314 -0.251896 8.84438e-18)
(1.05639 -0.241969 -3.37437e-17)
(1.02917 -0.227335 -8.23149e-17)
(1.00318 -0.210197 -2.06905e-17)
(0.976071 -0.189673 -7.413e-17)
(0.949667 -0.168663 -2.02353e-18)
(0.921949 -0.145873 -5.79953e-17)
(0.894712 -0.123776 2.13436e-17)
(0.866171 -0.101403 -9.26852e-18)
(0.838072 -0.0809918 -3.42043e-17)
(0.808372 -0.0608313 7.86009e-17)
(0.779503 -0.0439392 1.14655e-16)
(0.750562 -0.0263512 -5.24074e-17)
(0.722465 -0.0148175 -9.74979e-17)
(0.696475 -0.0174569 -4.77438e-17)
)
;

boundaryField
{
    inlet
    {
        type            calculated;
        value           nonuniform List<vector> 
13
(
(0.0115921 0.473828 -4.58591e-16)
(0.011593 0.475081 -9.05592e-16)
(0.0114127 0.470996 -4.6541e-16)
(0.0111814 0.467862 1.66908e-15)
(0.0111791 0.462103 -8.92669e-17)
(0.0115254 0.459832 -4.66982e-16)
(0.0114656 0.467757 -5.64528e-16)
(0.0198703 0.506073 -2.26451e-15)
(0.0481003 0.550501 6.57605e-15)
(0.0411635 0.549697 2.7532e-16)
(0.039175 0.543769 -2.387e-15)
(0.0360714 0.534901 3.89445e-16)
(0.0335756 0.527185 2.00165e-16)
)
;
    }
    outlet
    {
        type            calculated;
        value           nonuniform List<vector> 0();
    }
    walls
    {
        type            calculated;
        value           nonuniform List<vector> 4((-0.253252 2.98232 2.30482e-14) (-0.358264 3.01205 1.9568e-14) (-1.17466 2.45435 1.91857e-14) (-2.67018 0.749645 1.27932e-14));
    }
    frontAndBack
    {
        type            empty;
    }
    procBoundary2to1
    {
        type            processor;
        value           nonuniform List<vector> 
84
(
(-0.0289212 2.44282 -1.10643e-13)
(0.575962 5.08527 3.48277e-14)
(0.0469252 6.85271 -4.57228e-14)
(0.0256264 7.56768 5.63408e-14)
(0.233255 6.89143 7.25248e-15)
(0.58212 4.9047 -1.50705e-14)
(0.839616 3.40963 2.33102e-14)
(0.857278 3.31475 -1.39673e-14)
(0.836517 3.77209 -4.93878e-14)
(0.884912 3.61549 5.32979e-14)
(0.946821 3.11727 -1.23733e-14)
(0.983533 2.72975 -2.15008e-14)
(1.00558 2.43514 5.10009e-14)
(1.02396 2.08659 -2.01854e-14)
(1.03186 1.76187 -3.44632e-14)
(1.03251 1.45727 5.50786e-14)
(1.02435 1.17092 -2.67586e-14)
(1.01057 0.907721 -2.12928e-14)
(0.990472 0.666056 2.07104e-14)
(0.966984 0.447625 -1.77438e-15)
(0.939009 0.250908 -8.63457e-15)
(0.908387 0.0787843 6.23402e-15)
(0.874127 -0.0706614 -8.21408e-15)
(0.838781 -0.199789 3.4298e-15)
(0.801911 -0.312594 -6.89733e-15)
(0.765431 -0.410347 1.02767e-14)
(0.728349 -0.492341 -7.67761e-15)
(0.691265 -0.557484 4.13464e-16)
(0.65271 -0.602507 7.22339e-16)
(0.614297 -0.628893 4.58237e-15)
(0.575148 -0.63771 -5.62758e-15)
(0.537422 -0.635 2.38884e-15)
(0.500694 -0.625038 1.20049e-15)
(0.467265 -0.613599 5.53959e-15)
(0.435547 -0.600983 -6.18005e-15)
(0.407031 -0.588471 2.35242e-15)
(0.379454 -0.573939 7.34647e-16)
(0.353608 -0.559032 -5.20234e-16)
(0.353608 -0.559032 -5.20234e-16)
(0.304397 -0.547651 3.03951e-16)
(0.282505 -0.536824 -2.37925e-15)
(0.261707 -0.528039 1.73139e-15)
(0.242395 -0.520415 6.56934e-16)
(0.223528 -0.511799 -1.17947e-15)
(0.205709 -0.500588 -1.99429e-16)
(0.188913 -0.487328 2.47641e-16)
(0.173773 -0.472745 -1.72238e-17)
(0.159719 -0.456609 -9.02649e-17)
(0.146626 -0.437053 -1.37232e-16)
(0.134693 -0.41359 1.021e-16)
(0.124396 -0.38705 -1.30717e-16)
(0.115729 -0.361347 -2.22582e-17)
(0.10873 -0.341301 -3.04349e-18)
(0.10873 -0.341301 -3.04349e-18)
(0.094259 -0.329531 1.99424e-17)
(0.0911207 -0.316187 -5.20332e-17)
(0.0894376 -0.303501 -2.31338e-17)
(0.0865923 -0.289956 9.41914e-17)
(0.0850201 -0.275428 3.15212e-16)
(0.0823448 -0.260178 -1.75094e-16)
(0.0805456 -0.243885 5.0196e-17)
(0.0776437 -0.226328 1.81654e-16)
(0.075493 -0.207553 3.34775e-16)
(0.075493 -0.207553 3.34775e-16)
(0.0734855 -0.183582 -1.15105e-16)
(0.0725089 -0.156181 8.05329e-17)
(0.0727183 -0.127811 -3.8393e-16)
(0.073032 -0.100214 3.22376e-16)
(0.0736861 -0.0765135 -8.06638e-17)
(0.0742916 -0.0595472 3.3797e-16)
(0.0750301 -0.0509409 -1.98971e-16)
(0.0713125 -0.0494891 4.42994e-17)
(0.0663472 -0.0483887 -6.52174e-18)
(0.0588772 -0.048911 4.94018e-16)
(0.0588772 -0.048911 4.94018e-16)
(0.0352378 -0.0530334 -2.77334e-16)
(0.026243 -0.0530353 -3.96373e-17)
(0.0191607 -0.0496498 4.96419e-17)
(0.0150761 -0.0427761 1.17374e-16)
(0.0138449 -0.0356615 -5.18775e-17)
(0.0139803 -0.0291835 5.56597e-17)
(0.0144132 -0.0192931 -1.97201e-16)
(0.0110601 -0.020675 -3.73162e-17)
(0.0111456 0.0118095 -3.89827e-16)
)
;
    }
    procBoundary2to3
    {
        type            processor;
        value           nonuniform List<vector> 
88
(
(0.0503478 0.0276978 4.88575e-16)
(0.0307565 0.0658439 -1.32553e-15)
(0.0710807 0.0426032 4.72989e-15)
(0.0503478 0.0276978 4.88575e-16)
(0.0628065 0.0581797 5.69672e-16)
(0.0785658 0.0285718 8.15197e-17)
(0.0710807 0.0426032 4.72989e-15)
(0.0722506 0.0380433 5.06423e-16)
(0.104184 0.0242563 -9.13408e-16)
(0.0928229 0.0254521 2.09134e-15)
(0.0785658 0.0285718 8.15197e-17)
(0.0829972 0.0280645 3.47652e-17)
(0.174613 0.0448166 1.37344e-16)
(0.159259 0.0407414 -2.2429e-16)
(0.144887 0.0378592 9.96863e-17)
(0.129919 0.036102 9.12285e-16)
(0.104184 0.0242563 -9.13408e-16)
(0.115168 0.0333616 -3.36341e-16)
(0.280164 0.0689669 -7.47162e-16)
(0.255727 0.0712175 3.64603e-16)
(0.23217 0.0709224 2.90061e-16)
(0.208918 0.0690996 9.62041e-16)
(0.174613 0.0448166 1.37344e-16)
(0.186846 0.0638251 7.98594e-16)
(0.429129 0.0486355 3.29682e-16)
(0.400226 0.0577948 7.99899e-16)
(0.371999 0.0649409 1.09731e-15)
(0.345059 0.0710593 -2.90244e-16)
(0.31925 0.0754017 5.20252e-16)
(0.294676 0.0801927 -7.13848e-16)
(0.280164 0.0689669 -7.47162e-16)
(0.271119 0.0818294 -2.02043e-15)
(0.673567 -0.0126537 5.80198e-18)
(0.644592 -0.000520323 5.27388e-16)
(0.617843 0.0080497 -1.90846e-16)
(0.591102 0.0182378 -3.35193e-16)
(0.564987 0.0278508 7.75873e-16)
(0.538386 0.0375905 -5.47069e-16)
(0.512143 0.0463301 5.26855e-17)
(0.485413 0.0545487 4.44403e-16)
(0.45849 0.0615153 -9.58234e-16)
(0.431784 0.0669573 -1.81401e-15)
(0.405438 0.0741311 -5.01053e-17)
(0.429129 0.0486355 3.29682e-16)
(0.378257 0.0764872 -3.74181e-16)
(2.93069 -0.401119 1.44024e-20)
(2.79491 -0.420093 2.31292e-18)
(2.63955 -0.472034 6.4833e-18)
(2.4768 -0.590843 -7.97048e-19)
(2.31117 -0.631599 -3.84747e-17)
(2.14186 -0.654745 2.05168e-17)
(1.97915 -0.662288 1.77829e-17)
(1.82097 -0.656165 -8.58282e-18)
(1.67404 -0.647894 1.50796e-17)
(1.53568 -0.638055 -2.56634e-17)
(1.40919 -0.628405 -8.39102e-17)
(1.29272 -0.617314 -3.04425e-17)
(1.18748 -0.607716 -4.64187e-17)
(1.09224 -0.598677 -2.31865e-19)
(1.00682 -0.592155 5.67814e-17)
(0.930922 -0.585156 -2.2271e-18)
(0.863432 -0.580453 -7.71036e-17)
(0.804956 -0.575311 -5.43761e-17)
(0.75341 -0.570967 -6.40556e-17)
(0.710009 -0.564562 1.53041e-16)
(0.671892 -0.558063 3.56109e-17)
(0.640904 -0.547899 -2.01937e-17)
(0.613874 -0.535836 1.05974e-16)
(0.592973 -0.519048 1.2374e-16)
(0.574536 -0.500457 -4.11149e-17)
(0.56127 -0.476947 -1.46014e-16)
(0.549439 -0.451258 6.19662e-17)
(0.541944 -0.420815 3.19532e-17)
(0.534626 -0.389901 3.18398e-17)
(0.53076 -0.354678 -1.71764e-16)
(0.52627 -0.318346 -5.81412e-17)
(0.524374 -0.27892 -2.65481e-16)
(0.520863 -0.240588 -1.632e-16)
(0.519144 -0.201486 2.99512e-16)
(0.515102 -0.164873 8.31618e-17)
(0.512242 -0.128894 1.13148e-17)
(0.506484 -0.0966415 1.05708e-16)
(0.50185 -0.065552 9.20127e-17)
(0.490143 -0.0390447 3.04663e-16)
(0.483833 -0.018291 -1.60946e-16)
(0.473753 0.00632859 8.98514e-18)
(0.673567 -0.0126537 5.80198e-18)
(0.458318 0.0200242 1.20067e-16)
)
;
    }
    procBoundary2to6
    {
        type            processor;
        value           nonuniform List<vector> 
13
(
(-13.0127 -6.29464 1.08216e-13)
(-2.26668 -4.38324 -3.74932e-14)
(2.95116 -2.31297 2.08685e-17)
(3.15244 -0.593955 -1.0139e-16)
(2.13693 -0.155718 9.20748e-17)
(0.668648 0.352813 4.39282e-17)
(-0.150328 0.643013 7.53341e-17)
(-0.970447 0.617431 1.06965e-16)
(-0.500267 -0.68811 1.08807e-16)
(1.41664 -0.926512 5.75863e-17)
(3.23316 -0.0334657 -2.94838e-17)
(4.36328 0.418987 -4.77661e-17)
(3.4151 0.888701 -6.12257e-17)
)
;
    }
}


// ************************************************************************* //
