/*--------------------------------*- C++ -*----------------------------------*\
| =========                 |                                                 |
| \\      /  F ield         | OpenFOAM: The Open Source CFD Toolbox           |
|  \\    /   O peration     | Version:  2306                                  |
|   \\  /    A nd           | Website:  www.openfoam.com                      |
|    \\/     M anipulation  |                                                 |
\*---------------------------------------------------------------------------*/
FoamFile
{
    version     2.0;
    format      ascii;
    arch        "LSB;label=32;scalar=64";
    class       volVectorField;
    location    "825";
    object      momentError;
}
// * * * * * * * * * * * * * * * * * * * * * * * * * * * * * * * * * * * * * //

dimensions      [0 1 -2 0 0 0 0];

internalField   nonuniform List<vector> 
1340
(
(1.72415e-08 -4.65373e-07 -7.3966e-16)
(-1.27566e-07 -8.86441e-07 -1.09297e-16)
(-7.68678e-08 -8.47408e-07 -7.61663e-16)
(-2.42953e-07 -7.22151e-07 3.80753e-15)
(-2.18996e-07 -7.81496e-07 -5.7467e-17)
(-1.00229e-07 -7.9747e-07 1.22431e-15)
(-2.64294e-07 -7.52754e-07 -8.4028e-16)
(-3.11422e-07 -7.27471e-07 3.98101e-15)
(-2.4924e-07 -7.93872e-07 3.27867e-16)
(-1.02395e-07 -7.92659e-07 -1.89476e-15)
(-2.6747e-07 -9.00178e-07 -1.92692e-15)
(-2.67525e-07 -8.27499e-07 -1.60866e-15)
(-2.98615e-07 -7.72982e-07 -1.14749e-15)
(-3.22199e-07 -7.46097e-07 -1.40693e-15)
(-2.43806e-07 -7.67965e-07 -3.27557e-16)
(-1.0553e-07 -7.79408e-07 -1.06214e-15)
(-3.643e-07 -1.0835e-06 -6.14251e-16)
(-3.36199e-07 -9.63238e-07 4.86048e-17)
(-3.15902e-07 -9.03719e-07 -4.69366e-15)
(-3.09507e-07 -8.51348e-07 -2.57504e-15)
(-3.08517e-07 -8.03346e-07 1.25471e-15)
(-2.97121e-07 -7.54831e-07 -1.57593e-15)
(-2.37654e-07 -7.60782e-07 -8.4982e-16)
(-1.02054e-07 -7.64496e-07 2.66119e-15)
(-6.46462e-07 -1.59105e-06 -3.26927e-15)
(-5.50931e-07 -1.44048e-06 -4.2386e-15)
(-4.55246e-07 -1.26616e-06 -2.67329e-15)
(-4.02674e-07 -1.07137e-06 -6.48432e-18)
(-4.05623e-07 -9.62523e-07 -1.54762e-16)
(-3.5991e-07 -9.21155e-07 1.87984e-15)
(-3.31063e-07 -8.59292e-07 8.19418e-16)
(-2.97586e-07 -8.12833e-07 -2.128e-16)
(-2.82574e-07 -7.682e-07 7.7583e-16)
(-2.22498e-07 -7.51099e-07 5.70436e-17)
(-9.5919e-08 -7.49206e-07 -6.44684e-16)
(-1.14208e-06 -1.90447e-06 -8.15338e-16)
(-9.93217e-07 -1.70775e-06 1.23717e-15)
(-8.45488e-07 -1.5911e-06 3.37315e-16)
(-7.25998e-07 -1.49041e-06 -3.97555e-16)
(-6.14189e-07 -1.3757e-06 -1.53641e-15)
(-5.22829e-07 -1.21907e-06 -2.70425e-15)
(-4.55018e-07 -1.07744e-06 -5.42593e-16)
(-4.53893e-07 -9.59621e-07 1.41883e-16)
(-3.79453e-07 -8.98833e-07 1.9472e-15)
(-3.34524e-07 -8.62591e-07 4.49698e-16)
(-2.98388e-07 -8.19985e-07 -1.01403e-15)
(-2.65223e-07 -7.74516e-07 1.32279e-15)
(-2.05899e-07 -7.42626e-07 5.05534e-16)
(-8.82535e-08 -7.32556e-07 8.89295e-16)
(-2.54909e-06 -2.13976e-06 -1.04901e-15)
(-2.15731e-06 -2.05768e-06 2.93805e-16)
(-1.8162e-06 -1.98652e-06 1.17436e-16)
(-1.48062e-06 -1.86413e-06 -1.09921e-16)
(-1.22766e-06 -1.72429e-06 -4.53034e-16)
(-1.05478e-06 -1.58376e-06 2.17495e-15)
(-9.20158e-07 -1.47589e-06 2.67521e-16)
(-8.11683e-07 -1.4076e-06 9.03904e-16)
(-6.90838e-07 -1.29682e-06 -1.6144e-16)
(-5.95074e-07 -1.16309e-06 1.1992e-15)
(-5.23481e-07 -1.03216e-06 5.01632e-16)
(-4.68141e-07 -9.42864e-07 -1.66788e-16)
(-4.07751e-07 -8.83391e-07 -1.35728e-15)
(-3.5143e-07 -8.48763e-07 -3.62276e-16)
(-2.99848e-07 -8.14685e-07 5.21649e-16)
(-2.53379e-07 -7.73786e-07 -8.03844e-16)
(-1.90188e-07 -7.29844e-07 1.34946e-16)
(-8.12104e-08 -7.14845e-07 2.69294e-16)
(-5.2553e-06 -1.13961e-06 -9.97546e-16)
(-4.7323e-06 -1.2803e-06 -1.9675e-16)
(-4.12004e-06 -1.43763e-06 1.45617e-16)
(-3.63329e-06 -1.58523e-06 1.44014e-15)
(-3.06671e-06 -1.64847e-06 -1.28854e-16)
(-2.62368e-06 -1.68063e-06 -8.38429e-16)
(-2.21246e-06 -1.7391e-06 1.59342e-15)
(-1.86302e-06 -1.67268e-06 5.30172e-16)
(-1.55808e-06 -1.63144e-06 1.0627e-16)
(-1.31695e-06 -1.54749e-06 3.03773e-16)
(-1.12028e-06 -1.43093e-06 -4.85128e-16)
(-1.00092e-06 -1.36174e-06 -6.72392e-17)
(-8.7254e-07 -1.29107e-06 -1.90684e-15)
(-7.53305e-07 -1.20333e-06 -2.87808e-16)
(-6.51599e-07 -1.09609e-06 2.2156e-16)
(-5.70881e-07 -9.91425e-07 -4.57895e-16)
(-5.0321e-07 -9.04672e-07 6.36167e-17)
(-4.32988e-07 -8.49676e-07 -4.45166e-16)
(-3.67959e-07 -8.28286e-07 -1.88451e-16)
(-3.05241e-07 -7.99658e-07 2.82905e-17)
(-2.46008e-07 -7.63455e-07 -1.03145e-15)
(-1.77494e-07 -7.13983e-07 -1.56648e-16)
(-7.54401e-08 -6.94542e-07 -1.50211e-15)
(-8.05722e-06 1.67112e-06 1.20356e-16)
(-7.65702e-06 1.22081e-06 -2.11501e-16)
(-7.2276e-06 8.16241e-07 5.66091e-17)
(-6.77766e-06 4.57077e-07 -1.62213e-16)
(-6.29798e-06 1.63264e-07 -6.50181e-16)
(-5.83647e-06 -1.26945e-07 2.20243e-16)
(-5.33669e-06 -3.25202e-07 1.53074e-16)
(-4.86343e-06 -5.22136e-07 -1.10359e-15)
(-4.37662e-06 -6.94311e-07 -2.67556e-16)
(-3.9322e-06 -8.87398e-07 -3.24899e-16)
(-3.46163e-06 -1.06885e-06 -4.48915e-16)
(-3.01486e-06 -1.17086e-06 -4.23372e-17)
(-2.63445e-06 -1.29742e-06 1.17022e-15)
(-2.23921e-06 -1.34409e-06 6.60825e-16)
(-1.89445e-06 -1.40785e-06 -2.06308e-16)
(-1.61743e-06 -1.38961e-06 2.76158e-16)
(-1.3536e-06 -1.33848e-06 2.98693e-17)
(-1.18405e-06 -1.27734e-06 -8.30246e-17)
(-1.04718e-06 -1.22882e-06 -3.35758e-17)
(-9.22972e-07 -1.17974e-06 1.08005e-15)
(-7.99127e-07 -1.10938e-06 1.17889e-15)
(-6.95806e-07 -1.01954e-06 4.41822e-17)
(-6.08941e-07 -9.27755e-07 4.83603e-16)
(-5.30637e-07 -8.61459e-07 -7.66137e-17)
(-4.56423e-07 -8.13979e-07 9.60644e-16)
(-3.83636e-07 -7.94002e-07 6.34023e-16)
(-3.12681e-07 -7.73982e-07 1.15781e-16)
(-2.417e-07 -7.45138e-07 2.16752e-16)
(-1.68081e-07 -6.9156e-07 1.02911e-15)
(-7.09186e-08 -6.72092e-07 4.72831e-16)
(-7.54546e-06 5.19665e-06 -1.74789e-17)
(-7.58947e-06 5.23083e-06 -1.89143e-18)
(-7.62314e-06 5.1182e-06 -2.1488e-18)
(-7.6617e-06 4.97976e-06 1.58789e-17)
(-7.67767e-06 4.78648e-06 2.53778e-17)
(-7.6825e-06 4.57459e-06 1.17419e-16)
(-7.6642e-06 4.27501e-06 2.50265e-17)
(-7.61831e-06 3.95954e-06 4.8141e-17)
(-7.53983e-06 3.59475e-06 5.10531e-18)
(-7.41601e-06 3.2308e-06 -2.01789e-16)
(-7.25882e-06 2.84491e-06 -7.92345e-17)
(-7.05128e-06 2.43847e-06 -2.45047e-16)
(-6.80649e-06 2.0256e-06 -2.00355e-16)
(-6.5156e-06 1.6434e-06 -3.52479e-16)
(-6.20132e-06 1.27361e-06 1.5283e-16)
(-5.85748e-06 9.66294e-07 -3.58786e-16)
(-5.49802e-06 6.55731e-07 -4.20526e-17)
(-5.13826e-06 4.06564e-07 4.86931e-16)
(-4.74149e-06 1.77814e-07 -1.47098e-16)
(-4.39597e-06 -3.19002e-08 6.30323e-16)
(-3.99888e-06 -2.48153e-07 -9.12697e-17)
(-3.67101e-06 -4.26324e-07 -2.34198e-17)
(-3.26516e-06 -6.12557e-07 1.39105e-16)
(-2.93556e-06 -7.77016e-07 8.24741e-17)
(-2.57191e-06 -8.95129e-07 -4.60881e-16)
(-2.23774e-06 -1.01585e-06 -7.79455e-16)
(-1.93163e-06 -1.08306e-06 1.73665e-16)
(-1.64184e-06 -1.14208e-06 -5.1528e-16)
(-1.40763e-06 -1.14572e-06 -1.48755e-16)
(-1.22721e-06 -1.11267e-06 3.54864e-17)
(-1.08669e-06 -1.0921e-06 3.79409e-17)
(-9.52067e-07 -1.05399e-06 8.91e-16)
(-8.28695e-07 -1.00405e-06 -3.64313e-16)
(-7.23654e-07 -9.41847e-07 5.19825e-16)
(-6.34456e-07 -8.69862e-07 -6.75746e-16)
(-5.50804e-07 -8.05982e-07 2.24061e-16)
(-4.73021e-07 -7.65266e-07 -6.80915e-16)
(-3.96464e-07 -7.57303e-07 1.04838e-15)
(-3.18009e-07 -7.41592e-07 9.38475e-16)
(-2.38949e-07 -7.18216e-07 -1.81501e-17)
(-1.61115e-07 -6.66164e-07 -1.36182e-16)
(-6.75013e-08 -6.46914e-07 8.3901e-17)
(2.94463e-05 -1.33139e-05 -1.75113e-17)
(8.79935e-06 -9.02745e-06 1.36806e-17)
(2.58662e-05 -3.90896e-06 -3.83339e-17)
(1.71079e-05 -4.50864e-06 -5.96987e-18)
(2.1423e-05 1.52636e-06 2.98045e-17)
(1.81543e-05 1.50506e-06 -1.79606e-17)
(1.50432e-05 1.41318e-06 -4.17206e-17)
(1.95477e-05 1.17048e-06 1.16902e-17)
(2.46854e-05 4.83725e-07 1.53999e-17)
(3.05993e-05 -4.72382e-07 -4.60343e-17)
(3.35905e-05 -1.96435e-06 -3.3848e-17)
(3.27526e-05 -3.223e-06 -6.71947e-18)
(2.71811e-05 -4.32642e-06 -1.59015e-17)
(1.78963e-05 -5.16519e-06 4.95165e-17)
(6.32691e-06 -5.79489e-06 5.15882e-17)
(-5.22472e-06 -6.1354e-06 -8.08654e-17)
(-1.43232e-05 -5.92906e-06 -1.41932e-16)
(-1.92425e-05 -5.23961e-06 -2.56433e-17)
(-1.99901e-05 -4.43381e-06 3.23784e-17)
(-1.03079e-05 9.5918e-07 -2.36324e-17)
(9.26487e-05 3.19134e-05 2.10165e-17)
(-0.000119137 -1.79395e-05 -4.92941e-17)
(-0.00015897 -6.39087e-05 1.20928e-16)
(0.000169787 7.81941e-06 -9.94905e-17)
(1.31304e-05 3.05193e-07 -1.44327e-16)
(-2.04044e-05 -1.12783e-06 -1.32838e-17)
(-7.44495e-06 3.93315e-06 -1.71572e-18)
(-8.96069e-06 4.96211e-06 -8.08808e-17)
(-8.8276e-06 5.83413e-06 -8.39518e-18)
(-8.11414e-06 6.1689e-06 -3.1349e-17)
(-7.83612e-06 6.14734e-06 1.789e-17)
(-7.60789e-06 5.93207e-06 1.37521e-16)
(-7.47067e-06 5.75331e-06 1.38781e-17)
(-7.2584e-06 5.60744e-06 6.30525e-17)
(-7.1384e-06 5.55637e-06 -3.02517e-17)
(-6.95599e-06 5.5591e-06 1.26864e-17)
(-6.8976e-06 5.39771e-06 2.63369e-17)
(-6.72912e-06 5.25977e-06 1.45749e-17)
(-6.65959e-06 5.24723e-06 -1.31354e-18)
(-6.54537e-06 5.05102e-06 2.00708e-21)
(-6.49746e-06 4.87574e-06 4.24933e-17)
(-6.39933e-06 4.64737e-06 2.75485e-17)
(-6.3602e-06 4.40924e-06 6.34618e-17)
(-6.27302e-06 4.12182e-06 2.43363e-17)
(-6.21787e-06 3.83691e-06 6.31874e-17)
(-6.11398e-06 3.53069e-06 -9.21217e-17)
(-6.02245e-06 3.22634e-06 -3.25708e-16)
(-5.88819e-06 2.90048e-06 2.58547e-16)
(-5.75387e-06 2.57597e-06 -3.07467e-17)
(-5.57047e-06 2.2267e-06 1.10971e-16)
(-5.37602e-06 1.89927e-06 1.04509e-16)
(-5.15216e-06 1.57804e-06 5.71884e-17)
(-4.90921e-06 1.28106e-06 1.22998e-16)
(-4.66866e-06 1.00655e-06 3.44953e-17)
(-4.39304e-06 7.51193e-07 -1.65817e-16)
(-4.14806e-06 5.31505e-07 -9.43848e-17)
(-3.86845e-06 3.1641e-07 2.33104e-16)
(-3.61363e-06 1.27211e-07 2.15769e-17)
(-3.32208e-06 -8.02838e-08 2.08542e-16)
(-3.06389e-06 -2.57841e-07 -5.03733e-17)
(-2.76447e-06 -4.2426e-07 -2.16203e-16)
(-2.48455e-06 -5.6574e-07 -6.2364e-16)
(-2.20646e-06 -6.85729e-07 -5.69417e-16)
(-1.93782e-06 -8.15602e-07 4.37382e-16)
(-1.69009e-06 -8.85331e-07 -3.18382e-16)
(-1.4436e-06 -9.27418e-07 1.54524e-16)
(-1.26512e-06 -9.32312e-07 -2.87175e-16)
(-1.11558e-06 -9.32675e-07 -2.06866e-16)
(-9.7929e-07 -9.23206e-07 -5.60377e-16)
(-8.56127e-07 -9.00152e-07 -5.06362e-16)
(-7.4358e-07 -8.55643e-07 -9.13006e-16)
(-6.47714e-07 -7.95906e-07 4.07658e-16)
(-5.61755e-07 -7.51904e-07 -2.69263e-16)
(-4.80648e-07 -7.20469e-07 7.43556e-16)
(-4.02052e-07 -7.1102e-07 2.62321e-16)
(-3.2003e-07 -7.02259e-07 -5.6114e-17)
(-2.3688e-07 -6.86212e-07 1.63642e-16)
(-1.5564e-07 -6.35007e-07 -2.78203e-16)
(-6.54408e-08 -6.19694e-07 -1.26746e-16)
(8.05485e-06 -5.13531e-06 1.54709e-17)
(3.64249e-06 -1.11778e-06 -1.68926e-17)
(1.99336e-06 2.70222e-06 -3.54635e-17)
(1.03961e-06 3.92828e-06 3.16295e-18)
(7.89569e-07 6.29307e-06 1.7777e-17)
(1.40013e-06 6.77153e-06 -6.07637e-18)
(2.00763e-06 6.78822e-06 -4.20717e-18)
(2.28144e-06 6.61208e-06 -8.26932e-18)
(9.07704e-06 7.22463e-06 -3.43187e-18)
(1.78735e-05 7.48308e-06 -1.66269e-17)
(2.18421e-05 6.30184e-06 -2.33102e-17)
(3.12285e-05 6.80675e-06 1.39822e-17)
(3.30829e-05 5.86452e-06 -8.29162e-18)
(3.13931e-05 5.47111e-06 -4.66523e-18)
(2.37758e-05 4.65488e-06 1.1708e-17)
(1.18997e-05 3.61483e-06 -4.29145e-17)
(-2.37554e-06 2.41215e-06 2.0843e-17)
(-1.57801e-05 1.37064e-06 3.46109e-17)
(-2.36483e-05 1.53891e-06 -4.05521e-17)
(-2.99645e-05 4.63881e-06 -4.16972e-17)
(-8.00833e-05 -2.92541e-06 -4.4243e-17)
(-0.000271939 -6.12726e-05 6.12843e-18)
(8.78901e-05 -6.004e-07 3.62087e-17)
(0.00015356 3.69542e-05 -5.43695e-17)
(1.63574e-05 1.11414e-05 1.90515e-17)
(-9.53388e-06 5.87149e-06 -1.87379e-17)
(-2.35725e-06 6.33401e-06 2.28575e-18)
(-5.95861e-06 6.71298e-06 -3.8978e-17)
(-7.25476e-06 7.02387e-06 1.4002e-17)
(-6.8377e-06 7.21006e-06 -1.95518e-17)
(-6.44987e-06 7.10597e-06 5.31481e-17)
(-6.15199e-06 6.81204e-06 2.50436e-17)
(-5.98611e-06 6.42194e-06 -1.93733e-17)
(-5.84304e-06 6.08476e-06 -2.47822e-17)
(-5.72613e-06 5.82894e-06 -2.88766e-17)
(-5.58131e-06 5.63554e-06 1.78026e-17)
(-5.47732e-06 5.50311e-06 1.95999e-17)
(-5.31554e-06 5.36468e-06 7.7002e-19)
(-5.22978e-06 5.13093e-06 -1.74206e-17)
(-5.12036e-06 4.93929e-06 1.97771e-18)
(-5.04725e-06 4.70395e-06 -2.24249e-17)
(-4.95895e-06 4.47717e-06 -1.62045e-17)
(-4.90016e-06 4.21316e-06 -1.03032e-17)
(-4.82396e-06 3.96505e-06 -6.21851e-18)
(-4.76682e-06 3.68887e-06 -2.56688e-17)
(-4.69156e-06 3.42213e-06 -1.32878e-17)
(-4.62788e-06 3.13142e-06 1.08756e-16)
(-4.54525e-06 2.85119e-06 1.79285e-16)
(-4.46459e-06 2.55431e-06 1.10006e-16)
(-4.36327e-06 2.27564e-06 5.36179e-17)
(-4.25254e-06 1.98516e-06 -3.65399e-18)
(-4.12315e-06 1.71076e-06 4.34559e-17)
(-3.98114e-06 1.44063e-06 -6.80821e-18)
(-3.82853e-06 1.18872e-06 1.1227e-17)
(-3.66591e-06 9.53061e-07 8.73593e-17)
(-3.49578e-06 7.3766e-07 2.7708e-16)
(-3.32204e-06 5.4676e-07 -4.87216e-16)
(-3.13729e-06 3.48585e-07 7.24702e-17)
(-2.95577e-06 1.7177e-07 -1.72199e-16)
(-2.74339e-06 -3.05674e-09 5.16968e-16)
(-2.54096e-06 -1.5194e-07 -4.47827e-19)
(-2.31859e-06 -3.02393e-07 4.14197e-16)
(-2.11318e-06 -4.44084e-07 6.97257e-16)
(-1.89122e-06 -5.53634e-07 -3.77793e-16)
(-1.6657e-06 -6.5037e-07 3.91955e-16)
(-1.45405e-06 -7.11908e-07 -2.33566e-16)
(-1.28409e-06 -7.46136e-07 -3.25896e-16)
(-1.13837e-06 -7.72167e-07 -1.76884e-16)
(-1.00517e-06 -7.81172e-07 1.11419e-16)
(-8.73902e-07 -7.78664e-07 8.70927e-16)
(-7.59414e-07 -7.59746e-07 9.3301e-16)
(-6.54809e-07 -7.27281e-07 -4.54331e-17)
(-5.58192e-07 -6.89349e-07 -3.11342e-16)
(-4.76623e-07 -6.65356e-07 -5.77933e-17)
(-3.99584e-07 -6.68142e-07 -1.41473e-15)
(-3.17872e-07 -6.61128e-07 1.53363e-17)
(-2.33869e-07 -6.48969e-07 -5.91431e-16)
(-1.51334e-07 -6.02483e-07 -1.24624e-16)
(-6.3914e-08 -5.90066e-07 1.81079e-16)
(-9.39862e-06 5.09093e-06 -8.97752e-18)
(-1.32052e-05 7.20186e-06 -8.12154e-18)
(-1.14766e-05 7.68082e-06 7.41555e-18)
(-1.04733e-05 8.16936e-06 -8.0755e-19)
(-9.65708e-06 9.84414e-06 -1.58421e-17)
(-8.03328e-06 1.07218e-05 1.07036e-17)
(-7.71866e-06 1.07663e-05 6.22121e-18)
(-9.26111e-06 1.05791e-05 -1.51458e-17)
(-1.14832e-05 1.19626e-05 5.96312e-18)
(2.87549e-05 1.52768e-06 -9.28714e-18)
(-1.80691e-05 6.02438e-06 9.16695e-18)
(2.35896e-05 1.22419e-05 -9.33218e-18)
(1.3991e-05 8.7922e-06 -2.78508e-17)
(2.90269e-05 1.14466e-05 3.89459e-18)
(2.89287e-05 1.12402e-05 1.1095e-17)
(2.55438e-05 1.10711e-05 -1.17605e-18)
(1.63252e-05 1.01055e-05 2.2333e-17)
(3.22085e-06 8.66897e-06 -5.00818e-17)
(-1.22361e-05 6.95076e-06 -2.77264e-17)
(-3.16334e-05 3.8213e-06 1.99449e-18)
(-4.04175e-05 -1.63337e-06 -1.53226e-18)
(7.04248e-05 1.61009e-05 2.21721e-17)
(-4.7857e-05 1.65237e-05 -7.51384e-17)
(-7.40202e-05 -2.1956e-06 1.3497e-16)
(-1.14509e-05 8.2264e-06 1.85147e-17)
(-9.41525e-06 6.6177e-06 1.35539e-17)
(-3.49466e-06 6.16264e-06 2.36728e-17)
(-2.21881e-06 6.55395e-06 4.78781e-17)
(-3.97953e-06 6.58613e-06 1.16048e-17)
(-4.61279e-06 6.69898e-06 2.33201e-17)
(-4.6048e-06 6.68324e-06 -1.57461e-17)
(-4.38229e-06 6.50249e-06 -5.03662e-17)
(-4.13893e-06 6.21381e-06 2.22761e-18)
(-4.0087e-06 5.92468e-06 1.27153e-17)
(-3.9177e-06 5.67307e-06 3.99001e-17)
(-3.86919e-06 5.47926e-06 -2.15388e-17)
(-3.78735e-06 5.29342e-06 2.14149e-18)
(-3.73694e-06 5.12294e-06 -2.09719e-17)
(-3.65496e-06 4.92521e-06 1.08621e-17)
(-3.59866e-06 4.71032e-06 -2.59172e-19)
(-3.53392e-06 4.4656e-06 -9.49184e-18)
(-3.49377e-06 4.22048e-06 -6.48539e-18)
(-3.44711e-06 3.95647e-06 3.95742e-19)
(-3.4197e-06 3.69974e-06 -8.84224e-18)
(-3.38738e-06 3.43215e-06 -5.07739e-18)
(-3.3687e-06 3.17814e-06 5.07519e-17)
(-3.34422e-06 2.91577e-06 2.68486e-17)
(-3.32492e-06 2.66465e-06 -6.16878e-17)
(-3.29781e-06 2.40926e-06 3.28601e-17)
(-3.26765e-06 2.16027e-06 1.40189e-17)
(-3.22737e-06 1.91255e-06 6.48506e-17)
(-3.17562e-06 1.67801e-06 -1.51639e-16)
(-3.11425e-06 1.44725e-06 9.97206e-18)
(-3.03784e-06 1.22596e-06 1.50198e-17)
(-2.95217e-06 1.01964e-06 7.30376e-17)
(-2.85383e-06 8.25718e-07 -8.39717e-17)
(-2.74943e-06 6.44484e-07 1.70395e-16)
(-2.63825e-06 4.74163e-07 6.88797e-17)
(-2.50983e-06 3.12564e-07 -1.00128e-16)
(-2.38013e-06 1.64035e-07 1.41105e-16)
(-2.2305e-06 1.24594e-08 3.42871e-17)
(-2.09008e-06 -1.23229e-07 5.54297e-16)
(-1.92251e-06 -2.48334e-07 -1.1721e-18)
(-1.75796e-06 -3.63102e-07 -3.2496e-16)
(-1.58108e-06 -4.53128e-07 5.01646e-16)
(-1.40744e-06 -5.32185e-07 3.67911e-18)
(-1.26261e-06 -5.75027e-07 -2.66857e-16)
(-1.13016e-06 -6.11226e-07 1.79632e-16)
(-1.00432e-06 -6.38083e-07 -5.4868e-17)
(-8.80236e-07 -6.59101e-07 3.90342e-16)
(-7.58473e-07 -6.59921e-07 2.13984e-17)
(-6.42534e-07 -6.35825e-07 -3.20058e-17)
(-5.46283e-07 -6.25696e-07 2.90362e-16)
(-4.62449e-07 -6.20198e-07 -1.81359e-18)
(-3.87673e-07 -6.20551e-07 -6.68018e-17)
(-3.10558e-07 -6.17754e-07 -1.09651e-16)
(-2.27875e-07 -6.10828e-07 -3.59853e-16)
(-1.46455e-07 -5.66076e-07 2.32559e-16)
(-6.20518e-08 -5.59308e-07 -3.41117e-16)
(-2.34265e-05 1.49017e-05 8.71043e-18)
(-2.38383e-05 1.53433e-05 4.41153e-18)
(-1.78471e-05 1.28856e-05 -1.27148e-17)
(-1.63811e-05 1.27247e-05 -1.3006e-17)
(-1.5242e-05 1.36233e-05 1.70482e-17)
(-1.38391e-05 1.40635e-05 -1.03029e-17)
(-1.37642e-05 1.38862e-05 6.75792e-18)
(-3.0929e-05 1.31206e-05 2.27005e-17)
(-0.00024454 1.18306e-05 -5.35331e-18)
(0.000175779 1.40173e-05 4.01525e-18)
(-1.113e-05 -4.33056e-06 -2.04336e-18)
(7.7525e-05 2.75986e-05 3.06872e-18)
(-4.32853e-05 4.83299e-06 1.72367e-17)
(3.49856e-05 1.58059e-05 -6.90663e-18)
(1.83696e-05 1.31963e-05 -4.6723e-17)
(2.5427e-05 1.4023e-05 -1.85653e-17)
(2.31081e-05 1.37553e-05 -1.98422e-17)
(1.76546e-05 1.30829e-05 1.89736e-18)
(8.27655e-06 1.17692e-05 1.64513e-17)
(-2.26296e-06 1.00483e-05 -7.02442e-18)
(-9.26409e-06 9.7608e-06 2.5444e-17)
(-3.84231e-05 5.83263e-06 -4.14442e-17)
(-5.06056e-05 -6.16e-06 7.03397e-17)
(-1.37318e-05 4.34558e-06 -6.2032e-17)
(6.60513e-06 9.37332e-06 -6.61801e-17)
(-7.62156e-06 6.80209e-06 -2.12787e-17)
(-5.58759e-06 5.99869e-06 -7.68612e-18)
(1.32778e-07 6.66062e-06 -6.1072e-18)
(-1.10192e-07 6.79903e-06 3.54612e-18)
(-1.31056e-06 6.77955e-06 -1.50714e-17)
(-2.15988e-06 6.62892e-06 -3.93143e-18)
(-2.53102e-06 6.36444e-06 3.74135e-17)
(-2.54186e-06 6.03332e-06 2.17179e-17)
(-2.41771e-06 5.69816e-06 5.6603e-18)
(-2.31125e-06 5.39211e-06 -7.0431e-17)
(-2.25838e-06 5.14168e-06 2.32037e-18)
(-2.24338e-06 4.93201e-06 -1.25419e-19)
(-2.23616e-06 4.73976e-06 2.11125e-18)
(-2.22984e-06 4.52873e-06 1.07958e-17)
(-2.22264e-06 4.30411e-06 2.22344e-18)
(-2.21864e-06 4.05684e-06 -7.26848e-18)
(-2.21955e-06 3.81417e-06 -6.6452e-18)
(-2.22739e-06 3.56109e-06 -1.5804e-17)
(-2.2401e-06 3.32228e-06 -3.74423e-18)
(-2.25965e-06 3.07566e-06 -2.92483e-18)
(-2.28181e-06 2.83995e-06 -1.62859e-17)
(-2.30782e-06 2.60128e-06 8.55925e-18)
(-2.33257e-06 2.37585e-06 -1.95195e-17)
(-2.35674e-06 2.14975e-06 -1.19923e-16)
(-2.3745e-06 1.94209e-06 8.39484e-17)
(-2.38585e-06 1.73643e-06 3.13534e-17)
(-2.3866e-06 1.53972e-06 -1.21247e-18)
(-2.37709e-06 1.34884e-06 1.51417e-17)
(-2.35507e-06 1.16891e-06 2.37728e-17)
(-2.3212e-06 9.93682e-07 -3.1296e-16)
(-2.27618e-06 8.28023e-07 -7.29799e-19)
(-2.22074e-06 6.72291e-07 5.12711e-17)
(-2.1558e-06 5.22417e-07 -2.57884e-17)
(-2.08196e-06 3.8081e-07 1.442e-16)
(-1.99873e-06 2.44534e-07 -6.93645e-16)
(-1.91047e-06 1.1662e-07 2.00748e-16)
(-1.80439e-06 -8.86902e-09 1.20474e-16)
(-1.69722e-06 -1.2244e-07 -8.051e-16)
(-1.57353e-06 -2.22123e-07 3.44081e-16)
(-1.44337e-06 -3.09878e-07 -3.097e-16)
(-1.31073e-06 -3.86213e-07 8.08278e-17)
(-1.18945e-06 -4.35067e-07 -1.95266e-16)
(-1.08044e-06 -4.73678e-07 2.04201e-16)
(-9.70456e-07 -5.08972e-07 1.47457e-16)
(-8.53901e-07 -5.34329e-07 -2.18764e-16)
(-7.35592e-07 -5.45175e-07 -3.43028e-16)
(-6.26304e-07 -5.54698e-07 -2.10689e-17)
(-5.33207e-07 -5.55534e-07 -4.79765e-16)
(-4.46606e-07 -5.6006e-07 -8.80592e-17)
(-3.72743e-07 -5.78337e-07 1.05398e-15)
(-2.97581e-07 -5.76015e-07 -2.66497e-16)
(-2.17845e-07 -5.70144e-07 8.22853e-16)
(-1.3904e-07 -5.30834e-07 -6.15642e-16)
(-5.82828e-08 -5.27529e-07 2.54883e-16)
(-3.01483e-05 2.40203e-05 -7.32053e-18)
(-2.70106e-05 2.23992e-05 1.28217e-18)
(-1.83206e-05 1.69583e-05 -1.95515e-18)
(-1.65321e-05 1.5621e-05 -5.7961e-18)
(-1.52555e-05 1.5497e-05 -1.81558e-17)
(-1.4068e-05 1.54546e-05 8.15819e-18)
(-1.28402e-05 1.50861e-05 2.43822e-18)
(-1.13672e-05 1.42158e-05 -1.87068e-17)
(1.51837e-05 1.402e-05 3.65412e-18)
(-1.20408e-05 2.04733e-05 1.28885e-18)
(-1.33178e-05 1.20829e-05 2.86388e-18)
(-3.25363e-05 9.67073e-06 -1.32756e-18)
(9.10813e-07 8.34329e-06 -9.71547e-18)
(-1.31507e-05 8.61065e-06 -4.17635e-18)
(1.18322e-05 1.23567e-05 8.25369e-18)
(7.5347e-06 1.08216e-05 1.51338e-17)
(1.49902e-05 1.24874e-05 3.81651e-18)
(1.48078e-05 1.26099e-05 1.18448e-17)
(1.30416e-05 1.26797e-05 -2.2665e-17)
(7.78789e-06 1.22311e-05 6.807e-18)
(-1.63511e-06 1.09534e-05 1.30012e-17)
(-1.55708e-05 7.12389e-06 2.7392e-17)
(-2.30502e-05 5.07077e-06 -2.71622e-17)
(-1.47409e-05 7.17444e-06 -6.04789e-17)
(-6.04446e-06 8.79629e-06 4.27811e-17)
(-1.09438e-05 7.22993e-06 2.02244e-17)
(-1.00961e-05 5.91444e-06 1.94495e-18)
(-2.33842e-06 6.20128e-06 -2.8697e-18)
(1.03343e-06 6.53316e-06 4.90236e-18)
(1.46803e-06 6.61635e-06 1.61391e-17)
(9.41987e-07 6.5131e-06 -3.4245e-19)
(1.81756e-07 6.23656e-06 -2.45283e-17)
(-4.18834e-07 5.82824e-06 -3.44382e-17)
(-7.46208e-07 5.38649e-06 -2.31371e-17)
(-8.87148e-07 4.97386e-06 5.3194e-17)
(-9.18964e-07 4.64488e-06 1.6864e-17)
(-9.4174e-07 4.37877e-06 -8.39774e-18)
(-9.81078e-07 4.15579e-06 -1.29455e-18)
(-1.02955e-06 3.93292e-06 1.11951e-18)
(-1.08163e-06 3.71006e-06 -5.73252e-18)
(-1.12911e-06 3.47433e-06 -6.02656e-18)
(-1.17773e-06 3.24116e-06 3.91835e-18)
(-1.22647e-06 3.00468e-06 1.87036e-18)
(-1.27981e-06 2.77957e-06 1.90838e-18)
(-1.33406e-06 2.55712e-06 -9.19825e-18)
(-1.3894e-06 2.35429e-06 -6.20167e-18)
(-1.44317e-06 2.15304e-06 5.53032e-17)
(-1.49413e-06 1.97066e-06 -8.49161e-18)
(-1.54185e-06 1.79209e-06 7.27723e-18)
(-1.58402e-06 1.62619e-06 -7.25693e-17)
(-1.62066e-06 1.46398e-06 -4.06184e-18)
(-1.64836e-06 1.31588e-06 -2.32856e-17)
(-1.66925e-06 1.16845e-06 7.35946e-17)
(-1.68052e-06 1.02631e-06 3.7651e-18)
(-1.68379e-06 8.89877e-07 -2.01336e-16)
(-1.67718e-06 7.57293e-07 9.98118e-17)
(-1.662e-06 6.28353e-07 -1.07631e-17)
(-1.63876e-06 5.04201e-07 -1.4093e-16)
(-1.60614e-06 3.85506e-07 1.39824e-16)
(-1.56617e-06 2.7056e-07 1.96043e-16)
(-1.51625e-06 1.60376e-07 2.22766e-16)
(-1.45806e-06 5.44374e-08 -6.48492e-17)
(-1.38883e-06 -4.25039e-08 2.0168e-16)
(-1.30924e-06 -1.28283e-07 -3.05792e-16)
(-1.22156e-06 -2.04987e-07 3.08933e-17)
(-1.12574e-06 -2.7716e-07 -1.28284e-16)
(-1.03892e-06 -3.21614e-07 4.28135e-16)
(-9.52251e-07 -3.57433e-07 1.15585e-17)
(-8.69186e-07 -3.86955e-07 1.74915e-18)
(-7.78557e-07 -4.2017e-07 -3.62045e-16)
(-6.81189e-07 -4.44669e-07 1.26629e-16)
(-5.9268e-07 -4.55069e-07 8.95253e-17)
(-5.01783e-07 -4.79665e-07 5.12753e-16)
(-4.3048e-07 -5.0028e-07 1.15847e-16)
(-3.50365e-07 -5.22464e-07 -1.08904e-15)
(-2.75378e-07 -5.28027e-07 -2.84451e-16)
(-2.00363e-07 -5.28477e-07 -1.41964e-16)
(-1.26051e-07 -4.92235e-07 1.93983e-16)
(-5.18167e-08 -4.97099e-07 3.55135e-16)
(-2.45905e-05 2.36751e-05 -4.31917e-18)
(-1.95435e-05 2.21413e-05 -3.26214e-18)
(-1.08427e-05 1.6414e-05 9.26438e-18)
(-9.59372e-06 1.47109e-05 2.7699e-18)
(-8.55477e-06 1.38287e-05 -5.17844e-18)
(-7.74363e-06 1.33176e-05 -1.67398e-17)
(-7.15123e-06 1.29603e-05 -7.59538e-18)
(-7.07411e-06 1.23703e-05 1.33025e-17)
(-8.74078e-06 1.15695e-05 -8.53161e-18)
(-2.25576e-06 9.95606e-06 -1.11049e-17)
(-9.27092e-06 8.91862e-06 4.24126e-18)
(-0.000105052 8.36494e-06 8.99525e-20)
(7.40758e-05 7.90022e-06 8.42732e-18)
(-1.54793e-05 1.74394e-07 -4.33743e-18)
(3.61097e-05 1.50381e-05 -1.51768e-18)
(-2.74399e-05 3.48489e-06 1.99294e-17)
(1.52775e-05 9.91195e-06 3.48949e-17)
(2.31288e-06 8.16746e-06 -1.08187e-17)
(5.95622e-06 9.07686e-06 3.7796e-18)
(4.31061e-06 9.04377e-06 1.15128e-17)
(2.71591e-06 8.76381e-06 2.06499e-18)
(4.15785e-07 8.11178e-06 3.76957e-18)
(-3.17852e-06 7.52941e-06 5.94172e-18)
(-6.33724e-06 7.28449e-06 5.68121e-17)
(-6.97101e-06 7.02187e-06 2.01909e-17)
(-8.40827e-06 5.80546e-06 -4.37307e-19)
(-8.54161e-06 4.65669e-06 9.06412e-18)
(-4.97794e-06 4.23437e-06 1.20125e-18)
(-1.47539e-06 4.22682e-06 1.41976e-17)
(3.75646e-07 4.3136e-06 -1.93278e-18)
(1.10859e-06 4.3692e-06 -2.46188e-17)
(1.2395e-06 4.31974e-06 -2.72985e-17)
(1.04798e-06 4.12535e-06 1.81659e-17)
(8.62372e-07 3.89545e-06 8.53152e-18)
(3.16545e-07 3.59994e-06 -2.9168e-18)
(1.02733e-07 3.33929e-06 -3.0121e-18)
(-1.02997e-07 3.09896e-06 8.39918e-18)
(-2.13538e-07 2.92266e-06 8.84019e-18)
(-3.09383e-07 2.77977e-06 -8.44868e-18)
(-3.94704e-07 2.64777e-06 8.77145e-18)
(-4.72745e-07 2.49828e-06 1.29287e-17)
(-5.45625e-07 2.34112e-06 6.6134e-18)
(-6.12438e-07 2.18102e-06 -4.98334e-18)
(-6.73355e-07 2.03559e-06 -1.87433e-18)
(-7.29459e-07 1.89599e-06 -6.03617e-18)
(-7.81261e-07 1.76568e-06 1.63815e-17)
(-8.30132e-07 1.63513e-06 3.21878e-17)
(-8.7411e-07 1.50971e-06 -1.61325e-17)
(-9.16235e-07 1.38537e-06 1.66006e-17)
(-9.53177e-07 1.27274e-06 2.05188e-17)
(-9.8866e-07 1.15853e-06 2.91259e-17)
(-1.01865e-06 1.04572e-06 3.75307e-17)
(-1.04714e-06 9.33214e-07 -1.41501e-18)
(-1.0689e-06 8.25502e-07 2.11173e-17)
(-1.08748e-06 7.19077e-07 8.46176e-17)
(-1.09915e-06 6.16848e-07 -2.88201e-17)
(-1.10541e-06 5.16117e-07 -9.7392e-18)
(-1.10507e-06 4.17126e-07 1.52068e-16)
(-1.09817e-06 3.21405e-07 5.02324e-19)
(-1.08592e-06 2.2849e-07 1.22913e-16)
(-1.06517e-06 1.39372e-07 -3.3804e-16)
(-1.03926e-06 5.34122e-08 -1.05917e-16)
(-1.00303e-06 -2.49012e-08 -2.16655e-17)
(-9.61388e-07 -9.46861e-08 -2.08682e-16)
(-9.1098e-07 -1.57651e-07 9.67859e-17)
(-8.55975e-07 -2.16876e-07 6.35232e-17)
(-8.05905e-07 -2.59228e-07 -5.86202e-18)
(-7.4953e-07 -2.88686e-07 -1.60231e-16)
(-7.03127e-07 -3.22078e-07 -8.82206e-17)
(-6.41726e-07 -3.43733e-07 8.91906e-17)
(-5.78824e-07 -3.65791e-07 -5.30522e-17)
(-5.12177e-07 -3.91557e-07 -4.10586e-17)
(-4.50494e-07 -4.16302e-07 5.36244e-16)
(-3.81682e-07 -4.4113e-07 7.81872e-17)
(-3.14625e-07 -4.71279e-07 3.72235e-16)
(-2.46926e-07 -4.82967e-07 4.27185e-16)
(-1.80789e-07 -4.91258e-07 6.33054e-17)
(-1.15955e-07 -4.59707e-07 2.74044e-16)
(-4.91363e-08 -4.68589e-07 8.45759e-17)
(-8.04357e-06 2.16173e-05 -2.50626e-19)
(-2.8681e-06 1.99022e-05 -1.18084e-18)
(9.47331e-07 1.54718e-05 -1.29209e-18)
(1.08638e-06 1.32716e-05 -1.61018e-18)
(1.32649e-06 1.16164e-05 7.39525e-18)
(1.44478e-06 1.03987e-05 1.5058e-17)
(1.37778e-06 9.68592e-06 1.04077e-17)
(1.14798e-06 9.12713e-06 -4.59874e-18)
(1.04034e-06 8.53562e-06 5.16875e-18)
(1.39517e-06 7.91251e-06 1.59294e-17)
(5.16664e-07 6.83449e-06 -5.89828e-18)
(8.39864e-06 6.11907e-06 2.18752e-18)
(-1.63138e-06 7.7976e-06 6.86808e-18)
(-2.43354e-06 5.27584e-06 5.05418e-18)
(-5.63571e-06 3.62751e-06 6.25792e-19)
(-5.5574e-06 4.1376e-06 2.23278e-18)
(-2.28273e-06 4.12087e-06 -8.97073e-18)
(-2.2557e-06 4.07228e-06 9.39125e-18)
(-1.60634e-06 4.35103e-06 9.47046e-18)
(-2.29972e-06 4.59248e-06 -9.54496e-18)
(-2.39964e-06 4.90902e-06 -9.62216e-19)
(-2.3461e-06 5.12003e-06 3.41993e-18)
(-2.56168e-06 5.05909e-06 -9.63826e-18)
(-2.6497e-06 4.98296e-06 -3.93225e-17)
(-2.01214e-06 4.97239e-06 -3.34739e-17)
(-1.90196e-06 4.62939e-06 1.88591e-17)
(-2.34875e-06 4.02785e-06 -1.38614e-19)
(-1.75688e-06 3.51445e-06 3.4101e-18)
(-5.68723e-07 3.18397e-06 -2.71289e-17)
(2.03968e-07 2.97978e-06 -3.44525e-17)
(4.10708e-07 2.82569e-06 -1.58423e-18)
(2.31507e-07 2.53191e-06 4.50896e-17)
(3.57749e-07 1.89203e-06 -1.78491e-17)
(3.76643e-06 2.76897e-06 -1.29396e-17)
(1.90664e-07 2.68274e-06 -2.48602e-18)
(1.40718e-06 2.66767e-06 6.13595e-18)
(8.02461e-07 2.38029e-06 -7.88414e-18)
(6.25255e-07 2.26928e-06 -4.54653e-19)
(3.63836e-07 2.17153e-06 5.0193e-18)
(2.05623e-07 2.10911e-06 -2.2659e-19)
(7.6331e-08 2.04559e-06 6.24801e-18)
(-3.51644e-08 1.97647e-06 -3.39816e-19)
(-1.2984e-07 1.89034e-06 3.30747e-18)
(-2.13784e-07 1.79299e-06 -4.7716e-19)
(-2.9065e-07 1.68362e-06 6.10643e-18)
(-3.60806e-07 1.57301e-06 -2.25816e-19)
(-4.26389e-07 1.45834e-06 -1.81359e-17)
(-4.85903e-07 1.34961e-06 -1.18374e-17)
(-5.42503e-07 1.23557e-06 -4.06734e-18)
(-5.94304e-07 1.12144e-06 2.26832e-17)
(-6.45579e-07 1.00356e-06 5.44994e-17)
(-6.91462e-07 8.96448e-07 -2.83241e-18)
(-7.3578e-07 7.88587e-07 -3.15022e-17)
(-7.73632e-07 6.89623e-07 2.11614e-17)
(-8.09281e-07 5.91338e-07 4.56234e-17)
(-8.37888e-07 4.97261e-07 -5.9167e-17)
(-8.63573e-07 4.02561e-07 9.77827e-17)
(-8.82111e-07 3.12445e-07 5.16388e-17)
(-8.95715e-07 2.23663e-07 1.26359e-17)
(-9.0284e-07 1.38843e-07 1.82647e-16)
(-9.02774e-07 5.74012e-08 7.42557e-17)
(-8.96592e-07 -1.90854e-08 -1.63555e-16)
(-8.80031e-07 -8.78505e-08 1.63333e-16)
(-8.5858e-07 -1.48141e-07 1.1108e-16)
(-8.26724e-07 -2.01527e-07 -1.69011e-16)
(-7.92155e-07 -2.5306e-07 2.13728e-17)
(-7.45469e-07 -2.83678e-07 -6.06062e-17)
(-7.13291e-07 -3.17857e-07 -1.39927e-16)
(-6.78297e-07 -3.33617e-07 -6.27121e-17)
(-6.31588e-07 -3.53526e-07 3.12417e-17)
(-5.86104e-07 -3.72051e-07 8.91004e-17)
(-5.26505e-07 -3.85382e-07 -9.96235e-17)
(-4.69058e-07 -4.10629e-07 -4.09935e-16)
(-4.01657e-07 -4.32935e-07 -1.06299e-16)
(-3.35702e-07 -4.59379e-07 1.96594e-16)
(-2.62228e-07 -4.71189e-07 -2.16238e-16)
(-1.93242e-07 -4.77268e-07 -3.47902e-16)
(-1.26713e-07 -4.40224e-07 -2.05655e-16)
(-5.79029e-08 -4.39922e-07 -3.34943e-16)
(7.26147e-06 1.16377e-05 1.08097e-18)
(9.44469e-06 1.1096e-05 5.43615e-18)
(7.73339e-06 9.69518e-06 -6.39444e-19)
(6.98472e-06 8.26995e-06 -2.31904e-18)
(6.48952e-06 6.98776e-06 -4.47256e-18)
(6.02217e-06 5.82398e-06 -5.83455e-18)
(5.51698e-06 5.05812e-06 -5.50399e-18)
(4.95279e-06 4.58357e-06 -4.19311e-18)
(4.36439e-06 4.2857e-06 -2.30858e-18)
(3.98938e-06 3.97505e-06 8.95914e-19)
(3.24581e-06 3.58321e-06 1.00328e-17)
(1.2293e-06 3.17177e-06 5.95321e-19)
(4.06266e-06 2.52586e-06 -5.61024e-19)
(1.6895e-06 2.01614e-06 -8.50928e-18)
(1.78958e-06 2.09298e-06 4.50353e-19)
(2.04432e-07 1.72506e-06 -1.84382e-18)
(6.37242e-07 1.71421e-06 -1.32338e-17)
(-4.45038e-07 1.59367e-06 -3.80942e-18)
(-9.73687e-07 1.62028e-06 -6.20759e-19)
(-2.49384e-06 1.64807e-06 6.34983e-18)
(-4.14076e-06 1.79715e-06 5.09662e-18)
(-5.53119e-06 1.98186e-06 -5.21099e-18)
(-6.17247e-06 2.18252e-06 -9.70971e-18)
(-5.79726e-06 2.34455e-06 -9.84446e-18)
(-4.48757e-06 2.58513e-06 2.48251e-17)
(-2.83325e-06 2.6991e-06 3.36753e-18)
(-1.12373e-06 2.65497e-06 -2.65463e-17)
(5.99801e-07 2.52159e-06 -8.65336e-18)
(1.97205e-06 2.34017e-06 4.22269e-18)
(2.21263e-06 2.04298e-06 2.21716e-17)
(-3.6272e-07 1.24691e-06 3.34215e-17)
(-9.83811e-06 -1.15376e-06 -1.69548e-17)
(-1.4593e-05 -2.38977e-06 8.25144e-18)
(5.8403e-05 1.39925e-05 2.6389e-17)
(-3.08771e-05 -1.18653e-06 1.49919e-17)
(7.06691e-06 2.10798e-06 -1.39513e-17)
(4.88325e-07 1.20169e-06 -6.35844e-18)
(1.10627e-06 1.34831e-06 -6.21101e-18)
(8.01894e-07 1.23635e-06 -1.4907e-18)
(7.26728e-07 1.20697e-06 -6.21059e-18)
(5.35073e-07 1.19914e-06 1.93859e-18)
(4.06515e-07 1.19298e-06 4.55668e-19)
(3.08317e-07 1.16821e-06 -2.59849e-19)
(2.19098e-07 1.13014e-06 5.47236e-18)
(1.40657e-07 1.07375e-06 8.82639e-19)
(6.66753e-08 1.01355e-06 -3.49061e-19)
(-6.86041e-10 9.47312e-07 1.98511e-18)
(-6.58318e-08 8.7786e-07 -6.53778e-18)
(-1.25897e-07 7.99134e-07 -2.30767e-18)
(-1.83633e-07 7.24611e-07 -9.73323e-18)
(-2.36678e-07 6.47323e-07 -3.72236e-17)
(-2.87793e-07 5.76081e-07 -1.14234e-17)
(-3.35595e-07 5.04731e-07 1.42181e-17)
(-3.81244e-07 4.39727e-07 -4.53285e-17)
(-4.25356e-07 3.72303e-07 -6.16782e-18)
(-4.66164e-07 3.11411e-07 -2.32298e-17)
(-5.05034e-07 2.49482e-07 6.01889e-17)
(-5.39162e-07 1.91641e-07 -4.04383e-17)
(-5.71107e-07 1.33451e-07 -7.71618e-17)
(-5.96875e-07 8.02254e-08 -6.6952e-17)
(-6.18981e-07 2.8127e-08 7.39132e-17)
(-6.33643e-07 -1.9269e-08 1.36067e-16)
(-6.42484e-07 -6.27217e-08 1.07764e-16)
(-6.44485e-07 -1.00955e-07 -1.15562e-17)
(-6.39824e-07 -1.37505e-07 -2.82565e-17)
(-6.29715e-07 -1.74269e-07 -2.83161e-17)
(-6.12538e-07 -2.04274e-07 -1.61562e-16)
(-5.96562e-07 -2.24577e-07 1.17742e-16)
(-5.73876e-07 -2.40336e-07 -1.00116e-16)
(-5.55911e-07 -2.53762e-07 1.41491e-17)
(-5.18047e-07 -2.63933e-07 2.48027e-16)
(-4.87524e-07 -2.81652e-07 1.74149e-16)
(-4.41259e-07 -3.06025e-07 -1.82493e-16)
(-3.92481e-07 -3.29958e-07 2.156e-16)
(-3.32652e-07 -3.64313e-07 -3.95385e-16)
(-2.68346e-07 -3.86594e-07 -3.47194e-16)
(-2.01096e-07 -4.04565e-07 2.91948e-17)
(-1.36569e-07 -3.83675e-07 1.85395e-16)
(-6.61968e-08 -3.94679e-07 -6.10417e-16)
(8.1936e-06 4.48135e-06 -1.76918e-18)
(9.19478e-06 3.72408e-06 3.04738e-18)
(6.26189e-06 3.99933e-06 1.86444e-18)
(5.44288e-06 3.30966e-06 -1.9081e-18)
(4.79389e-06 2.7093e-06 -1.12041e-18)
(4.23281e-06 2.10191e-06 1.90985e-18)
(3.72923e-06 1.69293e-06 5.05244e-18)
(3.26823e-06 1.47482e-06 -2.86659e-18)
(2.86765e-06 1.38957e-06 -1.25584e-18)
(2.49799e-06 1.30806e-06 -3.08211e-18)
(2.31737e-06 1.17911e-06 -3.68404e-18)
(2.14526e-06 1.02109e-06 -2.96429e-18)
(1.76915e-06 7.74596e-07 7.32096e-18)
(1.3597e-06 6.11457e-07 -2.98466e-19)
(8.99805e-07 5.3571e-07 -2.36545e-18)
(8.51197e-07 5.37212e-07 3.52151e-18)
(9.38921e-07 5.66994e-07 -2.38526e-18)
(9.71524e-07 5.9841e-07 -2.53977e-19)
(4.11865e-07 6.30833e-07 7.37328e-18)
(-7.35649e-07 6.97719e-07 -5.90548e-18)
(-2.08625e-06 9.1201e-07 1.0358e-19)
(-4.55289e-06 1.06699e-06 6.50496e-18)
(-7.20383e-06 6.97199e-07 1.4887e-17)
(-6.60934e-06 1.19266e-06 -5.75568e-18)
(-5.88375e-06 1.27819e-06 -2.87372e-17)
(-3.93859e-06 1.39402e-06 1.50859e-17)
(-1.38141e-06 1.4936e-06 1.16862e-17)
(1.24829e-06 1.56285e-06 7.97042e-18)
(3.25833e-06 1.56037e-06 2.05007e-17)
(4.41555e-06 1.50212e-06 -5.89246e-18)
(9.00125e-06 2.57468e-06 -1.24053e-18)
(4.28382e-05 1.05471e-05 1.2224e-17)
(-3.30185e-05 -3.67839e-06 -9.12356e-18)
(-1.49662e-05 -5.45459e-06 -4.76037e-18)
(5.92577e-06 1.08824e-06 7.63969e-18)
(1.16393e-06 2.3474e-06 -4.22981e-19)
(-1.49356e-06 5.6653e-07 5.04526e-18)
(1.70759e-06 7.6847e-07 5.14423e-18)
(8.16008e-07 6.15182e-07 6.57616e-18)
(6.17392e-07 6.06645e-07 -2.85234e-19)
(5.42613e-07 6.08636e-07 -3.6546e-18)
(4.13876e-07 6.25307e-07 3.10618e-18)
(3.01355e-07 6.33814e-07 -4.40174e-18)
(2.14599e-07 6.2932e-07 -3.9861e-18)
(1.30655e-07 6.20563e-07 -2.25214e-18)
(5.80563e-08 6.01313e-07 -9.11772e-19)
(-1.60223e-08 5.79193e-07 1.74474e-18)
(-7.99028e-08 5.52202e-07 2.50344e-18)
(-1.45173e-07 5.18511e-07 -1.00711e-17)
(-2.00977e-07 4.75188e-07 -1.1871e-17)
(-2.57929e-07 4.30901e-07 -1.4012e-17)
(-3.06147e-07 3.80024e-07 1.55635e-17)
(-3.55474e-07 3.28453e-07 -2.37187e-18)
(-3.97169e-07 2.77281e-07 6.59289e-18)
(-4.37817e-07 2.28853e-07 -3.48919e-20)
(-4.72138e-07 1.79163e-07 -6.17497e-17)
(-5.03419e-07 1.33649e-07 -1.1567e-16)
(-5.29759e-07 8.91573e-08 1.93901e-17)
(-5.50984e-07 4.88021e-08 5.38798e-17)
(-5.68993e-07 9.63347e-09 1.68044e-17)
(-5.79658e-07 -2.53591e-08 9.48076e-17)
(-5.88272e-07 -5.87146e-08 -1.17504e-16)
(-5.8827e-07 -8.83744e-08 1.17971e-17)
(-5.87657e-07 -1.16904e-07 6.13445e-17)
(-5.75953e-07 -1.47652e-07 2.92627e-17)
(-5.62822e-07 -1.73038e-07 1.23763e-17)
(-5.44588e-07 -1.91521e-07 5.25027e-17)
(-5.35109e-07 -2.03115e-07 1.13319e-16)
(-5.11755e-07 -2.15474e-07 9.23543e-17)
(-4.91726e-07 -2.25526e-07 -5.18288e-17)
(-4.64493e-07 -2.40496e-07 -2.1789e-16)
(-4.31554e-07 -2.57491e-07 1.00446e-16)
(-3.89853e-07 -2.81591e-07 -4.90215e-17)
(-3.38774e-07 -3.10228e-07 1.90207e-16)
(-2.77011e-07 -3.35278e-07 3.42151e-16)
(-2.10369e-07 -3.5674e-07 5.76302e-16)
(-1.44018e-07 -3.40644e-07 -2.07323e-16)
(-7.09608e-08 -3.52621e-07 1.12915e-15)
(3.44027e-06 1.78375e-06 2.06007e-18)
(3.7418e-06 1.09154e-06 -2.68207e-18)
(1.79477e-06 1.77512e-06 -8.70317e-19)
(1.4145e-06 1.41174e-06 3.91717e-18)
(1.07553e-06 1.19233e-06 3.36232e-18)
(7.975e-07 8.62512e-07 1.51703e-18)
(5.81225e-07 5.82477e-07 -2.62578e-18)
(4.18363e-07 4.05372e-07 1.39084e-19)
(2.95615e-07 3.41041e-07 3.80884e-18)
(1.93138e-07 3.38958e-07 1.50548e-18)
(1.16492e-07 3.3644e-07 -1.6772e-18)
(1.91787e-07 2.89416e-07 7.82927e-19)
(1.93559e-07 2.02362e-07 -2.36259e-18)
(2.06977e-07 1.30586e-07 9.92926e-19)
(1.14791e-07 9.16732e-08 1.30786e-18)
(8.61765e-08 1.13951e-07 1.86418e-18)
(1.64728e-07 1.74178e-07 -1.67688e-18)
(4.76814e-07 2.58243e-07 2.66989e-18)
(8.09955e-07 3.55595e-07 -4.11953e-18)
(9.59301e-07 5.8195e-07 2.52059e-18)
(2.34514e-06 1.62629e-06 3.58859e-19)
(6.02968e-06 -1.32476e-06 1.26707e-18)
(-1.15433e-05 -1.31129e-06 -4.11774e-18)
(-4.50286e-07 1.84119e-06 -6.32104e-18)
(-7.98926e-06 1.51237e-07 1.23893e-17)
(-6.33162e-06 3.81429e-07 3.6223e-18)
(-4.1428e-06 6.27735e-07 -1.52208e-17)
(-1.78659e-06 6.80452e-07 -4.06177e-18)
(7.96812e-07 8.01476e-07 -4.4631e-18)
(2.49593e-06 8.0413e-07 -6.9226e-18)
(5.65118e-08 1.41283e-07 -2.55074e-18)
(-1.35066e-05 -3.22266e-06 -1.35081e-17)
(1.52845e-05 -6.95671e-07 -7.48705e-18)
(2.01984e-05 4.6236e-06 -4.33886e-18)
(2.99217e-05 9.67e-06 -2.96631e-18)
(-4.75941e-05 -5.16618e-06 -1.92064e-18)
(1.06774e-05 -1.27378e-06 -2.51673e-18)
(4.77646e-06 5.73717e-07 -2.22887e-18)
(-1.74645e-06 -3.48397e-07 -3.53457e-18)
(7.58713e-07 6.21965e-08 -9.4187e-18)
(4.90459e-07 7.83117e-08 2.69417e-18)
(3.67799e-07 1.61254e-07 -1.11376e-18)
(2.89668e-07 2.20211e-07 4.51885e-19)
(2.17654e-07 2.60528e-07 1.42791e-18)
(1.50302e-07 2.82942e-07 -1.97626e-18)
(9.28434e-08 2.94897e-07 7.95645e-19)
(3.62353e-08 2.97559e-07 -7.64429e-19)
(-1.69973e-08 2.95148e-07 1.43208e-18)
(-7.20169e-08 2.86357e-07 9.23645e-18)
(-1.23265e-07 2.73933e-07 5.71118e-18)
(-1.75164e-07 2.52991e-07 5.48456e-18)
(-2.22755e-07 2.29244e-07 -5.10499e-18)
(-2.69001e-07 1.99699e-07 1.93138e-17)
(-3.09439e-07 1.7199e-07 -3.13772e-18)
(-3.47567e-07 1.40064e-07 3.40621e-17)
(-3.79528e-07 1.10911e-07 2.99585e-17)
(-4.08238e-07 7.8654e-08 6.47016e-17)
(-4.31737e-07 4.9442e-08 4.79431e-17)
(-4.51797e-07 1.87489e-08 3.60527e-17)
(-4.68106e-07 -8.68714e-09 1.41817e-17)
(-4.80442e-07 -3.61592e-08 -6.52724e-17)
(-4.90378e-07 -6.04842e-08 2.24841e-17)
(-4.95337e-07 -8.38657e-08 6.88043e-18)
(-4.98847e-07 -1.0447e-07 3.88906e-17)
(-4.95124e-07 -1.29187e-07 4.92319e-17)
(-4.87472e-07 -1.48715e-07 3.53748e-17)
(-4.77516e-07 -1.63271e-07 -8.02067e-18)
(-4.72974e-07 -1.7516e-07 6.90517e-17)
(-4.59632e-07 -1.84775e-07 1.72112e-17)
(-4.47166e-07 -1.9567e-07 -1.02498e-16)
(-4.2868e-07 -2.05062e-07 -1.00669e-16)
(-4.06591e-07 -2.19468e-07 1.33077e-16)
(-3.75427e-07 -2.34424e-07 6.52697e-17)
(-3.33405e-07 -2.59977e-07 1.27223e-16)
(-2.78918e-07 -2.82059e-07 -5.56811e-17)
(-2.16084e-07 -3.0455e-07 -4.12614e-16)
(-1.50426e-07 -2.96125e-07 3.75601e-18)
(-7.54895e-08 -3.05512e-07 2.81225e-16)
(-4.47144e-07 1.6143e-06 -4.12881e-19)
(-5.12395e-07 1.02555e-06 1.41176e-18)
(-9.11761e-07 1.43615e-06 2.48647e-18)
(-8.21748e-07 1.15719e-06 -1.02934e-18)
(-7.64049e-07 1.06413e-06 -5.12343e-19)
(-7.07434e-07 8.93329e-07 -5.76908e-19)
(-6.45517e-07 7.16897e-07 -4.25809e-19)
(-5.78664e-07 5.70328e-07 4.10703e-18)
(-5.09719e-07 4.89846e-07 -7.57967e-19)
(-4.45655e-07 4.7527e-07 -1.82443e-18)
(-3.83687e-07 4.9407e-07 4.35325e-18)
(-3.11212e-07 5.05307e-07 -1.23557e-19)
(-2.33893e-07 4.85421e-07 -1.53479e-18)
(-1.52285e-07 4.42945e-07 -4.30429e-18)
(-1.04034e-07 4.01119e-07 1.20039e-18)
(-9.57848e-08 3.80456e-07 9.99531e-19)
(-1.02635e-07 3.88378e-07 9.42182e-20)
(-4.66226e-08 4.21028e-07 -2.43545e-18)
(-1.37717e-07 4.79337e-07 -5.78013e-19)
(-3.64337e-06 5.76595e-07 -6.10979e-21)
(-6.53619e-05 -2.96404e-07 9.15958e-19)
(7.21224e-05 2.64461e-06 2.48709e-18)
(-2.20398e-05 -3.55158e-06 -1.00334e-19)
(4.50499e-05 6.74092e-06 1.90245e-18)
(-2.91679e-05 -5.56638e-06 -8.74575e-21)
(-3.68193e-06 4.1317e-08 -3.67423e-18)
(-2.42889e-06 3.6614e-07 8.1028e-18)
(-4.60094e-06 -2.86491e-07 5.02183e-19)
(-1.338e-06 2.86751e-07 -8.3945e-18)
(8.17529e-07 3.84015e-07 6.57976e-19)
(3.14787e-06 5.78032e-07 -8.39064e-18)
(8.02312e-06 1.43165e-06 5.14259e-18)
(9.11812e-06 2.70336e-06 5.25871e-18)
(2.61418e-05 6.90504e-06 4.41473e-18)
(-2.0999e-05 -9.0986e-07 -3.36372e-18)
(-3.00386e-05 -1.05768e-05 3.66689e-18)
(2.3769e-05 5.71639e-07 4.51878e-19)
(4.92903e-06 1.1734e-06 6.10103e-19)
(-3.52462e-06 -8.73707e-07 -5.4938e-18)
(1.03289e-06 -2.82103e-08 7.85604e-19)
(2.91342e-07 -1.04842e-07 -2.43969e-18)
(2.80132e-07 7.03661e-08 -2.09966e-18)
(2.21356e-07 1.42306e-07 3.00842e-18)
(1.68732e-07 1.96337e-07 -1.57575e-18)
(1.0776e-07 2.13726e-07 2.67435e-18)
(5.51669e-08 2.1311e-07 5.94888e-20)
(8.51e-09 2.01416e-07 3.44794e-19)
(-3.69915e-08 1.89706e-07 8.75974e-19)
(-7.9373e-08 1.76546e-07 -2.00931e-18)
(-1.22568e-07 1.63655e-07 4.81536e-18)
(-1.63086e-07 1.4656e-07 -2.37272e-18)
(-2.03122e-07 1.29751e-07 3.07526e-18)
(-2.3961e-07 1.11639e-07 6.78171e-18)
(-2.7433e-07 9.39201e-08 2.42779e-18)
(-3.04994e-07 7.49664e-08 6.38711e-18)
(-3.32855e-07 5.58484e-08 -1.03734e-17)
(-3.56856e-07 3.47924e-08 3.97141e-17)
(-3.77593e-07 1.39496e-08 -1.75657e-17)
(-3.95536e-07 -7.61293e-09 -2.31891e-17)
(-4.10124e-07 -2.82458e-08 -3.08356e-17)
(-4.23031e-07 -4.85189e-08 5.97684e-17)
(-4.3244e-07 -6.72693e-08 -2.59159e-17)
(-4.40684e-07 -8.46248e-08 5.29092e-17)
(-4.44752e-07 -1.00309e-07 3.73359e-17)
(-4.47003e-07 -1.1755e-07 -1.29826e-17)
(-4.41293e-07 -1.34628e-07 -2.18598e-17)
(-4.38806e-07 -1.46278e-07 -4.95678e-17)
(-4.36189e-07 -1.5609e-07 -5.55819e-17)
(-4.30219e-07 -1.64398e-07 -1.12303e-16)
(-4.19723e-07 -1.7328e-07 2.89682e-17)
(-4.07703e-07 -1.80443e-07 1.53038e-16)
(-3.89965e-07 -1.8842e-07 8.98793e-18)
(-3.65577e-07 -1.98959e-07 -3.27166e-17)
(-3.30209e-07 -2.13874e-07 -1.72203e-16)
(-2.81886e-07 -2.32851e-07 1.59904e-17)
(-2.21929e-07 -2.54325e-07 -2.06743e-16)
(-1.57106e-07 -2.48085e-07 1.59703e-17)
(-7.88402e-08 -2.55546e-07 -8.00884e-16)
(8.74627e-08 2.11504e-06 -3.59892e-19)
(3.06092e-07 1.61683e-06 2.54377e-19)
(5.08009e-07 1.74947e-06 4.30174e-21)
(6.86488e-07 1.36434e-06 -5.69612e-19)
(8.30255e-07 1.2375e-06 -4.23135e-19)
(9.48638e-07 1.11425e-06 -2.62805e-19)
(1.04045e-06 1.01627e-06 7.6152e-20)
(1.10457e-06 9.0687e-07 -3.51351e-19)
(1.14283e-06 8.01198e-07 -6.55041e-19)
(1.15679e-06 7.14633e-07 1.46345e-18)
(1.14818e-06 6.60091e-07 -1.97301e-18)
(1.12412e-06 6.28579e-07 -1.43243e-20)
(1.08876e-06 6.06496e-07 3.82731e-19)
(1.05332e-06 5.80846e-07 1.5275e-18)
(1.01384e-06 5.52619e-07 6.83715e-19)
(9.55776e-07 5.28051e-07 -5.58326e-19)
(8.59122e-07 5.15666e-07 9.90999e-19)
(7.36189e-07 5.16614e-07 1.70895e-19)
(6.17872e-07 5.28102e-07 1.12078e-18)
(5.5455e-07 5.31136e-07 -1.22269e-19)
(7.25242e-06 8.21829e-07 -5.08124e-19)
(-2.22688e-06 2.89679e-06 -3.41216e-19)
(-7.62495e-05 2.82099e-06 1.15621e-18)
(9.96572e-05 3.12193e-06 7.49394e-19)
(-7.19728e-05 -1.45562e-05 1.60713e-18)
(4.03579e-05 9.23049e-06 2.18671e-18)
(1.78815e-06 3.86199e-07 -5.58951e-20)
(-8.55993e-06 -6.18233e-07 -2.43192e-18)
(2.85584e-06 9.78898e-07 6.54533e-18)
(-1.25874e-06 1.24231e-07 -2.37162e-18)
(4.08931e-07 2.04921e-07 6.50543e-18)
(1.51499e-06 1.49332e-07 1.85388e-19)
(4.96307e-06 8.44381e-07 1.87461e-18)
(-3.92015e-07 1.68778e-07 -5.66911e-18)
(-2.19704e-05 -7.11529e-06 3.56055e-18)
(8.6311e-06 -1.2305e-06 -5.64074e-19)
(2.33244e-05 4.64823e-06 3.7343e-18)
(1.0152e-05 1.88124e-06 -2.0222e-18)
(-2.25559e-05 -3.94744e-06 3.98867e-18)
(1.40042e-05 1.66052e-06 2.2853e-18)
(-2.37293e-06 -8.87815e-07 -1.18292e-18)
(6.60652e-07 5.92741e-08 5.07043e-19)
(1.52013e-07 -1.54557e-08 -5.08324e-18)
(1.77786e-07 8.32169e-08 1.23166e-19)
(1.13818e-07 1.05619e-07 2.89657e-19)
(5.77368e-08 1.1313e-07 -2.66782e-19)
(3.15365e-09 1.06106e-07 2.32418e-19)
(-4.7266e-08 9.67097e-08 -4.88264e-19)
(-9.32949e-08 8.74401e-08 8.29367e-19)
(-1.35922e-07 8.1441e-08 -5.31523e-19)
(-1.75257e-07 7.57934e-08 2.69206e-18)
(-2.11338e-07 7.02245e-08 5.2399e-19)
(-2.44562e-07 6.14988e-08 -8.26512e-18)
(-2.74706e-07 5.26839e-08 2.66566e-18)
(-3.02245e-07 4.09208e-08 -6.93869e-18)
(-3.26584e-07 2.84083e-08 6.09872e-18)
(-3.48153e-07 1.26114e-08 -2.00984e-17)
(-3.66583e-07 -3.60029e-09 -3.2695e-17)
(-3.82617e-07 -2.14398e-08 -3.23155e-17)
(-3.96085e-07 -3.84011e-08 1.27023e-17)
(-4.07633e-07 -5.56148e-08 -2.15229e-17)
(-4.17076e-07 -7.10294e-08 1.40818e-17)
(-4.24749e-07 -8.50592e-08 6.52918e-18)
(-4.30228e-07 -9.64015e-08 -4.40806e-17)
(-4.32831e-07 -1.09155e-07 -4.01408e-17)
(-4.31263e-07 -1.22876e-07 4.07705e-17)
(-4.29185e-07 -1.32889e-07 6.34057e-18)
(-4.29522e-07 -1.40809e-07 -3.57466e-17)
(-4.23848e-07 -1.46901e-07 5.61382e-17)
(-4.15841e-07 -1.52771e-07 8.35957e-18)
(-4.03976e-07 -1.57097e-07 -6.61619e-19)
(-3.88177e-07 -1.61262e-07 -9.22372e-17)
(-3.65996e-07 -1.63604e-07 -7.20214e-17)
(-3.34216e-07 -1.73307e-07 1.39158e-16)
(-2.87297e-07 -1.84451e-07 1.72641e-17)
(-2.3031e-07 -2.01935e-07 1.38453e-16)
(-1.63311e-07 -1.99853e-07 -1.10054e-18)
(-8.20217e-08 -2.00124e-07 2.68657e-16)
(3.41431e-06 1.32308e-06 -4.19989e-19)
(4.20147e-06 6.48897e-07 -2.26769e-19)
(3.69334e-06 1.00045e-06 -5.42937e-19)
(3.62793e-06 6.23379e-07 2.00608e-19)
(3.56566e-06 4.69148e-07 3.22223e-19)
(3.4901e-06 3.96757e-07 1.31703e-19)
(3.39668e-06 4.0072e-07 4.42824e-19)
(3.28613e-06 4.21523e-07 -8.83576e-19)
(3.15866e-06 4.29094e-07 -3.07988e-19)
(3.01698e-06 4.19094e-07 -8.34783e-19)
(2.86384e-06 4.01802e-07 6.82791e-20)
(2.70208e-06 3.88323e-07 2.64084e-19)
(2.53457e-06 3.8366e-07 3.56343e-19)
(2.36829e-06 3.8527e-07 -3.06553e-20)
(2.20924e-06 3.89158e-07 -1.50722e-18)
(2.05796e-06 3.93025e-07 -1.9114e-19)
(1.90232e-06 3.97758e-07 8.15711e-20)
(1.72247e-06 4.02539e-07 -8.06119e-20)
(1.48987e-06 4.08482e-07 -6.40707e-19)
(1.07857e-06 4.24993e-07 -1.43991e-18)
(-1.37023e-07 4.92393e-07 -5.39718e-19)
(2.16932e-06 4.74803e-07 6.74912e-19)
(8.50457e-06 3.12019e-07 9.13452e-19)
(4.58105e-07 1.49992e-06 -2.98459e-19)
(8.45415e-07 1.59171e-06 -1.68085e-18)
(-2.33083e-06 5.85915e-07 -6.47398e-19)
(-4.32561e-06 -2.90788e-08 -4.53239e-19)
(-4.11477e-07 6.07772e-07 2.94447e-18)
(-2.14418e-07 2.97683e-07 -3.53165e-18)
(-1.01439e-06 8.29633e-08 6.37909e-20)
(-8.34049e-07 -9.19357e-08 -1.18282e-18)
(3.4612e-08 -9.93588e-08 -3.50008e-18)
(8.00308e-07 -3.219e-08 -2.00128e-18)
(2.4199e-06 -2.73254e-07 3.5142e-18)
(1.35619e-05 1.8617e-06 -2.13872e-19)
(1.95275e-06 1.47251e-06 -2.15181e-18)
(-8.06217e-06 -1.66862e-06 -3.8319e-18)
(-1.33481e-05 -3.06767e-06 -1.05121e-18)
(1.24385e-05 1.65068e-06 2.16305e-19)
(-1.15692e-06 -2.33207e-06 4.05478e-19)
(4.84368e-06 -4.14685e-06 3.31764e-18)
(-1.04601e-06 1.02498e-06 -9.21337e-20)
(4.83837e-07 -1.56018e-07 1.35179e-18)
(-1.26109e-08 4.07864e-08 1.60026e-18)
(5.71683e-08 -1.71786e-08 -2.5365e-19)
(4.74354e-09 -3.24759e-09 2.95558e-19)
(-3.34312e-08 -5.12993e-09 -1.24326e-19)
(-8.11128e-08 -5.54775e-09 -9.83547e-20)
(-1.27235e-07 -5.39724e-09 -6.56327e-19)
(-1.71032e-07 -2.19418e-09 -1.15699e-18)
(-2.1097e-07 2.55606e-09 -1.09981e-18)
(-2.47591e-07 7.32387e-09 -2.29265e-18)
(-2.80525e-07 9.63928e-09 2.1806e-18)
(-3.10525e-07 9.38235e-09 3.80956e-18)
(-3.37464e-07 5.56352e-09 -6.68119e-18)
(-3.61446e-07 -5.38589e-10 1.28973e-18)
(-3.82301e-07 -1.01564e-08 -4.30741e-18)
(-3.99931e-07 -2.12078e-08 7.87153e-18)
(-4.14718e-07 -3.4302e-08 3.19039e-18)
(-4.26638e-07 -4.74283e-08 5.59591e-18)
(-4.36387e-07 -6.1038e-08 -5.76177e-18)
(-4.43751e-07 -7.32037e-08 -1.80962e-17)
(-4.49389e-07 -8.37854e-08 -2.59274e-17)
(-4.52894e-07 -9.15509e-08 3.31819e-17)
(-4.54218e-07 -9.98796e-08 1.955e-17)
(-4.52669e-07 -1.10426e-07 -1.04206e-17)
(-4.49047e-07 -1.18321e-07 2.31667e-17)
(-4.47911e-07 -1.23784e-07 6.2926e-18)
(-4.40976e-07 -1.27265e-07 8.94254e-18)
(-4.31208e-07 -1.30574e-07 -9.92226e-18)
(-4.1759e-07 -1.31635e-07 4.6084e-17)
(-3.99895e-07 -1.31523e-07 -2.55235e-18)
(-3.76939e-07 -1.30697e-07 7.8742e-17)
(-3.42135e-07 -1.275e-07 4.13531e-17)
(-2.97616e-07 -1.34499e-07 -1.48094e-17)
(-2.40998e-07 -1.48338e-07 -1.44499e-17)
(-1.71959e-07 -1.44582e-07 1.17472e-17)
(-8.87444e-08 -1.41e-07 -2.65557e-16)
(6.34393e-06 -1.51316e-06 -5.92246e-21)
(7.48433e-06 -2.3212e-06 -1.28289e-19)
(5.77332e-06 -1.37609e-06 1.05447e-20)
(5.40542e-06 -1.31922e-06 1.39024e-19)
(5.07304e-06 -1.12809e-06 -8.75998e-20)
(4.75518e-06 -9.54649e-07 -1.34217e-19)
(4.44921e-06 -7.89071e-07 -9.41827e-20)
(4.15565e-06 -6.54215e-07 2.64822e-19)
(3.87394e-06 -5.56107e-07 2.57544e-19)
(3.60462e-06 -4.9372e-07 2.18189e-19)
(3.34754e-06 -4.53476e-07 1.334e-20)
(3.10333e-06 -4.21034e-07 -9.1186e-20)
(2.87208e-06 -3.84006e-07 2.46595e-20)
(2.65501e-06 -3.3943e-07 -1.34375e-19)
(2.45478e-06 -2.90107e-07 2.65666e-19)
(2.27478e-06 -2.41281e-07 -1.21113e-19)
(2.11471e-06 -1.96412e-07 3.63732e-20)
(1.96612e-06 -1.57262e-07 -1.23932e-19)
(1.81057e-06 -1.23437e-07 -5.40446e-19)
(1.63629e-06 -9.08652e-08 5.47506e-20)
(1.55346e-06 -5.12164e-08 3.51298e-19)
(1.30376e-06 2.35869e-08 -3.95827e-19)
(2.78468e-07 1.52024e-07 -4.9035e-19)
(3.25123e-06 1.85209e-07 -3.66596e-19)
(9.40564e-07 -2.67497e-07 5.37546e-20)
(1.23804e-06 3.38068e-08 2.20145e-19)
(2.49766e-06 2.87662e-07 4.245e-19)
(-1.12611e-07 -4.01507e-08 -9.69765e-19)
(2.62001e-07 4.52155e-09 2.06158e-19)
(-5.151e-07 -1.83211e-07 8.66318e-19)
(-9.23761e-07 -3.25625e-07 -9.08576e-19)
(-8.54681e-07 -4.28416e-07 1.94674e-18)
(-3.54284e-07 -4.94224e-07 3.00854e-18)
(1.01147e-06 -2.95776e-07 -9.28882e-19)
(7.70152e-07 -2.73678e-07 -2.8182e-18)
(-4.54009e-07 -1.30478e-06 1.14973e-18)
(2.66113e-06 -3.76646e-07 3.25645e-19)
(7.43233e-06 8.63546e-07 8.79901e-19)
(-2.42914e-05 -6.97241e-06 -1.31469e-19)
(-7.00936e-05 -3.10768e-05 -3.49513e-19)
(0.000114655 2.36883e-05 3.48799e-20)
(-2.94838e-05 1.52136e-05 3.98181e-19)
(5.9834e-06 -1.30736e-06 9.51861e-19)
(-1.25989e-06 5.40323e-07 -5.4366e-19)
(2.41086e-08 -1.13137e-07 1.29807e-19)
(-1.65057e-07 -7.75574e-08 2.26354e-19)
(-1.43167e-07 -1.08034e-07 -1.46941e-19)
(-1.75099e-07 -1.05233e-07 7.64777e-21)
(-2.08767e-07 -1.00507e-07 -1.19617e-20)
(-2.45881e-07 -8.99437e-08 2.36962e-19)
(-2.81264e-07 -7.5963e-08 -6.12245e-19)
(-3.13847e-07 -6.0831e-08 1.29349e-18)
(-3.42462e-07 -4.82626e-08 1.60387e-18)
(-3.67698e-07 -3.85943e-08 -3.46077e-18)
(-3.89553e-07 -3.29393e-08 1.71449e-18)
(-4.08857e-07 -3.03979e-08 -1.02959e-18)
(-4.25499e-07 -3.22572e-08 3.06592e-18)
(-4.39911e-07 -3.69428e-08 5.29942e-18)
(-4.52088e-07 -4.46779e-08 4.75367e-18)
(-4.62216e-07 -5.36862e-08 -2.2484e-18)
(-4.705e-07 -6.37261e-08 1.36819e-18)
(-4.76946e-07 -7.26381e-08 7.86543e-18)
(-4.81911e-07 -8.02941e-08 -6.09067e-18)
(-4.85075e-07 -8.50171e-08 -1.08861e-17)
(-4.8637e-07 -8.93146e-08 -5.50178e-18)
(-4.87002e-07 -9.59855e-08 1.01601e-17)
(-4.81977e-07 -1.00783e-07 -1.54199e-17)
(-4.80223e-07 -1.03414e-07 1.27018e-17)
(-4.72181e-07 -1.04413e-07 6.89425e-19)
(-4.60788e-07 -1.04119e-07 -5.61177e-18)
(-4.44989e-07 -1.01726e-07 -3.39149e-17)
(-4.25411e-07 -9.83558e-08 -1.32713e-17)
(-3.97951e-07 -8.67501e-08 -2.75985e-17)
(-3.63105e-07 -8.05878e-08 -6.02112e-17)
(-3.19276e-07 -8.18195e-08 -7.65234e-18)
(-2.59132e-07 -8.62369e-08 4.82051e-17)
(-1.88518e-07 -8.37797e-08 -4.83209e-19)
(-9.36584e-08 -6.90789e-08 4.83341e-17)
(4.11182e-06 -1.94788e-06 -8.80241e-21)
(4.77067e-06 -2.57086e-06 -3.13559e-20)
(3.03332e-06 -1.37206e-06 1.4555e-21)
(2.67611e-06 -1.25814e-06 -5.01907e-21)
(2.32913e-06 -1.06374e-06 2.64533e-21)
(2.00035e-06 -9.05687e-07 1.47585e-20)
(1.69708e-06 -7.72999e-07 6.14442e-20)
(1.42326e-06 -6.68293e-07 2.50451e-20)
(1.17937e-06 -5.89517e-07 -4.64639e-21)
(9.64765e-07 -5.33895e-07 3.7436e-20)
(7.77212e-07 -4.9309e-07 -3.02525e-20)
(6.14191e-07 -4.59238e-07 -3.26086e-20)
(4.72886e-07 -4.27756e-07 -1.4014e-19)
(3.50588e-07 -3.97398e-07 9.9291e-20)
(2.45139e-07 -3.69087e-07 1.0365e-19)
(1.56048e-07 -3.4452e-07 -1.79653e-20)
(8.42909e-08 -3.24773e-07 -1.31571e-20)
(3.07436e-08 -3.09192e-07 8.83102e-20)
(-9.93768e-09 -2.95553e-07 1.28399e-19)
(-5.39505e-08 -2.81203e-07 6.61849e-20)
(-1.18789e-07 -2.62229e-07 -2.54503e-20)
(-1.28027e-07 -2.30311e-07 7.99388e-20)
(-3.35753e-07 -1.96945e-07 2.02992e-20)
(3.11964e-07 -1.66057e-07 7.28778e-20)
(-2.06625e-07 -2.80877e-07 3.52104e-20)
(1.66376e-07 -1.74948e-07 -4.87811e-20)
(2.97867e-07 -1.95684e-07 -7.63672e-20)
(3.20722e-07 -1.95743e-07 3.57111e-19)
(4.87313e-07 -2.13661e-07 2.79084e-19)
(1.09476e-07 -2.78115e-07 -3.28148e-19)
(-1.94927e-07 -3.37533e-07 -1.7323e-20)
(-5.69215e-07 -4.30526e-07 2.93135e-20)
(-8.09432e-07 -4.77103e-07 -7.66337e-19)
(-8.55258e-07 -4.57059e-07 -1.37852e-18)
(-7.61064e-07 -5.39556e-07 1.84322e-18)
(-4.7888e-07 -6.44384e-07 1.34466e-18)
(-1.43718e-07 -6.12645e-07 8.55844e-19)
(-7.22061e-07 -9.10508e-07 -1.38094e-19)
(1.73089e-06 -1.04202e-06 1.41708e-19)
(3.83273e-05 8.31509e-06 -4.87424e-19)
(-1.30519e-05 6.52203e-06 -6.45935e-19)
(-2.25311e-05 -4.66154e-06 -3.04427e-19)
(-1.50297e-06 -8.99591e-07 -5.88897e-19)
(-6.31381e-07 -3.38144e-07 -1.04758e-19)
(-2.66439e-07 -2.49817e-07 -1.20188e-19)
(-3.28669e-07 -1.90065e-07 -1.4411e-19)
(-3.24927e-07 -1.64997e-07 8.01103e-20)
(-3.41535e-07 -1.41798e-07 9.58302e-20)
(-3.58235e-07 -1.21027e-07 1.35494e-20)
(-3.79032e-07 -9.94077e-08 4.54688e-20)
(-4.021e-07 -7.81997e-08 -2.68982e-21)
(-4.27601e-07 -5.85798e-08 -3.09313e-19)
(-4.53918e-07 -4.23943e-08 -1.02816e-18)
(-4.81055e-07 -3.09739e-08 5.81768e-19)
(-5.07712e-07 -2.4923e-08 -5.17542e-19)
(-5.34043e-07 -2.37271e-08 7.69696e-20)
(-5.58937e-07 -2.67813e-08 1.0001e-19)
(-5.82216e-07 -3.2467e-08 -1.41263e-18)
(-6.02774e-07 -4.00917e-08 1.0998e-19)
(-6.20275e-07 -4.77305e-08 -1.34905e-18)
(-6.34016e-07 -5.52038e-08 -1.66621e-19)
(-6.43657e-07 -6.10172e-08 -2.20705e-18)
(-6.49095e-07 -6.49505e-08 5.51931e-18)
(-6.50033e-07 -6.5747e-08 -1.09986e-18)
(-6.4732e-07 -6.47171e-08 2.96044e-18)
(-6.44298e-07 -6.50326e-08 -4.88472e-18)
(-6.30788e-07 -6.51917e-08 4.35628e-18)
(-6.21308e-07 -6.38232e-08 1.55662e-19)
(-6.03565e-07 -6.16612e-08 2.9558e-18)
(-5.80454e-07 -5.84136e-08 1.02579e-17)
(-5.51968e-07 -5.45522e-08 -1.09114e-18)
(-5.17488e-07 -4.76489e-08 2.28414e-18)
(-4.76236e-07 -4.06199e-08 -3.37107e-18)
(-4.30866e-07 -3.29417e-08 -3.15637e-18)
(-3.73272e-07 -3.08678e-08 7.13762e-18)
(-3.04563e-07 -3.3254e-08 -3.72249e-17)
(-2.08334e-07 -2.77466e-08 -7.40464e-18)
(-9.79019e-08 -1.60458e-08 8.53334e-17)
)
;

boundaryField
{
    inlet
    {
        type            calculated;
        value           nonuniform List<vector> 
27
(
(1.87874e-08 0.603868 -7.3966e-16)
(-7.63749e-08 0.576212 -7.61663e-16)
(-9.9676e-08 0.553746 1.22431e-15)
(-1.02158e-07 0.541109 -1.89476e-15)
(-1.05173e-07 0.529638 -1.06214e-15)
(-1.01962e-07 0.516276 2.66119e-15)
(-9.5695e-08 0.50235 -6.44684e-16)
(-8.8242e-08 0.48888 8.89295e-16)
(-8.1051e-08 0.475747 2.69294e-16)
(-7.54693e-08 0.462704 -1.50211e-15)
(-7.08147e-08 0.449641 4.72831e-16)
(-6.75492e-08 0.436559 8.3901e-17)
(-6.53593e-08 0.423387 -1.26746e-16)
(-6.39654e-08 0.409944 1.81079e-16)
(-6.19975e-08 0.395966 -3.41117e-16)
(-5.83417e-08 0.380874 2.54883e-16)
(-5.17742e-08 0.363901 3.55135e-16)
(-4.91917e-08 0.344338 8.45759e-17)
(-5.78639e-08 0.33183 -3.34943e-16)
(-6.62432e-08 0.323285 -6.10417e-16)
(-7.0921e-08 0.312671 1.12915e-15)
(-7.55266e-08 0.299697 2.81225e-16)
(-7.88323e-08 0.2847 -8.00884e-16)
(-8.20188e-08 0.264753 2.68657e-16)
(-8.87257e-08 0.23636 -2.65557e-16)
(-9.36533e-08 0.176461 4.83341e-17)
(-9.79019e-08 0.083894 8.53334e-17)
)
;
    }
    outlet
    {
        type            calculated;
        value           nonuniform List<vector> 
78
(
(-0.0167478 -1.94785e-06 -8.80241e-21)
(-0.0168326 -2.57093e-06 -3.13559e-20)
(-0.0169232 -1.37208e-06 1.4555e-21)
(-0.0170169 -1.25821e-06 -5.01907e-21)
(-0.0171156 -1.06376e-06 2.64533e-21)
(-0.0172194 -9.05759e-07 1.47585e-20)
(-0.0173293 -7.73021e-07 6.14442e-20)
(-0.0174458 -6.68363e-07 2.50451e-20)
(-0.0175689 -5.89542e-07 -4.64639e-21)
(-0.0176988 -5.33964e-07 3.7436e-20)
(-0.0178365 -4.93116e-07 -3.02525e-20)
(-0.0179833 -4.59307e-07 -3.26086e-20)
(-0.01814 -4.27785e-07 -1.4014e-19)
(-0.0183077 -3.9747e-07 9.9291e-20)
(-0.0184878 -3.69119e-07 1.0365e-19)
(-0.0186813 -3.44596e-07 -1.79653e-20)
(-0.0188907 -3.24808e-07 -1.31571e-20)
(-0.019118 -3.09271e-07 8.83102e-20)
(-0.0193659 -2.95587e-07 1.28399e-19)
(-0.019638 -2.81285e-07 6.61849e-20)
(-0.0199385 -2.62263e-07 -2.54503e-20)
(-0.020271 -2.30394e-07 7.99388e-20)
(-0.0206363 -1.96975e-07 2.02992e-20)
(-0.0210283 -1.66139e-07 7.28778e-20)
(-0.0214426 -2.80904e-07 3.52104e-20)
(-0.0218843 -1.75027e-07 -4.87811e-20)
(-0.0224049 -1.95705e-07 -7.63672e-20)
(-0.0231324 -1.95817e-07 3.57111e-19)
(-0.0242774 -2.13676e-07 2.79084e-19)
(-0.0260637 -2.78184e-07 -3.28148e-19)
(-0.028532 -3.37543e-07 -1.7323e-20)
(-0.0312823 -4.30588e-07 2.93135e-20)
(-0.0333726 -4.77108e-07 -7.66337e-19)
(-0.0335713 -4.57114e-07 -1.37852e-18)
(-0.0308427 -5.39557e-07 1.84322e-18)
(-0.0248096 -6.44432e-07 1.34466e-18)
(-0.016003 -6.12643e-07 8.55844e-19)
(-0.00585658 -9.10548e-07 -1.38094e-19)
(0.00363475 -1.04202e-06 1.41708e-19)
(0.0105933 8.31506e-06 -4.87424e-19)
(0.0138505 6.52204e-06 -6.45935e-19)
(0.0138016 -4.66156e-06 -3.04427e-19)
(0.0117474 -8.99588e-07 -5.88897e-19)
(0.00912485 -3.3816e-07 -1.04758e-19)
(0.0068537 -2.49815e-07 -1.20188e-19)
(0.00513061 -1.90077e-07 -1.4411e-19)
(0.00379195 -1.64995e-07 8.01103e-20)
(0.00265643 -1.41808e-07 9.58302e-20)
(0.0016515 -1.21027e-07 1.35494e-20)
(0.000777218 -9.94187e-08 4.54688e-20)
(4.19795e-05 -7.8204e-08 -2.68982e-21)
(-0.00056169 -5.85926e-08 -3.09313e-19)
(-0.00105188 -4.24014e-08 -1.02816e-18)
(-0.00144701 -3.09876e-08 5.81768e-19)
(-0.00176289 -2.49328e-08 -5.17542e-19)
(-0.00201384 -2.37402e-08 7.69696e-20)
(-0.00221295 -2.67915e-08 1.0001e-19)
(-0.00237166 -3.24778e-08 -1.41263e-18)
(-0.00249961 -4.01003e-08 1.0998e-19)
(-0.00260367 -4.77385e-08 -1.34905e-18)
(-0.00269075 -5.52104e-08 -1.66621e-19)
(-0.00275985 -6.10228e-08 -2.20705e-18)
(-0.00282065 -6.49553e-08 5.51931e-18)
(-0.00284923 -6.57503e-08 -1.09986e-18)
(-0.00287707 -6.47211e-08 2.96044e-18)
(-0.00279589 -6.50361e-08 -4.88472e-18)
(-0.00285952 -6.51949e-08 4.35628e-18)
(-0.00275776 -6.38247e-08 1.55662e-19)
(-0.00303712 -6.16627e-08 2.9558e-18)
(-0.0025187 -5.84145e-08 1.02579e-17)
(-0.00361799 -5.45526e-08 -1.09114e-18)
(-0.00146586 -4.76502e-08 2.28414e-18)
(-0.00557394 -4.06207e-08 -3.37107e-18)
(0.00194615 -3.29435e-08 -3.15637e-18)
(-0.0116117 -3.08691e-08 7.13762e-18)
(0.0102805 -3.32547e-08 -3.72249e-17)
(-0.0301403 -2.77468e-08 -7.40464e-18)
(0.0268932 -1.60458e-08 8.53334e-17)
)
;
    }
    walls
    {
        type            calculated;
        value           nonuniform List<vector> 0();
    }
    frontAndBack
    {
        type            empty;
    }
    procBoundary7to3
    {
        type            processor;
        value           nonuniform List<vector> 
16
(
(3.34532e-05 -1.32121e-05 -7.58892e-17)
(1.28056e-05 -5.27321e-06 -1.36773e-17)
(-5.91213e-06 5.56405e-06 -1.24919e-17)
(-2.14867e-05 1.61926e-05 6.81339e-18)
(-3.06301e-05 2.5903e-05 4.92352e-19)
(-2.74968e-05 2.51426e-05 2.71328e-18)
(-1.18952e-05 2.29048e-05 9.35518e-18)
(4.91057e-06 1.21379e-05 -2.26198e-18)
(1.17928e-05 3.5139e-06 9.64034e-19)
(1.17928e-05 3.5139e-06 9.64034e-19)
(6.2581e-06 9.36219e-07 4.09764e-18)
(1.83132e-07 1.41628e-06 2.12847e-19)
(-1.35876e-07 2.06443e-06 4.59623e-19)
(4.20602e-06 5.90125e-07 9.89367e-20)
(8.85615e-06 -2.8447e-06 1.52323e-19)
(6.56485e-06 -3.52289e-06 1.05495e-19)
)
;
    }
    procBoundary7to6
    {
        type            processor;
        value           nonuniform List<vector> 
91
(
(-1.39951e-08 -1.10546e-06 4.68618e-16)
(1.50484e-09 -6.01932e-07 4.28181e-16)
(1.50484e-09 -6.01932e-07 4.28181e-16)
(-2.02615e-07 -8.00157e-07 6.99677e-17)
(-2.02615e-07 -8.00157e-07 6.99677e-17)
(-2.57452e-07 -7.25673e-07 -1.34457e-17)
(-2.57452e-07 -7.25673e-07 -1.34457e-17)
(-2.54912e-07 -8.83512e-07 -1.42923e-15)
(-2.62171e-07 -8.03482e-07 9.72553e-16)
(-2.62171e-07 -8.03482e-07 9.72553e-16)
(-3.18414e-07 -1.08127e-06 -1.35824e-16)
(-3.10701e-07 -9.5597e-07 -8.67048e-16)
(-3.10701e-07 -9.5597e-07 -8.67048e-16)
(-5.7311e-07 -1.65897e-06 -1.17373e-15)
(-4.82246e-07 -1.49227e-06 3.46879e-17)
(-4.14403e-07 -1.29403e-06 -5.81013e-16)
(-4.14403e-07 -1.29403e-06 -5.81013e-16)
(-1.07785e-06 -2.05016e-06 -2.28228e-16)
(-9.13866e-07 -1.83354e-06 -7.64044e-16)
(-7.85859e-07 -1.70172e-06 2.06163e-16)
(-7.85859e-07 -1.70172e-06 2.06163e-16)
(-2.46295e-06 -2.5865e-06 1.75344e-15)
(-2.04504e-06 -2.40225e-06 4.68987e-16)
(-1.69217e-06 -2.2554e-06 1.30487e-15)
(-1.42133e-06 -2.10734e-06 -1.99321e-16)
(-1.42133e-06 -2.10734e-06 -1.99321e-16)
(-5.51836e-06 -1.83215e-06 -1.25969e-16)
(-4.89056e-06 -1.95653e-06 2.93231e-17)
(-4.27752e-06 -2.07669e-06 -4.62534e-17)
(-3.6575e-06 -2.16664e-06 -1.04356e-15)
(-3.11002e-06 -2.18739e-06 4.81699e-16)
(-3.11002e-06 -2.18739e-06 4.81699e-16)
(-9.3347e-06 1.09936e-06 2.2901e-16)
(-8.77633e-06 5.75276e-07 3.19239e-16)
(-8.189e-06 1.42399e-07 -1.92749e-17)
(-7.58608e-06 -2.21366e-07 2.20429e-16)
(-6.99579e-06 -5.19325e-07 2.24733e-16)
(-6.39387e-06 -7.70394e-07 4.69421e-17)
(-5.86035e-06 -9.70118e-07 1.99917e-17)
(-5.86035e-06 -9.70118e-07 1.99917e-17)
(-8.16419e-06 6.04129e-06 -2.36119e-18)
(-8.47219e-06 5.95601e-06 -9.47366e-18)
(-8.74297e-06 5.7973e-06 -5.90541e-18)
(-8.95732e-06 5.59818e-06 -3.63155e-17)
(-9.12678e-06 5.30522e-06 -2.95855e-17)
(-9.21754e-06 4.98553e-06 -5.25535e-17)
(-9.25526e-06 4.57991e-06 1.32418e-16)
(-9.21421e-06 4.1453e-06 -3.31225e-17)
(-9.11808e-06 3.661e-06 7.31133e-17)
(-8.93852e-06 3.17519e-06 1.36016e-16)
(-8.70516e-06 2.67441e-06 -6.97949e-17)
(-8.39543e-06 2.16445e-06 -2.62295e-16)
(-8.39543e-06 2.16445e-06 -2.62295e-16)
(2.52981e-05 -3.42225e-06 2.4289e-18)
(9.18583e-05 -3.07314e-06 -1.46732e-17)
(1.61517e-05 8.00142e-06 -6.96586e-17)
(3.87845e-05 1.55591e-05 -5.12609e-17)
(-3.3061e-05 1.05454e-06 1.88042e-17)
(1.01408e-05 6.32621e-06 -2.06391e-18)
(2.6663e-05 6.36697e-06 -1.80754e-17)
(2.90449e-05 6.05395e-06 9.84953e-18)
(2.81925e-05 4.98113e-06 5.16346e-17)
(2.57186e-05 3.07232e-06 8.00439e-18)
(2.07293e-05 1.02113e-06 -4.90678e-17)
(1.33749e-05 -7.51165e-07 -2.70437e-19)
(5.11519e-06 -1.93768e-06 -2.06811e-17)
(-2.46364e-06 -2.47808e-06 -3.99558e-17)
(-7.94408e-06 -2.36827e-06 -8.10953e-18)
(-1.02544e-05 -1.63464e-06 4.26072e-17)
(-8.84115e-06 -8.10322e-08 1.64374e-17)
(-6.17236e-06 1.48997e-06 -8.18216e-17)
(-9.99373e-06 1.03253e-06 -7.50633e-17)
(4.44915e-06 2.57232e-06 1.48208e-17)
(0.000280504 4.87565e-05 8.43828e-17)
(5.26157e-05 2.53101e-05 -4.12668e-17)
(-0.000384093 -4.50155e-05 -4.14765e-17)
(2.87263e-05 1.54856e-05 1.05231e-16)
(7.97085e-06 5.82566e-06 -4.88876e-17)
(-1.79085e-05 5.8789e-08 -5.6837e-17)
(-8.8094e-06 3.3145e-06 5.31072e-18)
(-7.92997e-06 3.6955e-06 -4.05511e-18)
(-7.73131e-06 4.49919e-06 -5.61227e-17)
(-7.57895e-06 4.93324e-06 2.10121e-17)
(-7.54826e-06 5.11746e-06 3.81399e-19)
(-7.49642e-06 5.13446e-06 -3.03412e-17)
(-7.46248e-06 5.16863e-06 1.32369e-17)
(-7.42396e-06 5.21975e-06 1.95544e-17)
(-7.43674e-06 5.30242e-06 3.02179e-17)
(-7.44851e-06 5.40012e-06 -1.1569e-17)
(-7.4765e-06 5.35251e-06 8.60689e-18)
(-7.4765e-06 5.35251e-06 8.60689e-18)
)
;
    }
}


// ************************************************************************* //
