/*--------------------------------*- C++ -*----------------------------------*\
| =========                 |                                                 |
| \\      /  F ield         | OpenFOAM: The Open Source CFD Toolbox           |
|  \\    /   O peration     | Version:  2306                                  |
|   \\  /    A nd           | Website:  www.openfoam.com                      |
|    \\/     M anipulation  |                                                 |
\*---------------------------------------------------------------------------*/
FoamFile
{
    version     2.0;
    format      ascii;
    arch        "LSB;label=32;scalar=64";
    class       volVectorField;
    location    "125";
    object      U;
}
// * * * * * * * * * * * * * * * * * * * * * * * * * * * * * * * * * * * * * //

dimensions      [0 1 -1 0 0 0 0];

internalField   nonuniform List<vector> 
1340
(
(18.4316 13.1656 2.67346e-19)
(19.1465 13.8684 4.66095e-17)
(19.9563 14.5439 -2.90521e-17)
(19.0996 12.555 2.12805e-17)
(19.7665 13.1995 -1.06533e-17)
(20.5193 13.8187 1.81019e-18)
(21.3262 14.3676 8.19556e-18)
(22.223 14.8642 -1.07523e-17)
(19.6949 12.0008 1.52217e-17)
(20.3199 12.5934 -3.15912e-17)
(21.023 13.1621 -6.58944e-17)
(21.7727 13.6652 5.94218e-18)
(22.6041 14.1212 2.55808e-17)
(23.4929 14.508 -8.0041e-17)
(24.4218 14.8093 -4.07358e-17)
(20.2279 11.4945 -2.42187e-17)
(20.8158 12.0407 -8.98382e-17)
(21.4751 12.5639 2.73161e-17)
(22.1745 13.0258 5.35311e-18)
(22.9483 13.4448 -4.90014e-17)
(23.7733 13.8004 1.19117e-16)
(24.6331 14.0785 -2.36591e-16)
(25.5311 14.2764 8.12195e-16)
(20.7071 11.0296 3.72258e-17)
(21.262 11.5338 2.46722e-17)
(21.8822 12.0158 2.39315e-17)
(22.537 12.4402 2.53475e-17)
(23.2599 12.8252 -1.95172e-17)
(24.0285 13.152 6.09598e-17)
(24.827 13.4077 3.18611e-16)
(25.6597 13.5909 -4.51036e-16)
(26.5145 13.6946 -2.25126e-16)
(21.1397 10.6006 2.65823e-18)
(21.6646 11.0667 -4.31889e-18)
(22.2497 11.5113 -3.10184e-17)
(22.8646 11.9017 8.21143e-18)
(23.542 12.2555 5.34201e-17)
(24.2602 12.5552 -1.23102e-16)
(25.0042 12.7898 -2.87619e-17)
(25.7784 12.9583 -1.28259e-16)
(26.5718 13.0545 -1.55091e-16)
(21.5315 10.2031 -7.32605e-17)
(22.0291 10.6345 8.11329e-17)
(22.5822 11.0451 -2.15646e-17)
(23.1611 11.4043 1.31172e-17)
(23.7976 11.7293 8.79625e-17)
(24.4705 12.0041 -5.88106e-17)
(25.1655 12.2186 -3.47897e-16)
(25.8873 12.3725 5.6192e-16)
(26.6255 12.4606 4.113e-16)
(27.3754 12.4792 -3.24688e-16)
(21.8873 9.83342 3.30922e-17)
(22.3598 10.2331 8.51813e-18)
(22.8836 10.6125 2.09384e-17)
(23.4299 10.9433 -8.76676e-18)
(24.0292 11.2418 -8.39357e-17)
(24.6613 11.4934 3.10764e-16)
(25.3121 11.6891 2.34009e-16)
(25.9864 11.829 -3.46983e-16)
(26.6746 11.9086 -2.65855e-16)
(27.3727 11.9249 2.17298e-16)
(28.0808 11.8749 7.71824e-17)
(22.2112 9.48863 -3.00425e-17)
(22.6605 9.85924 -1.61822e-17)
(23.1575 10.2101 2.07947e-17)
(23.6738 10.5146 -4.2782e-18)
(24.2393 10.7888 -1.91301e-17)
(24.8341 11.019 -4.52378e-16)
(25.4447 11.197 -1.5088e-16)
(26.076 11.3234 -1.32576e-16)
(26.7189 11.3944 1.33254e-16)
(27.3697 11.4076 1.35517e-16)
(28.0291 11.3604 1.75725e-16)
(22.5066 9.16615 3.09554e-17)
(22.9344 9.51005 6.86402e-17)
(23.4065 9.8345 2.8013e-17)
(23.8954 10.1151 -1.551e-17)
(24.4298 10.3668 5.97085e-17)
(24.9904 10.577 1.03071e-16)
(25.5644 10.7385 1.52116e-16)
(26.1565 10.8521 1.45184e-16)
(26.758 10.9147 -2.54581e-16)
(27.3657 10.9242 -1.91925e-17)
(27.9806 10.8786 -9.45352e-17)
(28.5985 10.7751 1.79707e-16)
(22.7766 8.86391 -7.90091e-18)
(23.1843 9.1831 -5.93235e-17)
(23.6333 9.4833 -2.0794e-17)
(24.0968 9.74172 1.44907e-17)
(24.6025 9.97264 -3.14226e-17)
(25.1318 10.1643 3.81952e-17)
(25.6721 10.3105 -2.71499e-16)
(26.2283 10.4121 2.5016e-16)
(26.7919 10.4663 5.41219e-17)
(27.3601 10.4719 1.28886e-16)
(27.9342 10.4269 -1.27091e-16)
(28.5105 10.3291 2.81982e-16)
(23.0238 8.58 -5.22711e-17)
(23.4126 8.87637 2.90995e-17)
(23.84 9.15411 -1.75748e-17)
(24.2799 9.39215 -9.87825e-18)
(24.759 9.60383 4.16514e-17)
(25.2593 9.77841 6.8811e-17)
(25.7687 9.91026 -1.08101e-16)
(26.2918 10.0005 -1.06401e-16)
(26.8206 10.0468 1.78935e-16)
(27.3525 10.0481 -6.43805e-16)
(27.8891 10.0032 9.53396e-16)
(28.4271 9.9099 -1.06068e-15)
(28.9651 9.7655 9.63698e-16)
(23.2503 8.31281 -5.83724e-19)
(23.6214 8.58804 -3.0286e-17)
(24.0286 8.84507 1.33086e-17)
(24.4465 9.06421 5.12698e-18)
(24.9009 9.25811 -2.07685e-18)
(25.3743 9.41684 -9.4693e-17)
(25.8549 9.53535 -2.23903e-16)
(26.3474 9.61486 -1.43222e-16)
(26.8442 9.65361 1.80492e-16)
(27.3428 9.65079 4.57532e-17)
(27.8448 9.60537 -9.57073e-17)
(28.3474 9.51573 3.72051e-16)
(28.8496 9.37928 -1.04208e-15)
(23.4582 8.06102 8.58237e-18)
(23.8125 8.31662 -6.82839e-17)
(24.2007 8.55444 2.60345e-17)
(24.5981 8.75611 9.92451e-18)
(25.0293 8.93352 4.68224e-17)
(25.4776 9.07755 -9.44911e-17)
(25.9316 9.18366 2.4431e-16)
(26.3958 9.25321 1.07778e-16)
(26.8629 9.28476 -5.47387e-16)
(27.3306 9.27784 2.7087e-16)
(27.8008 9.23166 -9.11686e-16)
(28.2707 9.14484 5.52312e-16)
(28.7397 9.01524 4.89259e-17)
(29.2066 8.8402 -1.61411e-16)
(23.6491 7.82336 3.56392e-17)
(23.9877 8.06076 -2.8776e-17)
(24.3579 8.28078 -1.17556e-18)
(24.736 8.46623 2.26504e-17)
(25.1455 8.62838 9.02979e-17)
(25.5703 8.75876 -8.28447e-17)
(25.9995 8.85339 2.66463e-16)
(26.4374 8.91364 1.52196e-16)
(26.8769 8.93845 5.57298e-16)
(27.3162 8.92755 1.79353e-16)
(27.7568 8.88038 1.03558e-15)
(28.1964 8.79585 -3.63661e-16)
(28.6347 8.67212 1.722e-15)
(29.0707 8.50677 -3.59585e-16)
(23.8247 7.59881 -2.48475e-17)
(24.1483 7.81928 3.42891e-17)
(24.5015 8.02269 -7.10852e-18)
(24.8613 8.19315 3.91303e-17)
(25.2505 8.34114 -1.10296e-16)
(25.6532 8.45886 2.58083e-16)
(26.0593 8.54284 -2.99005e-16)
(26.4726 8.5945 6.65313e-17)
(26.8866 8.61299 -4.37273e-16)
(27.2994 8.59832 3.55434e-16)
(27.7126 8.55007 3.51935e-16)
(28.1241 8.4674 -6.49341e-16)
(28.5339 8.34874 -1.45375e-15)
(28.9411 8.19192 -1.14039e-15)
(23.9862 7.38639 2.65717e-17)
(24.2956 7.59113 -1.0107e-17)
(24.6327 7.7791 -5.01659e-18)
(24.9753 7.93562 -2.38783e-17)
(25.3451 8.07047 5.61113e-17)
(25.7273 8.17647 1.23152e-16)
(26.1116 8.25061 1.44005e-16)
(26.502 8.29427 5.41175e-17)
(26.8921 8.30691 -2.07052e-17)
(27.2803 8.28866 -8.61401e-18)
(27.668 8.23927 -7.16135e-16)
(28.0535 8.15818 -1.50812e-16)
(28.4367 8.04397 3.66651e-16)
(28.8172 7.8948 2.84164e-16)
(29.1928 7.70856 1.65687e-15)
(24.1349 7.18532 3.19692e-17)
(24.4307 7.37535 4.54318e-17)
(24.7525 7.54896 -1.788e-17)
(25.0787 7.69254 -3.9158e-17)
(25.4304 7.81521 -8.76254e-18)
(25.7931 7.91036 -2.2919e-16)
(26.157 7.97539 -2.49047e-16)
(26.526 8.01167 -2.58638e-16)
(26.8938 8.01888 -4.74475e-16)
(27.259 7.9973 1.66365e-16)
(27.623 7.94682 3.21397e-16)
(27.9843 7.86703 5.01226e-16)
(28.3428 7.75679 -6.00342e-16)
(28.6983 7.61439 -2.60192e-16)
(29.049 7.43798 -7.01383e-16)
(24.2718 6.99487 -6.30834e-17)
(24.5547 7.17114 -9.11795e-18)
(24.8618 7.33134 2.58038e-17)
(25.1726 7.46289 -4.60767e-18)
(25.5071 7.57427 4.21836e-17)
(25.8514 7.6594 2.83399e-17)
(26.1961 7.71602 3.48162e-16)
(26.5449 7.74546 -1.20519e-16)
(26.892 7.74767 5.38987e-16)
(27.2356 7.72302 -1.44218e-16)
(27.5776 7.67148 2.7665e-16)
(27.9162 7.59288 4.78343e-18)
(28.2517 7.48617 8.49789e-16)
(28.5839 7.34991 5.42042e-16)
(28.9114 7.1824 -5.70592e-16)
(24.398 6.81428 1.54543e-17)
(24.6684 6.97768 -3.13159e-17)
(24.9616 7.12541 -2.58391e-18)
(25.2576 7.24582 1.44412e-17)
(25.5758 7.34671 -1.00013e-16)
(25.9028 7.42257 1.4337e-16)
(26.2295 7.47143 7.00939e-18)
(26.5593 7.49462 -4.58727e-16)
(26.8868 7.49221 -4.60216e-16)
(27.2103 7.46475 5.52984e-16)
(27.5316 7.41226 -2.93711e-16)
(27.8492 7.3347 -2.27765e-16)
(28.1632 7.23123 5.96984e-16)
(28.4737 7.10052 -7.455e-16)
(28.7794 6.94113 7.21954e-16)
(29.0787 6.75142 -7.23002e-16)
(24.5142 6.64291 5.96609e-18)
(24.7727 6.79428 3.37362e-18)
(25.0526 6.93041 4.22119e-18)
(25.3346 7.04047 -1.49454e-19)
(25.6374 7.13167 7.09061e-17)
(25.9479 7.19896 -2.30626e-16)
(26.2575 7.24067 -2.23723e-16)
(26.5695 7.25811 8.15081e-16)
(26.8785 7.2515 -9.75101e-17)
(27.1832 7.22147 -6.43365e-17)
(27.4852 7.16815 -6.21481e-16)
(27.783 7.09158 -4.006e-16)
(28.077 6.99107 -1.00663e-15)
(28.3673 6.86547 2.80953e-16)
(28.6526 6.71351 4.54049e-16)
(28.9318 6.53368 -9.9538e-16)
(24.6213 6.48021 1.65807e-17)
(24.8683 6.62033 4.79283e-17)
(25.1355 6.74567 6.75162e-18)
(25.4042 6.84613 -4.84347e-17)
(25.6923 6.92835 -2.87669e-17)
(25.9872 6.98772 1.07382e-16)
(26.2806 7.02286 3.34967e-16)
(26.5758 7.03505 4.19478e-17)
(26.8675 7.02461 -4.15031e-16)
(27.1545 6.99228 2.35021e-16)
(27.4384 6.93823 4.66604e-16)
(27.7178 6.86263 1.20167e-15)
(27.993 6.76489 -6.09196e-16)
(28.2643 6.64401 -8.30205e-16)
(28.5307 6.49891 2.12507e-16)
(28.7909 6.32818 1.88641e-16)
(24.5198 6.19406 -1.51005e-18)
(24.7199 6.32549 8.44631e-18)
(24.956 6.45528 -2.75779e-17)
(25.211 6.57058 6.25216e-18)
(25.4671 6.66213 -6.11108e-17)
(25.7411 6.73604 1.46982e-16)
(26.0212 6.78812 -2.23518e-18)
(26.2994 6.81724 6.80871e-17)
(26.5786 6.82461 -2.37303e-16)
(26.854 6.81072 -2.08166e-16)
(27.1244 6.77634 -3.10736e-16)
(27.3912 6.72171 -1.54057e-17)
(27.6533 6.64707 -5.97318e-17)
(27.911 6.55195 1.36196e-16)
(28.1646 6.43548 1.00035e-15)
(28.4132 6.29671 1.26809e-16)
(28.6557 6.13443 -1.11046e-15)
(28.8905 5.94753 -1.56394e-16)
(24.6193 6.0564 8.29934e-18)
(24.8108 6.17855 -3.23626e-17)
(25.0363 6.29861 -1.10263e-17)
(25.2797 6.40457 -1.17592e-17)
(25.5237 6.48786 2.32963e-17)
(25.7844 6.55409 -1.02866e-16)
(26.0504 6.59944 -7.70411e-17)
(26.314 6.62304 -3.74331e-16)
(26.5782 6.62605 3.45294e-16)
(26.8382 6.60905 3.55787e-17)
(27.0929 6.57287 -2.32396e-16)
(27.3438 6.51779 5.66393e-16)
(27.5897 6.44413 -8.55237e-17)
(27.831 6.35152 -8.78129e-18)
(28.068 6.2392 -5.95692e-16)
(28.2999 6.10633 -5.81874e-16)
(28.5259 5.95188 1.0451e-15)
(28.7443 5.77482 6.71755e-16)
(24.7114 5.92542 -3.17433e-18)
(24.8945 6.03889 2.30427e-18)
(25.11 6.14989 1.24125e-17)
(25.3422 6.24714 -1.37158e-17)
(25.5745 6.32276 -1.83355e-17)
(25.8226 6.38187 -5.08617e-17)
(26.0751 6.42104 3.53556e-17)
(26.325 6.4396 -8.83925e-17)
(26.5749 6.43865 -6.17574e-17)
(26.8204 6.41887 1.32578e-16)
(27.0603 6.38115 5.0031e-16)
(27.2962 6.32577 -5.13945e-16)
(27.5269 6.25313 4.48031e-17)
(27.7528 6.16294 -3.10374e-16)
(27.9742 6.05453 4.52029e-16)
(28.1906 5.92721 1.19636e-15)
(28.401 5.78005 -6.87947e-16)
(28.6043 5.61211 -1.55896e-15)
(24.7964 5.80076 -4.77903e-18)
(24.9715 5.90612 2.72604e-17)
(25.1774 6.00866 1.65366e-18)
(25.3989 6.0978 -2.74213e-18)
(25.6202 6.16631 3.91755e-17)
(25.856 6.21886 1.77953e-16)
(26.0958 6.25235 9.81089e-17)
(26.3326 6.26631 -7.51269e-16)
(26.569 6.26178 -1.01449e-16)
(26.8007 6.23954 1.65274e-16)
(27.0268 6.20049 9.19919e-17)
(27.2485 6.14495 -2.88753e-16)
(27.4648 6.07338 -3.17993e-16)
(27.6763 5.98554 6.56127e-16)
(27.8832 5.88087 -2.6705e-16)
(28.085 5.75878 7.44064e-16)
(28.2809 5.61844 2.14013e-16)
(28.4699 5.45905 8.60185e-16)
(28.6499 5.28014 -8.05699e-16)
(24.8751 5.6821 -9.06021e-18)
(25.0425 5.77988 -1.32991e-17)
(25.239 5.87452 3.54772e-18)
(25.4503 5.95611 -1.64576e-17)
(25.661 6.01803 -5.08549e-17)
(25.8852 6.06453 -2.03557e-16)
(26.1128 6.09282 -4.83887e-17)
(26.3372 6.1026 2.40268e-16)
(26.5607 6.09485 3.8718e-16)
(26.7794 6.07043 1.44393e-16)
(26.9923 6.03029 -2.3299e-16)
(27.2007 5.97473 6.83928e-16)
(27.4037 5.90427 3.8753e-19)
(27.6016 5.81874 4.92676e-16)
(27.7949 5.71766 1.67388e-16)
(27.983 5.60051 -9.35775e-17)
(28.1654 5.46657 -1.24295e-15)
(28.3409 5.31518 -1.71663e-15)
(28.5079 5.14591 1.07705e-15)
(24.9478 5.56911 1.73664e-18)
(25.1078 5.65982 1.03988e-17)
(25.2954 5.74709 -2.06469e-17)
(25.4968 5.82166 -2.17766e-17)
(25.6973 5.87747 7.45798e-17)
(25.9105 5.9184 -1.48189e-16)
(26.1265 5.94192 6.71674e-16)
(26.339 5.9479 -2.28496e-17)
(26.5504 5.93728 1.28473e-16)
(26.7567 5.91097 -8.65029e-16)
(26.9572 5.86995 2.84113e-16)
(27.1531 5.81451 -8.67596e-17)
(27.3434 5.74522 -2.22469e-19)
(27.5286 5.66196 -4.11441e-16)
(27.7091 5.56433 8.19697e-16)
(27.8844 5.45189 4.59908e-16)
(28.0541 5.32402 -5.24724e-16)
(28.2171 5.18014 7.642e-16)
(28.3719 5.01991 -1.17712e-15)
(25.015 5.46153 -3.41816e-18)
(25.1678 5.54561 -2.25219e-17)
(25.3469 5.62601 1.5502e-17)
(25.5388 5.69406 2.2368e-17)
(25.7296 5.74423 -1.19162e-16)
(25.9322 5.78002 3.6966e-17)
(26.1371 5.7992 -4.84985e-17)
(26.3383 5.80175 -5.42621e-17)
(26.5381 5.78857 1.23658e-16)
(26.7328 5.76064 5.51106e-16)
(26.9216 5.71891 7.01495e-17)
(27.1056 5.66373 -5.2561e-17)
(27.284 5.59567 -3.1923e-16)
(27.4573 5.51467 -6.64303e-16)
(27.6258 5.42038 3.96639e-16)
(27.7892 5.31244 -5.21077e-16)
(27.9469 5.19031 -6.1688e-17)
(28.0982 5.0535 3.60966e-16)
(28.2416 4.90176 9.06736e-16)
(25.0771 5.35907 7.14836e-18)
(25.223 5.43697 1.22721e-17)
(25.3938 5.51096 -3.81441e-18)
(25.5767 5.57296 -3.95909e-18)
(25.7582 5.61791 2.67531e-17)
(25.9505 5.64899 7.67137e-17)
(26.1449 5.6642 -4.28934e-17)
(26.3354 5.66366 -3.20304e-16)
(26.5242 5.64823 2.14806e-16)
(26.7078 5.61891 -8.20753e-16)
(26.8855 5.57668 4.68943e-16)
(27.0583 5.52188 -4.05219e-16)
(27.2256 5.45511 -3.20467e-16)
(27.3877 5.37635 -9.88983e-16)
(27.545 5.2853 3.41107e-16)
(27.6971 5.18167 -9.64178e-16)
(27.8437 5.06501 1.30971e-16)
(27.984 4.93489 1.01537e-16)
(28.1168 4.79112 4.58723e-16)
(25.1345 5.2615 -7.66431e-18)
(25.2737 5.33361 5.14829e-18)
(25.4366 5.40163 -5.73969e-18)
(25.6107 5.45802 -2.74711e-17)
(25.7833 5.49815 1.84393e-18)
(25.9659 5.52491 5.89974e-17)
(26.1502 5.53651 1.09631e-16)
(26.3304 5.53321 4.20626e-16)
(26.5088 5.51579 -6.23258e-16)
(26.682 5.48532 2.94168e-16)
(26.8492 5.44277 -2.91429e-16)
(27.0115 5.38846 7.56673e-16)
(27.1682 5.32304 6.43056e-16)
(27.3197 5.24651 1.01375e-15)
(27.4665 5.15861 6.94681e-16)
(27.6081 5.05914 8.5812e-16)
(27.7443 4.94767 -2.14267e-16)
(27.8743 4.82389 1.03164e-16)
(27.9972 4.68765 -1.26952e-16)
(28.1113 4.53916 -3.57688e-16)
(25.1875 5.16856 -1.08832e-17)
(25.3203 5.23528 4.20667e-17)
(25.4755 5.29775 -6.51093e-18)
(25.6413 5.34892 2.03813e-17)
(25.8053 5.38462 9.98248e-17)
(25.9786 5.40741 -2.22524e-16)
(26.1532 5.41575 1.56277e-17)
(26.3237 5.40997 4.52358e-16)
(26.4922 5.39084 -1.09424e-16)
(26.6554 5.35942 -2.50334e-16)
(26.8126 5.3167 6.73528e-16)
(26.965 5.26301 -2.19398e-16)
(27.1118 5.19898 -7.31438e-17)
(27.2535 5.12468 -6.77495e-16)
(27.3903 5.03986 2.95363e-16)
(27.5221 4.94438 -9.40692e-16)
(27.6486 4.83789 -9.47914e-16)
(27.7691 4.72012 5.46556e-16)
(27.8826 4.591 -2.41808e-16)
(27.9878 4.45075 -5.08774e-16)
(25.2364 5.08005 -7.29509e-18)
(25.3631 5.14173 -4.7518e-18)
(25.5109 5.19903 1.08157e-17)
(25.6686 5.24538 1.6953e-17)
(25.8244 5.27699 -4.47831e-17)
(25.9888 5.29616 2.22134e-16)
(26.1542 5.30155 2.20219e-17)
(26.3154 5.29358 -2.63089e-16)
(26.4744 5.27295 4.29139e-16)
(26.6282 5.2408 -6.04858e-16)
(26.776 5.19806 -3.37097e-16)
(26.919 5.14508 2.35333e-16)
(27.0565 5.08251 -3.43598e-16)
(27.1888 5.01041 -2.77241e-16)
(27.3164 4.92861 -3.61918e-16)
(27.439 4.83698 -1.5854e-16)
(27.5564 4.73525 2.12105e-16)
(27.668 4.6232 -8.93868e-16)
(27.7728 4.50081 -1.04684e-17)
(27.8698 4.36832 2.28865e-16)
(25.2815 4.99575 -1.44902e-17)
(25.4023 5.05274 -3.18139e-19)
(25.543 5.10522 -2.96497e-19)
(25.6929 5.1471 2.65226e-17)
(25.8408 5.17496 -1.21644e-16)
(25.9968 5.19083 6.49511e-17)
(26.1533 5.19356 -2.92188e-17)
(26.3057 5.18364 -4.55299e-16)
(26.4557 5.16177 3.02073e-16)
(26.6005 5.12904 2.65257e-16)
(26.7395 5.08643 4.29783e-16)
(26.8736 5.03426 -3.80486e-16)
(27.0023 4.97318 -2.97093e-17)
(27.1259 4.90329 5.90122e-16)
(27.2448 4.82443 2.40324e-16)
(27.3588 4.73654 -4.81573e-16)
(27.4677 4.63937 3.35544e-16)
(27.5709 4.53276 1.28166e-15)
(27.6677 4.41674 -3.33054e-17)
(27.757 4.29158 2.95754e-16)
(25.3232 4.91547 1.67887e-17)
(25.4382 4.96807 -8.68581e-18)
(25.5721 5.01609 -7.84554e-18)
(25.7146 5.05385 -2.43243e-17)
(25.8549 5.07825 1.08701e-16)
(26.0027 5.09112 7.68905e-17)
(26.1508 5.09146 4.51961e-17)
(26.2947 5.07984 8.70151e-17)
(26.4362 5.05691 -5.03819e-16)
(26.5725 5.02378 -3.55288e-16)
(26.7031 4.98142 -3.62308e-16)
(26.8288 4.93014 7.45642e-16)
(26.9492 4.8706 -1.94261e-16)
(27.0646 4.80291 -3.19837e-16)
(27.1754 4.72694 -8.14978e-16)
(27.2813 4.64265 6.32763e-16)
(27.3823 4.54986 4.63437e-16)
(27.4777 4.44844 -1.7496e-16)
(27.567 4.33846 -7.0991e-16)
(27.6491 4.22022 2.38395e-16)
(25.3615 4.83903 -3.10302e-18)
(25.471 4.88754 -1.80425e-17)
(25.5984 4.93142 9.66114e-18)
(25.7337 4.96535 -6.33335e-19)
(25.8667 4.98659 -3.04937e-17)
(26.0067 4.99674 8.83289e-17)
(26.1468 4.99493 -4.90772e-16)
(26.2827 4.98183 4.67399e-17)
(26.416 4.95804 1.58286e-16)
(26.5443 4.92467 4.40423e-16)
(26.6669 4.88267 2.93112e-16)
(26.7847 4.83237 -3.64382e-17)
(26.8973 4.77439 -6.22555e-16)
(27.005 4.70888 4.30987e-16)
(27.1081 4.63573 3.17037e-16)
(27.2065 4.55494 3.75837e-16)
(27.3001 4.46635 -3.44472e-16)
(27.3883 4.36989 -1.11604e-15)
(27.4706 4.26564 3.40325e-16)
(27.5461 4.15395 -5.49404e-17)
(27.6137 4.03566 -1.03789e-16)
(25.3969 4.76624 7.78982e-19)
(25.501 4.81095 1.88421e-17)
(25.6221 4.85098 -6.62339e-18)
(25.7505 4.8814 2.59786e-18)
(25.8766 4.89974 -4.82841e-17)
(26.0091 4.90741 -3.13892e-17)
(26.1415 4.90371 1.46894e-16)
(26.2697 4.88933 -5.06425e-17)
(26.3953 4.86483 4.51529e-17)
(26.5159 4.83136 1.1142e-16)
(26.6309 4.78983 -1.13645e-16)
(26.7413 4.74056 -2.11014e-16)
(26.8465 4.68418 -1.52211e-16)
(26.947 4.62084 -4.65652e-16)
(27.043 4.55046 3.0494e-16)
(27.1344 4.47306 4.19559e-16)
(27.221 4.38851 2.98613e-16)
(27.3026 4.29678 6.86581e-16)
(27.3784 4.19797 -2.13376e-16)
(27.4477 4.09247 3.24946e-16)
(27.5096 3.98109 -4.37981e-16)
(25.4295 4.69695 -1.35229e-18)
(25.5285 4.73812 3.71307e-20)
(25.6434 4.77457 1.02146e-18)
(25.7652 4.80175 1.65427e-17)
(25.8846 4.81744 -1.1056e-16)
(26.0099 4.82288 2.19644e-16)
(26.135 4.81749 -2.02462e-16)
(26.2559 4.80201 1.62427e-16)
(26.3741 4.77698 4.64494e-17)
(26.4874 4.74353 1.00652e-16)
(26.5954 4.70257 1.35938e-16)
(26.6987 4.65438 7.08674e-16)
(26.797 4.59963 -3.68164e-16)
(26.8907 4.53844 5.23661e-16)
(26.98 4.47076 -7.79002e-16)
(27.0648 4.39664 -3.4158e-16)
(27.145 4.31598 2.66783e-16)
(27.2203 4.22877 -8.92983e-16)
(27.2901 4.13515 4.29108e-16)
(27.3537 4.03551 -3.78603e-16)
(27.4104 3.93065 -2.65937e-16)
(25.4595 4.631 -6.29869e-18)
(25.5535 4.66887 3.82734e-18)
(25.6625 4.70202 2.16912e-18)
(25.7779 4.72621 6.59196e-17)
(25.891 4.73948 -1.95132e-17)
(26.0094 4.74291 -1.09801e-16)
(26.1274 4.73603 5.65619e-16)
(26.2414 4.71963 -3.23927e-16)
(26.3526 4.6942 -9.99822e-17)
(26.459 4.66089 5.82163e-16)
(26.5602 4.62057 -1.16177e-15)
(26.6569 4.57352 1.35406e-15)
(26.7487 4.5204 -1.94028e-16)
(26.836 4.46134 -3.62941e-16)
(26.919 4.39631 -7.70826e-16)
(26.9976 4.32537 -1.54256e-16)
(27.0719 4.24844 1.67228e-16)
(27.1414 4.16556 -5.37111e-16)
(27.2056 4.07687 1.01133e-15)
(27.264 3.98277 -6.14993e-16)
(27.3158 3.88406 2.55486e-16)
(25.4871 4.56824 -1.92443e-18)
(25.5763 4.60305 -8.44551e-20)
(25.6796 4.63313 -3.33594e-18)
(25.7889 4.65457 -3.87567e-18)
(25.8958 4.66564 -4.56474e-17)
(26.0077 4.66726 -1.30139e-16)
(26.119 4.65907 -4.29729e-16)
(26.2262 4.6419 1.13434e-16)
(26.3308 4.61622 -3.87129e-16)
(26.4307 4.58314 -2.77707e-17)
(26.5255 4.54353 -5.18623e-16)
(26.6159 4.49767 -5.31554e-16)
(26.7016 4.44619 9.72839e-16)
(26.7829 4.38923 5.42014e-16)
(26.86 4.32678 -1.37446e-16)
(26.9329 4.25892 1.11259e-15)
(27.0016 4.18559 5.01295e-16)
(27.0657 4.10683 3.58748e-16)
(27.1248 4.02283 -1.27688e-16)
(27.1783 3.93398 -4.45216e-16)
(27.2256 3.84107 6.48849e-17)
(25.5125 4.50853 -1.04228e-18)
(25.597 4.54048 -1.18269e-18)
(25.6949 4.56773 3.26539e-18)
(25.7983 4.58665 -3.5311e-17)
(25.8993 4.59572 -5.96671e-17)
(26.0048 4.59571 1.25469e-16)
(26.1097 4.58639 9.46892e-17)
(26.2106 4.56859 7.78279e-17)
(26.3089 4.54276 -8.82678e-17)
(26.4026 4.51001 -6.43652e-16)
(26.4913 4.47117 6.56926e-16)
(26.5758 4.42653 1.62584e-16)
(26.6557 4.37669 -7.44585e-16)
(26.7313 4.32181 -2.09878e-16)
(26.803 4.26188 -1.78029e-16)
(26.8706 4.19699 3.39206e-16)
(26.934 4.12711 -6.83034e-16)
(26.9931 4.0523 3.70142e-16)
(27.0475 3.97276 3.17243e-16)
(27.0966 3.88888 1.11677e-16)
(27.1398 3.80143 3.36048e-16)
(27.1763 3.71186 2.71298e-16)
(25.5358 4.45173 -1.89439e-18)
(25.6159 4.48103 1.19752e-17)
(25.7085 4.50567 5.44943e-18)
(25.8062 4.52227 2.27542e-17)
(25.9015 4.52952 1.95328e-16)
(26.001 4.52806 -2.26941e-17)
(26.0997 4.51776 -2.73861e-16)
(26.1946 4.49946 1.40684e-16)
(26.2868 4.47359 2.63796e-16)
(26.3746 4.44123 4.01153e-16)
(26.4576 4.40323 6.85097e-16)
(26.5365 4.35982 8.49985e-16)
(26.611 4.31162 -7.66397e-16)
(26.6814 4.25878 -3.77063e-17)
(26.7479 4.2013 -4.71359e-16)
(26.8105 4.13929 -2.39149e-16)
(26.8691 4.07273 6.02348e-17)
(26.9236 4.00169 1.30436e-15)
(26.9735 3.92638 -1.02981e-15)
(27.0185 3.8472 -5.26645e-16)
(27.0579 3.76491 4.50923e-16)
(27.0912 3.68086 -2.51958e-16)
(25.5572 4.39771 -1.206e-18)
(25.6329 4.42455 -8.14291e-18)
(25.7205 4.44677 -6.48217e-18)
(25.8127 4.46125 1.68457e-18)
(25.9025 4.46685 -1.93544e-17)
(25.9962 4.46411 1.03568e-16)
(26.0891 4.45297 1.44287e-16)
(26.1782 4.43428 1.12718e-16)
(26.2647 4.40846 -3.2541e-16)
(26.3469 4.37658 -1.74109e-16)
(26.4245 4.33944 -2.06223e-16)
(26.4981 4.29729 -2.78675e-16)
(26.5675 4.25072 9.35381e-16)
(26.6329 4.19988 -1.92988e-16)
(26.6947 4.14479 6.56464e-16)
(26.7526 4.08555 -1.04369e-16)
(26.8068 4.02217 6.46113e-18)
(26.8569 3.95473 -8.59018e-16)
(26.9028 3.88344 1.43429e-15)
(26.944 3.80871 -7.9281e-17)
(26.98 3.73126 1.68876e-16)
(27.0102 3.65241 -1.67606e-16)
(25.5768 4.34635 4.96264e-18)
(25.6484 4.37091 -7.64459e-18)
(25.731 4.3909 9.61223e-18)
(25.818 4.40344 -4.58585e-17)
(25.9026 4.40755 7.48004e-17)
(25.9907 4.40367 -2.77484e-16)
(26.0779 4.3918 5.95873e-17)
(26.1616 4.37284 -4.68334e-16)
(26.2426 4.34716 4.82745e-16)
(26.3195 4.31581 -6.00805e-16)
(26.392 4.27957 -3.907e-16)
(26.4607 4.23869 3.24814e-16)
(26.5252 4.19373 -6.46503e-16)
(26.586 4.14485 -3.20489e-16)
(26.6432 4.09207 -9.11333e-16)
(26.6969 4.03551 5.70889e-17)
(26.7469 3.97517 4.14278e-17)
(26.7931 3.91117 1.42123e-16)
(26.8352 3.8437 -3.95594e-16)
(26.8729 3.77317 -1.95113e-16)
(26.9057 3.70029 2.87782e-16)
(26.9331 3.62631 6.01737e-18)
(25.5948 4.29753 2.19963e-19)
(25.6624 4.31998 -3.05406e-18)
(25.7402 4.33791 -3.33478e-18)
(25.8221 4.34867 -2.32434e-17)
(25.9017 4.35144 -4.09082e-17)
(25.9845 4.34655 4.35482e-19)
(26.0663 4.33409 -1.87006e-16)
(26.1447 4.31495 5.07669e-16)
(26.2206 4.28947 1.65883e-16)
(26.2924 4.2587 4.20413e-16)
(26.3601 4.2234 -3.40808e-16)
(26.424 4.18378 3.50618e-16)
(26.4841 4.14041 -2.13459e-16)
(26.5405 4.09345 1.39228e-15)
(26.5936 4.04291 3.19064e-16)
(26.6432 3.98892 5.14866e-16)
(26.6893 3.9315 4.88799e-17)
(26.7318 3.87077 -4.54506e-16)
(26.7705 3.80692 3.53745e-16)
(26.805 3.74036 3.70799e-18)
(26.8349 3.67177 -2.11143e-16)
(26.8598 3.60235 -2.04019e-16)
(25.6113 4.25114 -1.02851e-17)
(25.6749 4.27162 5.07334e-18)
(25.7482 4.28766 2.52482e-17)
(25.8252 4.2968 8.24429e-17)
(25.8999 4.29836 1.60172e-17)
(25.9776 4.2926 -9.62616e-17)
(26.0543 4.27964 4.64402e-16)
(26.1277 4.2604 -5.01724e-16)
(26.1986 4.23519 -5.57517e-16)
(26.2657 4.20505 -2.13085e-16)
(26.3288 4.17069 4.76832e-16)
(26.3883 4.13234 6.99132e-17)
(26.4441 4.09054 4.41295e-16)
(26.4965 4.04544 -6.83121e-16)
(26.5456 3.99707 -8.46732e-16)
(26.5914 3.94555 6.13249e-16)
(26.634 3.89093 -1.16951e-15)
(26.6731 3.8333 3.26851e-16)
(26.7086 3.77289 -4.67198e-16)
(26.7402 3.71008 6.38134e-17)
(26.7675 3.64552 5.68541e-16)
(26.7901 3.58038 1.69016e-16)
(25.6263 4.20707 2.77435e-18)
(25.6862 4.22573 -1.13779e-17)
(25.7551 4.24003 -2.46838e-17)
(25.8274 4.2477 -2.50637e-17)
(25.8974 4.24817 -7.9197e-17)
(25.9702 4.24163 3.92295e-16)
(26.042 4.22829 -8.29912e-17)
(26.1105 4.20902 -2.68377e-17)
(26.1768 4.18414 -8.30165e-17)
(26.2393 4.15465 6.80518e-16)
(26.2981 4.12125 -8.86023e-16)
(26.3535 4.08416 7.58616e-16)
(26.4053 4.0439 4.06048e-17)
(26.4538 4.00061 1.85351e-16)
(26.4993 3.95433 6.74654e-16)
(26.5416 3.90519 -4.79461e-16)
(26.5808 3.85323 8.98337e-16)
(26.6168 3.79856 -9.09203e-17)
(26.6494 3.74141 -4.09587e-16)
(26.6783 3.68213 1.13795e-16)
(26.7032 3.62136 -1.84126e-16)
(26.7237 3.56022 5.22338e-16)
(25.6401 4.16521 -4.42659e-18)
(25.6963 4.1822 5.783e-18)
(25.7609 4.19489 1.15867e-17)
(25.8286 4.20121 -6.18882e-17)
(25.8942 4.20071 -1.71721e-17)
(25.9623 4.19352 -1.26325e-17)
(26.0293 4.17986 -5.07418e-16)
(26.0933 4.16063 4.95583e-16)
(26.1551 4.13613 -3.27041e-16)
(26.2134 4.10732 -7.14357e-16)
(26.268 4.07489 3.70563e-16)
(26.3195 4.03904 -8.30383e-16)
(26.3676 4.00028 6.40131e-16)
(26.4125 3.95875 -3.17482e-16)
(26.4545 3.91449 -1.14892e-15)
(26.4936 3.86763 4.92587e-16)
(26.5298 3.81821 -6.54228e-17)
(26.5629 3.76635 -1.65809e-16)
(26.5927 3.71226 -1.63879e-16)
(26.6192 3.65631 1.28203e-16)
(26.6419 3.59911 -3.80067e-16)
(26.6605 3.54171 2.09037e-17)
(26.6751 3.48546 -1.18411e-16)
(25.6527 4.12548 3.78636e-18)
(25.7054 4.14091 1.43672e-17)
(25.7658 4.15212 1.05047e-17)
(25.8291 4.15722 7.07013e-17)
(25.8904 4.15586 -1.77182e-16)
(25.9539 4.1481 -1.04495e-16)
(26.0164 4.13421 4.18723e-16)
(26.0761 4.11508 -4.5366e-16)
(26.1336 4.09099 8.59537e-16)
(26.1878 4.06289 -6.28425e-16)
(26.2386 4.03143 -7.94815e-17)
(26.2863 3.9968 -5.86846e-16)
(26.3309 3.95951 -5.68381e-16)
(26.3725 3.91968 3.55741e-16)
(26.4113 3.87736 -1.03505e-16)
(26.4474 3.83267 -7.88748e-16)
(26.4807 3.78567 -4.45399e-16)
(26.5111 3.73647 4.97107e-16)
(26.5385 3.68529 -1.67251e-17)
(26.5627 3.63248 -3.78447e-16)
(26.5834 3.57861 3.5427e-16)
(26.6003 3.52471 2.11669e-16)
(26.6135 3.47203 4.0657e-17)
(25.6642 4.08778 3.20796e-18)
(25.7134 4.10176 -1.37216e-17)
(25.7698 4.11162 8.98618e-19)
(25.8289 4.11561 -6.18252e-17)
(25.886 4.11348 9.66966e-17)
(25.9451 4.10524 9.97854e-17)
(26.0034 4.09119 -5.10763e-16)
(26.0588 4.07222 2.94023e-16)
(26.1123 4.04857 -3.9595e-16)
(26.1626 4.02119 6.64595e-16)
(26.2097 3.99069 1.07332e-16)
(26.254 3.95727 4.70968e-16)
(26.2953 3.9214 6.95214e-17)
(26.3337 3.88321 -4.45171e-16)
(26.3696 3.84275 7.76743e-16)
(26.4028 3.80014 8.93905e-17)
(26.4335 3.75543 -3.77505e-16)
(26.4614 3.70876 6.39196e-16)
(26.4865 3.66032 2.08938e-16)
(26.5086 3.61045 -4.94808e-16)
(26.5275 3.55971 8.77739e-17)
(26.543 3.50907 2.30125e-17)
(26.5549 3.45972 2.03598e-17)
(25.6746 4.05201 6.96181e-19)
(25.7205 4.06466 5.97968e-18)
(25.773 4.07327 1.70692e-17)
(25.8279 4.07626 -6.66867e-17)
(25.881 4.07345 -9.58315e-17)
(25.936 4.06481 2.27245e-16)
(25.9901 4.05066 -7.4053e-17)
(26.0416 4.03189 3.85811e-16)
(26.0912 4.00872 4.16171e-16)
(26.1379 3.98207 -1.04248e-16)
(26.1815 3.95253 2.50288e-16)
(26.2225 3.92028 8.62744e-17)
(26.2607 3.88578 -4.21431e-16)
(26.2962 3.84917 6.88864e-16)
(26.3293 3.81049 -6.64302e-16)
(26.3599 3.76986 1.39014e-15)
(26.388 3.72734 -6.32442e-16)
(26.4137 3.68305 -2.3605e-16)
(26.4367 3.63718 8.81576e-16)
(26.4569 3.59008 -1.01297e-16)
(26.4742 3.54227 4.03005e-17)
(26.4882 3.49467 -5.83277e-16)
(26.499 3.44842 2.38615e-16)
(25.6841 4.01809 2.00211e-18)
(25.7267 4.02951 -2.13846e-18)
(25.7755 4.03698 -3.96629e-17)
(25.8264 4.03906 8.01952e-17)
(25.8756 4.03566 5.27137e-17)
(25.9266 4.02668 8.59979e-17)
(25.9767 4.0125 -5.23658e-17)
(26.0244 3.99397 -6.43841e-17)
(26.0704 3.9713 -6.1207e-16)
(26.1136 3.94538 5.77384e-16)
(26.1539 3.91679 2.22374e-16)
(26.1918 3.88568 -3.30875e-17)
(26.227 3.85251 -3.45108e-16)
(26.2598 3.81742 -4.61002e-16)
(26.2903 3.78044 7.80635e-16)
(26.3184 3.7417 -6.78492e-16)
(26.3443 3.70124 2.57647e-18)
(26.3679 3.65919 4.66198e-16)
(26.389 3.61576 -1.80445e-16)
(26.4075 3.57125 4.78654e-16)
(26.4232 3.52618 -3.04486e-16)
(26.436 3.48141 -8.10135e-17)
(26.4459 3.43803 2.72175e-16)
(25.6927 3.98594 -6.45663e-18)
(25.7321 3.99621 -1.87209e-18)
(25.7772 4.00264 1.07057e-17)
(25.8243 4.00391 3.0519e-17)
(25.8698 3.99999 -3.84928e-17)
(25.9169 3.99075 -1.19198e-16)
(25.9632 3.97658 -2.39827e-17)
(26.0073 3.95834 9.08643e-17)
(26.0497 3.93618 -3.75452e-17)
(26.0897 3.911 -5.66954e-16)
(26.1269 3.88333 3.65087e-16)
(26.1618 3.85333 2.53101e-17)
(26.1943 3.82144 3.16243e-16)
(26.2245 3.78781 6.5866e-16)
(26.2526 3.75246 -7.70729e-16)
(26.2785 3.7155 1.13592e-15)
(26.3023 3.67699 -1.76136e-16)
(26.3239 3.63707 4.29691e-16)
(26.3433 3.59591 -4.31353e-16)
(26.3603 3.55383 -6.38129e-16)
(26.3747 3.51132 3.47962e-16)
(26.3864 3.46919 3.57635e-16)
(26.3953 3.42848 -2.18147e-16)
(25.7004 3.95547 3.20854e-18)
(25.7368 3.96469 -1.16915e-18)
(25.7784 3.97016 6.60833e-18)
(25.8217 3.9707 3.67765e-17)
(25.8636 3.96634 -1.50232e-16)
(25.907 3.9569 2.22828e-16)
(25.9497 3.9428 -1.56846e-16)
(25.9903 3.92487 -1.33717e-16)
(26.0294 3.90324 1.01098e-16)
(26.0662 3.87881 2.57814e-17)
(26.1005 3.85204 -9.86273e-16)
(26.1326 3.82309 8.92563e-16)
(26.1626 3.79244 -4.20595e-16)
(26.1904 3.76021 6.24921e-16)
(26.2162 3.72641 -1.86717e-16)
(26.2401 3.69115 -5.34635e-16)
(26.262 3.65449 -2.52781e-16)
(26.2819 3.61656 1.98818e-16)
(26.2997 3.57754 2.35806e-16)
(26.3153 3.53773 -1.20457e-16)
(26.3285 3.4976 1.72235e-16)
(26.3391 3.45792 -3.90441e-16)
(26.3473 3.41968 -1.38018e-16)
(25.7074 3.92661 -5.79203e-18)
(25.7409 3.93484 7.89006e-18)
(25.779 3.93945 -4.92148e-18)
(25.8187 3.93933 -4.7351e-17)
(25.8571 3.9346 -4.35519e-18)
(25.8969 3.92502 -1.36301e-16)
(25.9361 3.91104 1.00503e-17)
(25.9734 3.89346 2.69639e-16)
(26.0093 3.87236 -1.71199e-16)
(26.0431 3.8487 4.22376e-16)
(26.0746 3.8228 9.1294e-16)
(26.1042 3.79486 -1.31947e-15)
(26.1317 3.76541 3.16806e-16)
(26.1574 3.73453 -1.31712e-16)
(26.1812 3.70221 -5.88409e-17)
(26.2032 3.66854 3.98481e-16)
(26.2234 3.63362 -2.91126e-16)
(26.2418 3.59756 1.25386e-16)
(26.2581 3.56054 -6.45731e-16)
(26.2724 3.52284 3.70338e-18)
(26.2845 3.48491 7.5305e-17)
(26.2943 3.44751 1.50018e-16)
(26.3018 3.41155 -4.15859e-17)
(25.7137 3.89928 1.79903e-19)
(25.7443 3.90661 5.36727e-19)
(25.779 3.91042 -4.97267e-18)
(25.8152 3.90973 1.7136e-16)
(25.8503 3.90469 -2.17787e-16)
(25.8866 3.89502 3.21613e-17)
(25.9226 3.88121 2.01249e-16)
(25.9566 3.864 -1.40056e-16)
(25.9896 3.84344 2.90872e-17)
(26.0205 3.82058 -6.48128e-16)
(26.0493 3.79551 -2.24209e-16)
(26.0765 3.76853 4.44332e-16)
(26.102 3.74025 -6.89358e-16)
(26.1257 3.71069 3.15254e-16)
(26.1477 3.67976 1.13232e-16)
(26.168 3.6476 -1.09906e-16)
(26.1866 3.6143 4.68379e-16)
(26.2034 3.57998 1.72304e-16)
(26.2185 3.54482 -2.49857e-16)
(26.2316 3.50908 -1.62715e-16)
(26.2427 3.47319 5.02652e-17)
(26.2517 3.43789 2.5991e-16)
(26.2585 3.40403 3.8986e-17)
(26.2633 3.37274 2.12791e-16)
(25.7194 3.87339 -2.17161e-18)
(25.7471 3.87988 3.89986e-18)
(25.7785 3.88299 -2.5925e-17)
(25.8114 3.8818 -1.58054e-16)
(25.8432 3.87652 2.53177e-16)
(25.8762 3.86681 3.18127e-16)
(25.909 3.85324 -1.95433e-16)
(25.94 3.83642 2.52798e-16)
(25.9703 3.8164 -1.91929e-16)
(25.9983 3.79446 6.1057e-16)
(26.0246 3.77006 -3.27782e-16)
(26.0498 3.74391 -1.38758e-16)
(26.0734 3.7168 4.87816e-16)
(26.0953 3.68851 -5.07469e-16)
(26.1155 3.6589 3.34511e-16)
(26.1342 3.62814 7.33686e-17)
(26.1513 3.59636 -2.81382e-16)
(26.1667 3.56368 4.73971e-16)
(26.1806 3.53025 3.09305e-16)
(26.1926 3.49633 -4.27972e-16)
(26.2028 3.46235 -1.41158e-16)
(26.211 3.42899 -3.5051e-16)
(26.2173 3.39709 6.20863e-17)
(26.2217 3.36769 5.79614e-17)
(25.7244 3.84884 -8.36479e-18)
(25.7493 3.85456 -2.31135e-18)
(25.7775 3.85703 -4.38865e-18)
(25.8071 3.85543 -1.42046e-17)
(25.8358 3.84998 -7.01787e-17)
(25.8657 3.84032 9.05841e-17)
(25.8954 3.82707 1.55511e-16)
(25.9234 3.81064 -1.40535e-16)
(25.9513 3.79129 -8.04264e-17)
(25.9763 3.77036 -8.71229e-17)
(26.0007 3.74632 -3.58882e-16)
(26.0243 3.72085 2.34815e-16)
(26.0462 3.69494 1.00211e-16)
(26.0662 3.6679 9.39121e-16)
(26.0846 3.63949 5.45111e-17)
(26.1017 3.61002 1.9769e-16)
(26.1174 3.57966 -1.54706e-16)
(26.1316 3.54848 -3.18262e-16)
(26.1442 3.51665 2.20483e-16)
(26.1553 3.48441 1.09873e-16)
(26.1647 3.45218 -7.96902e-17)
(26.1723 3.42061 -2.11987e-17)
(26.1781 3.39049 8.13794e-17)
(26.1821 3.36282 9.57834e-17)
(25.7282 3.82921 2.91839e-18)
(25.7509 3.83426 -4.32949e-18)
(25.7765 3.83603 1.01699e-17)
(25.8033 3.83374 4.05935e-17)
(25.8292 3.82768 -7.90245e-17)
(25.8561 3.81743 -1.19063e-16)
(25.8827 3.80371 -2.40222e-16)
(25.9073 3.7867 5.71178e-16)
(25.9322 3.76717 -3.99666e-17)
(25.9529 3.74553 9.44794e-17)
(25.9746 3.72192 -1.65163e-16)
(25.9974 3.69836 -4.26381e-16)
(26.0189 3.67472 -2.0354e-16)
(26.0382 3.64956 -3.04699e-16)
(26.0559 3.62273 2.02099e-16)
(26.0723 3.59478 -4.61787e-16)
(26.0875 3.56591 -6.82926e-17)
(26.1013 3.53621 2.47567e-16)
(26.1135 3.50583 -2.176e-17)
(26.1242 3.47505 -4.55407e-16)
(26.1333 3.44428 1.91962e-16)
(26.1407 3.41414 9.62027e-17)
(26.1464 3.38543 -6.42023e-17)
(26.1503 3.35911 5.19364e-17)
(25.7312 3.81371 3.96997e-20)
(25.7519 3.81815 6.81641e-18)
(25.7754 3.8191 7.72242e-18)
(25.7998 3.8159 5.19034e-18)
(25.8232 3.80884 -2.57246e-17)
(25.8471 3.79749 8.56225e-17)
(25.8704 3.78264 9.7717e-17)
(25.8913 3.76438 2.01092e-16)
(25.9123 3.74403 -5.04952e-16)
(25.9279 3.7204 3.3783e-18)
(25.9463 3.69668 4.88476e-16)
(25.969 3.67607 -8.71129e-16)
(25.9913 3.65534 -1.16227e-16)
(26.0108 3.6324 -1.76631e-16)
(26.0286 3.60744 3.58916e-16)
(26.0454 3.58121 -6.85539e-16)
(26.0608 3.55393 -3.43762e-16)
(26.0748 3.5257 4.77969e-16)
(26.0873 3.4967 -4.0051e-16)
(26.0981 3.46723 8.10041e-17)
(26.1073 3.43771 -9.97708e-17)
(26.1148 3.40877 -1.93181e-16)
(26.1205 3.38123 -6.61825e-18)
(26.1244 3.35602 1.93013e-16)
(25.734 3.79774 -8.51525e-20)
(25.7528 3.80158 9.29563e-19)
(25.774 3.80178 -1.24438e-17)
(25.7959 3.79777 3.02822e-17)
(25.8166 3.78986 9.3073e-17)
(25.8377 3.77765 1.29399e-17)
(25.8576 3.76193 3.92227e-16)
(25.8751 3.74283 -1.88113e-16)
(25.8923 3.72196 -1.41508e-16)
(25.9034 3.69694 -1.39138e-16)
(25.9186 3.67345 -5.28257e-16)
(25.941 3.6555 -1.75412e-16)
(25.964 3.63715 4.06946e-16)
(25.9837 3.61606 1.34873e-16)
(26.0016 3.59272 -1.14445e-16)
(26.0184 3.56802 8.51999e-16)
(26.034 3.5422 6.27014e-16)
(26.0481 3.51535 1.98018e-16)
(26.0607 3.48765 -3.87798e-16)
(26.0716 3.45944 2.11168e-16)
(26.0809 3.43114 1.84672e-17)
(26.0884 3.40339 1.64751e-16)
(26.0941 3.37701 -2.61424e-16)
(26.0981 3.3529 -3.98215e-17)
(25.7367 3.78158 1.25914e-18)
(25.7534 3.78483 -1.5392e-17)
(25.7723 3.78434 5.26783e-18)
(25.7916 3.77963 -5.56824e-17)
(25.8097 3.77102 -4.56803e-17)
(25.8278 3.75817 -8.783e-17)
(25.8445 3.74181 -3.28382e-16)
(25.8588 3.72227 1.93675e-16)
(25.8723 3.70115 1.15045e-16)
(25.8795 3.67545 6.07402e-16)
(25.8918 3.65233 7.62572e-17)
(25.9137 3.6366 6.19172e-16)
(25.9371 3.62021 -1.40641e-16)
(25.9569 3.60066 -1.02943e-16)
(25.9746 3.57872 -5.1774e-16)
(25.9914 3.55538 1.60075e-16)
(26.0071 3.53086 8.96776e-17)
(26.0212 3.50525 2.8989e-16)
(26.0338 3.47877 -1.16538e-17)
(26.0448 3.45174 1.75555e-16)
(26.0541 3.4246 -2.30976e-16)
(26.0617 3.39799 6.35441e-17)
(26.0674 3.37273 8.64245e-17)
(26.0714 3.34968 -4.29602e-17)
(25.7391 3.76523 3.41774e-18)
(25.7539 3.76792 4.05142e-18)
(25.7703 3.76682 -1.95512e-18)
(25.787 3.76152 1.17809e-17)
(25.8025 3.75239 1.34571e-16)
(25.8177 3.73915 -9.17938e-18)
(25.8312 3.72242 1.04396e-16)
(25.8425 3.70285 -2.89959e-16)
(25.8527 3.68174 -1.31386e-16)
(25.8566 3.65613 -5.07165e-16)
(25.8662 3.63353 -1.46883e-17)
(25.8874 3.61958 4.15317e-16)
(25.9108 3.60472 -1.65635e-16)
(25.9306 3.58639 -2.45139e-16)
(25.9481 3.5656 6.08842e-16)
(25.9647 3.54341 -3.8262e-16)
(25.9803 3.52003 -1.54912e-16)
(25.9944 3.49553 -4.97348e-16)
(26.007 3.47014 -1.52049e-16)
(26.0179 3.4442 -4.07276e-17)
(26.0272 3.41814 -1.88698e-16)
(26.0348 3.39264 2.01209e-16)
(26.0406 3.36843 2.28793e-17)
(26.0446 3.34639 -7.75918e-17)
(25.7414 3.74878 -6.93811e-18)
(25.754 3.75093 1.23431e-17)
(25.768 3.74929 -1.63007e-18)
(25.7821 3.74355 3.85825e-17)
(25.795 3.7341 -8.55475e-17)
(25.8074 3.72073 -3.18791e-17)
(25.8179 3.70392 2.06526e-17)
(25.8266 3.68477 -1.36871e-17)
(25.8336 3.66394 1.66201e-16)
(25.835 3.63923 6.69185e-17)
(25.8424 3.61729 -5.98753e-16)
(25.8624 3.60466 4.18822e-16)
(25.8855 3.59085 -2.015e-16)
(25.905 3.57344 -2.5121e-16)
(25.9221 3.55355 7.36019e-16)
(25.9384 3.53229 -5.80763e-16)
(25.9538 3.50984 -5.67152e-17)
(25.9678 3.48628 1.58014e-16)
(25.9803 3.46185 7.1407e-16)
(25.9912 3.43688 5.00119e-17)
(26.0004 3.41182 8.59464e-17)
(26.0079 3.38734 -2.26957e-16)
(26.0137 3.36417 8.85303e-17)
(26.0178 3.34316 -4.88841e-17)
(25.7435 3.73227 4.70939e-19)
(25.7539 3.7339 -5.40345e-18)
(25.7655 3.73183 -2.47291e-18)
(25.777 3.72581 1.68924e-17)
(25.7874 3.71625 3.63133e-18)
(25.797 3.70303 -4.15891e-17)
(25.8049 3.6865 -2.57994e-17)
(25.8112 3.66822 -3.30632e-17)
(25.8153 3.64799 3.72002e-16)
(25.8151 3.62502 4.27858e-17)
(25.8206 3.6039 -5.18862e-16)
(25.8392 3.5921 1.01078e-16)
(25.8614 3.57885 5.03377e-16)
(25.8804 3.56201 -8.86346e-19)
(25.897 3.54276 -1.85623e-16)
(25.9129 3.52217 -5.20627e-17)
(25.9279 3.50045 2.66918e-16)
(25.9416 3.47765 -1.76431e-16)
(25.9539 3.45401 3.30706e-17)
(25.9647 3.42987 -2.18832e-16)
(25.9739 3.40567 2.88684e-17)
(25.9814 3.38202 -1.85951e-16)
(25.9872 3.35961 2.60459e-17)
(25.9915 3.33925 8.90505e-17)
(25.7453 3.71571 -1.3405e-18)
(25.7536 3.71688 1.42013e-18)
(25.7627 3.71449 1.18351e-18)
(25.7718 3.70837 -5.49904e-17)
(25.7797 3.69897 7.84397e-17)
(25.7868 3.68622 -6.83372e-18)
(25.7923 3.67037 -1.7342e-16)
(25.7967 3.65347 -7.44387e-17)
(25.7983 3.63416 8.68956e-17)
(25.7975 3.61385 4.98871e-17)
(25.8014 3.59367 -2.34619e-16)
(25.8181 3.58218 4.94148e-16)
(25.839 3.569 -4.17038e-16)
(25.857 3.55239 -3.06503e-17)
(25.873 3.53347 1.44976e-17)
(25.8882 3.51328 3.12556e-16)
(25.9027 3.49201 -5.06503e-16)
(25.916 3.46974 3.15453e-16)
(25.928 3.44673 7.03001e-17)
(25.9385 3.42335 -4.09585e-18)
(25.9475 3.40007 -1.86596e-16)
(25.9548 3.37752 6.73539e-17)
(25.9604 3.35639 1.09403e-16)
(25.9643 3.33748 -1.42519e-17)
(25.9669 3.32093 -3.38139e-18)
(25.7468 3.69909 -3.68504e-18)
(25.753 3.69983 2.87474e-18)
(25.7598 3.69727 -5.27368e-19)
(25.7665 3.6913 2.98566e-17)
(25.7721 3.68239 -4.91147e-17)
(25.7771 3.67047 -6.52719e-17)
(25.7806 3.65583 -1.55452e-16)
(25.7833 3.64076 3.55456e-16)
(25.7831 3.62275 -2.14421e-16)
(25.7827 3.60609 -9.93705e-17)
(25.7851 3.58687 8.86977e-16)
(25.7996 3.5752 -5.93069e-16)
(25.8186 3.56162 -2.01757e-16)
(25.8353 3.54485 1.26846e-16)
(25.8502 3.52593 5.06494e-16)
(25.8646 3.50586 -9.80102e-17)
(25.8783 3.48478 -3.7949e-16)
(25.8912 3.46271 9.01783e-17)
(25.9029 3.43983 3.6516e-16)
(25.9134 3.41646 -4.57695e-17)
(25.9226 3.39299 -2.79038e-16)
(25.9304 3.37003 1.3571e-16)
(25.9367 3.3482 1.01803e-16)
(25.9417 3.32828 -1.04586e-16)
(25.9453 3.31047 -1.72036e-17)
(25.748 3.68242 1.31654e-18)
(25.7522 3.68279 3.52646e-18)
(25.7567 3.68022 -4.75883e-18)
(25.7612 3.67468 -5.98898e-18)
(25.7649 3.66661 7.8738e-17)
(25.768 3.65597 -1.26799e-16)
(25.7701 3.64315 1.53481e-16)
(25.7716 3.63029 5.93471e-17)
(25.7705 3.61413 -2.99984e-17)
(25.7711 3.60221 4.35825e-17)
(25.7719 3.58373 1.21339e-16)
(25.7838 3.57146 -8.50608e-16)
(25.8003 3.55707 4.06946e-16)
(25.8152 3.53971 -2.12723e-16)
(25.8289 3.52041 1.26125e-16)
(25.8421 3.50016 3.59499e-16)
(25.8547 3.47924 -2.60278e-16)
(25.8665 3.45778 6.05876e-17)
(25.8772 3.43607 -1.30325e-16)
(25.8866 3.41449 -1.47846e-17)
(25.8947 3.39347 1.42546e-16)
(25.9012 3.37362 -2.14686e-16)
(25.906 3.35559 1.16946e-16)
(25.9092 3.34003 -1.5728e-17)
(25.9113 3.32689 1.3106e-17)
(25.7488 3.66562 -7.56942e-18)
(25.7513 3.66569 6.54651e-18)
(25.7539 3.66332 -3.82725e-18)
(25.7564 3.65853 3.65994e-17)
(25.7584 3.65173 9.05963e-18)
(25.7601 3.6429 -4.73781e-17)
(25.7612 3.63253 -1.14607e-16)
(25.762 3.62226 2.32419e-16)
(25.7609 3.60904 -1.61468e-16)
(25.7624 3.60276 -6.55021e-17)
(25.7618 3.58447 -6.08845e-17)
(25.7709 3.57118 3.02974e-16)
(25.7843 3.55567 -2.27614e-16)
(25.7969 3.53752 2.93202e-16)
(25.8089 3.51732 -1.74628e-16)
(25.8211 3.49563 2.49492e-16)
(25.8335 3.47246 -1.02902e-16)
(25.8455 3.44789 -2.24017e-16)
(25.8571 3.42221 2.10059e-16)
(25.8679 3.39584 -3.57449e-17)
(25.878 3.3693 -6.37297e-18)
(25.8873 3.34321 -1.02263e-16)
(25.8956 3.31824 -4.03729e-17)
(25.9027 3.29521 6.78188e-17)
(25.908 3.27451 -1.94635e-17)
(25.7494 3.6483 -7.20279e-18)
(25.7507 3.64819 1.75944e-18)
(25.752 3.64634 5.98564e-18)
(25.7531 3.6428 9.60817e-19)
(25.7539 3.63788 2.1304e-18)
(25.7544 3.63163 -2.7094e-17)
(25.7545 3.62452 7.31691e-17)
(25.7543 3.61745 -1.73661e-16)
(25.7533 3.60877 1.36236e-16)
(25.7549 3.6077 -5.34328e-17)
(25.7537 3.58962 1.05763e-16)
(25.7608 3.57465 -5.63851e-17)
(25.7713 3.55734 2.48288e-16)
(25.7807 3.53905 -2.07714e-16)
(25.7892 3.52072 7.78779e-17)
(25.7975 3.50277 -5.54856e-17)
(25.8057 3.48512 -7.57525e-18)
(25.8137 3.46776 4.73679e-17)
(25.8213 3.45088 -5.8733e-18)
(25.8282 3.43482 -9.93961e-17)
(25.8341 3.42002 3.69917e-17)
(25.8384 3.40711 -3.28411e-17)
(25.8408 3.39652 2.87597e-17)
(25.8419 3.38837 -8.4896e-18)
(25.843 3.38206 1.61994e-17)
(25.7498 3.6297 1.52525e-17)
(25.7504 3.6296 -3.92741e-18)
(25.751 3.62881 -2.71721e-18)
(25.7513 3.62735 4.92661e-17)
(25.7514 3.62537 -1.02515e-16)
(25.7512 3.62292 2.01893e-17)
(25.7506 3.62021 6.46948e-17)
(25.7497 3.61749 7.6173e-17)
(25.7485 3.61462 -8.58241e-17)
(25.7489 3.6156 -9.24136e-18)
(25.746 3.59992 3.6975e-17)
(25.7507 3.58412 -7.04678e-18)
(25.7595 3.56124 -1.20315e-16)
(25.7692 3.53396 -3.42074e-17)
(25.7797 3.50341 1.61558e-16)
(25.7908 3.47022 -7.22355e-17)
(25.8025 3.43466 1.23856e-16)
(25.8148 3.39706 8.33775e-17)
(25.8277 3.35788 -2.9615e-17)
(25.8414 3.31778 -1.42548e-16)
(25.8561 3.27761 1.2938e-16)
(25.8716 3.23873 -1.17428e-16)
(25.8872 3.2026 -4.1521e-17)
(25.9005 3.17078 -1.88587e-17)
(25.9096 3.14358 5.10952e-17)
)
;

boundaryField
{
    inlet
    {
        type            freestreamVelocity;
        freestreamValue uniform (25.75 3.62 0);
        value           nonuniform List<vector> 
25
(
(25.75 3.62005 7.42633e-20)
(25.75 3.62005 -1.91223e-20)
(25.75 3.62004 -1.32299e-20)
(25.75 3.62004 2.39872e-19)
(25.75 3.62003 -4.99131e-19)
(25.75 3.62001 9.82987e-20)
(25.75 3.62 3.14987e-19)
(25.75 3.61999 3.7087e-19)
(25.75 3.61997 -4.17856e-19)
(25.75 3.61998 -4.49939e-20)
(25.7477 3.60857 2.10535e-17)
(25.7504 3.59958 -4.01118e-18)
(25.7554 3.58657 -6.84551e-17)
(25.7609 3.57107 -1.94523e-17)
(25.7669 3.55374 9.18157e-17)
(25.7732 3.53493 -4.10257e-17)
(25.7798 3.51481 7.02941e-17)
(25.7867 3.49356 4.72858e-17)
(25.794 3.47146 -1.67826e-17)
(25.8018 3.44887 -8.07173e-17)
(25.8101 3.42628 7.32034e-17)
(25.8188 3.40444 -6.639e-17)
(25.8275 3.38419 -2.34578e-17)
(25.835 3.36637 -1.06477e-17)
(25.8401 3.35116 2.88334e-17)
)
;
    }
    outlet
    {
        type            freestreamVelocity;
        freestreamValue nonuniform List<vector> 0();
        value           nonuniform List<vector> 0();
    }
    walls
    {
        type            noSlip;
    }
    frontAndBack
    {
        type            empty;
    }
    procBoundary4to0
    {
        type            processor;
        value           nonuniform List<vector> 
72
(
(17.8419 12.4839 -6.02545e-18)
(18.5487 11.9309 2.07752e-17)
(19.1778 11.4276 -1.3093e-17)
(19.7406 10.9667 1.30145e-17)
(20.2466 10.5426 1.25361e-17)
(20.7034 10.1502 1.54926e-17)
(21.1172 9.78589 -1.47209e-17)
(21.4933 9.44653 -2.86721e-18)
(21.836 9.12952 2.28722e-17)
(22.1489 8.83251 -2.5842e-17)
(22.4353 8.55368 1.45652e-17)
(22.6979 8.29141 -1.57424e-17)
(22.9389 8.04428 -1.33964e-17)
(23.1605 7.81104 1.54973e-17)
(23.3645 7.59064 -1.27193e-17)
(23.5524 7.3821 1.36962e-17)
(23.7256 7.1846 -8.95598e-19)
(23.8855 6.99739 -2.13708e-18)
(24.0331 6.81978 1.41543e-17)
(24.1695 6.65117 1.11043e-17)
(24.2956 6.491 -4.95097e-18)
(24.4121 6.33879 6.04561e-19)
(24.4121 6.33879 6.04561e-19)
(24.337 6.05393 -3.55402e-17)
(24.4443 5.92574 -2.25972e-17)
(24.5437 5.80363 -1.05871e-16)
(24.636 5.68727 7.77851e-17)
(24.7215 5.57638 -1.71963e-17)
(24.8009 5.47068 -4.69108e-17)
(24.8745 5.36991 2.37032e-18)
(24.9428 5.27383 -1.26626e-17)
(25.0061 5.18223 4.90544e-17)
(25.0649 5.09488 -5.61239e-17)
(25.1193 5.0116 -1.06583e-16)
(25.1698 4.93219 6.4088e-17)
(25.2167 4.85649 -1.41475e-17)
(25.2601 4.78432 5.31786e-18)
(25.3003 4.71553 -4.00906e-18)
(25.3375 4.64997 -2.41579e-17)
(25.3721 4.5875 1.78973e-17)
(25.404 4.52799 -2.66694e-17)
(25.4336 4.4713 -2.62525e-17)
(25.461 4.41732 -1.97422e-17)
(25.4864 4.36593 -1.44097e-17)
(25.5099 4.31701 4.12397e-17)
(25.5316 4.27046 4.32143e-17)
(25.5517 4.22619 -2.14653e-17)
(25.5702 4.18408 -1.83535e-17)
(25.5874 4.14406 -5.04675e-17)
(25.6033 4.10603 -6.66066e-18)
(25.6179 4.0699 -6.35879e-18)
(25.6314 4.0356 5.4686e-17)
(25.6439 4.00305 -3.19073e-17)
(25.6554 3.97218 -1.32214e-17)
(25.6661 3.94289 2.6727e-17)
(25.6759 3.91514 -6.16088e-17)
(25.6849 3.88884 3.0627e-17)
(25.6932 3.86392 -2.50839e-18)
(25.7008 3.84028 9.77283e-18)
(25.7068 3.82133 3.99132e-17)
(25.7115 3.80637 -2.49747e-17)
(25.7161 3.79094 5.3632e-18)
(25.7207 3.77533 -3.55652e-17)
(25.7251 3.75955 1.32002e-17)
(25.7294 3.74368 -1.26377e-17)
(25.7335 3.72776 1.83519e-17)
(25.7373 3.71181 -1.36652e-17)
(25.7408 3.6958 1.69661e-17)
(25.7439 3.67978 8.88027e-18)
(25.7465 3.66364 -7.35959e-18)
(25.7481 3.64702 4.10674e-17)
(25.7493 3.62924 2.84528e-17)
)
;
    }
    procBoundary4to5
    {
        type            processor;
        value           nonuniform List<vector> 
95
(
(17.6769 13.8438 -4.21481e-17)
(18.4473 14.6133 7.28111e-18)
(19.3234 15.352 6.19251e-17)
(20.8296 15.1435 1.12929e-17)
(20.8296 15.1435 1.12929e-17)
(21.8022 15.6833 -1.3338e-17)
(23.1847 15.2841 8.75779e-17)
(23.1847 15.2841 8.75779e-17)
(24.1922 15.6084 1.54709e-16)
(25.3937 15.0216 3.48249e-16)
(25.3937 15.0216 3.48249e-16)
(26.4546 14.3865 3.48306e-16)
(26.4546 14.3865 3.48306e-16)
(27.3853 13.7134 7.68736e-17)
(27.3791 13.0743 -2.62689e-16)
(27.3791 13.0743 -2.62689e-16)
(28.137 12.4249 3.03113e-16)
(28.137 12.4249 3.03113e-16)
(28.7933 11.7548 -1.36164e-16)
(28.6924 11.2497 1.63753e-16)
(28.6924 11.2497 1.63753e-16)
(29.2172 10.61 2.15489e-16)
(29.0873 10.1754 1.10158e-15)
(29.0873 10.1754 1.10158e-15)
(29.501 9.56668 -7.41622e-17)
(29.3498 9.19326 -7.17633e-16)
(29.3498 9.19326 -7.17633e-16)
(29.6682 8.6168 -8.12773e-16)
(29.5016 8.29724 6.61425e-16)
(29.3435 7.9948 2.26817e-16)
(29.3435 7.9948 2.26817e-16)
(29.5613 7.48296 9.88655e-16)
(29.3929 7.22553 -2.93022e-16)
(29.2323 6.98193 -3.32645e-16)
(29.2323 6.98193 -3.32645e-16)
(29.3692 6.52973 5.87203e-17)
(29.2025 6.32459 3.26012e-16)
(29.0431 6.13068 -2.12094e-16)
(29.0431 6.13068 -2.12094e-16)
(29.1151 5.73516 -3.61501e-16)
(28.9532 5.57443 9.13091e-17)
(28.7983 5.42289 -2.27948e-15)
(28.7983 5.42289 -2.27948e-15)
(28.8189 5.08155 -3.34892e-16)
(28.6645 4.95872 4.21954e-16)
(28.5168 4.84337 5.30688e-16)
(28.3756 4.73519 -1.3538e-15)
(28.2405 4.63389 1.22794e-15)
(28.2405 4.63389 1.22794e-15)
(28.2152 4.37921 7.43205e-16)
(28.0833 4.30017 -7.2536e-16)
(27.9575 4.22659 8.6185e-16)
(27.8375 4.15815 3.1861e-17)
(27.723 4.0946 3.1069e-16)
(27.723 4.0946 3.1069e-16)
(27.6723 3.91246 1.23638e-16)
(27.563 3.8655 -5.4029e-16)
(27.459 3.82219 3.37498e-16)
(27.36 3.7823 -5.22608e-16)
(27.2659 3.74561 -2.0024e-16)
(27.2659 3.74561 -2.0024e-16)
(27.2058 3.62206 4.31255e-17)
(27.1178 3.5969 -2.51912e-16)
(27.0343 3.5739 1.40576e-16)
(26.9549 3.55289 1.44181e-16)
(26.8795 3.53369 5.89718e-18)
(26.8079 3.51615 2.10938e-16)
(26.7398 3.50012 1.15171e-16)
(26.7398 3.50012 1.15171e-16)
(26.6854 3.43201 4.01324e-17)
(26.6228 3.42215 1.47099e-16)
(26.5633 3.41317 -6.76265e-17)
(26.5066 3.40494 1.10929e-16)
(26.4527 3.39739 1.13215e-16)
(26.4015 3.39046 -1.64197e-16)
(26.353 3.38408 4.58402e-17)
(26.3069 3.3782 3.79152e-17)
(26.3069 3.3782 3.79152e-17)
(26.2662 3.34424 1.04229e-16)
(26.2244 3.34103 8.74354e-17)
(26.1847 3.33782 6.56418e-17)
(26.1527 3.3354 -9.0305e-17)
(26.1269 3.33336 2.24928e-17)
(26.1006 3.33127 -1.16266e-19)
(26.074 3.32906 -3.98862e-17)
(26.0473 3.3267 -7.35993e-17)
(26.0204 3.32449 4.10048e-17)
(25.9944 3.3211 1.85658e-17)
(25.9944 3.3211 1.85658e-17)
(25.9687 3.30578 -1.68421e-18)
(25.9479 3.29394 -3.51172e-17)
(25.9129 3.31511 1.45846e-18)
(25.9116 3.25554 1.85833e-17)
(25.8449 3.37598 -1.29929e-17)
(25.9155 3.11878 -1.51067e-17)
)
;
    }
}


// ************************************************************************* //
