/*--------------------------------*- C++ -*----------------------------------*\
| =========                 |                                                 |
| \\      /  F ield         | OpenFOAM: The Open Source CFD Toolbox           |
|  \\    /   O peration     | Version:  2306                                  |
|   \\  /    A nd           | Website:  www.openfoam.com                      |
|    \\/     M anipulation  |                                                 |
\*---------------------------------------------------------------------------*/
FoamFile
{
    version     2.0;
    format      ascii;
    arch        "LSB;label=32;scalar=64";
    class       volVectorField;
    location    "225";
    object      momentError;
}
// * * * * * * * * * * * * * * * * * * * * * * * * * * * * * * * * * * * * * //

dimensions      [0 1 -2 0 0 0 0];

internalField   nonuniform List<vector> 
1340
(
(0.110992 -0.432143 -6.9575e-15)
(0.0773506 -0.423997 2.39837e-14)
(0.00621408 -0.354766 -4.70373e-14)
(-0.0234751 -0.336581 1.78058e-14)
(-0.0442834 -0.302186 1.09806e-13)
(-0.0583623 -0.266595 -1.74493e-13)
(-0.0696067 -0.232547 8.98055e-14)
(-0.0729402 -0.194859 -1.10861e-13)
(-0.0713366 -0.161533 -2.54105e-13)
(-0.066275 -0.129126 3.43486e-13)
(-0.0587744 -0.107944 1.23969e-13)
(-0.0345261 -0.0639894 -2.28495e-13)
(-0.0161899 -0.0367123 -3.3416e-13)
(-0.000153271 -0.0135867 -5.7141e-14)
(0.0187149 0.00772426 -1.39651e-13)
(0.0387942 0.0271218 -3.10215e-13)
(0.0624628 0.0438608 -1.46713e-13)
(0.090658 0.0579193 8.32592e-13)
(0.124239 0.0695627 4.23525e-13)
(0.163376 0.0767548 -5.95697e-13)
(0.193424 0.0783605 1.05628e-13)
(0.208404 0.0664113 1.5347e-13)
(0.158221 0.0445904 -6.74068e-14)
(0.104783 0.0325632 -1.52559e-13)
(0.0669595 0.0164063 3.60914e-14)
(0.0390544 0.000634366 -2.33631e-15)
(0.0316354 -0.00531373 4.1561e-14)
(0.0308927 -0.00628726 -1.64802e-14)
(0.0323872 -0.0053334 4.404e-14)
(0.0364618 -0.00438074 1.54929e-13)
(0.0385583 -0.00366475 3.05135e-14)
(0.0334873 -0.00285497 -1.29023e-13)
(0.0302098 -0.00281321 -7.38358e-15)
(0.0282238 -0.00318861 -2.16515e-13)
(0.0263007 -0.00358883 -2.83922e-13)
(0.125874 -0.404014 -1.08088e-14)
(0.134248 -0.326536 2.66812e-14)
(0.132031 -0.24339 1.69248e-15)
(0.112206 -0.177295 3.62295e-14)
(0.0923898 -0.125577 -3.28618e-14)
(0.0702301 -0.0703579 -9.44443e-14)
(0.0293043 -0.0187011 -1.0577e-13)
(-0.0310795 -0.306783 -1.3183e-14)
(-0.0644447 -0.304559 5.83462e-15)
(-0.0884584 -0.255965 7.72803e-15)
(-0.120505 -0.246401 -3.34551e-14)
(-0.140486 -0.227335 2.09489e-14)
(-0.152982 -0.205427 8.0062e-14)
(-0.165901 -0.181906 1.03653e-13)
(-0.171202 -0.157522 1.00395e-13)
(-0.170036 -0.133902 -3.99933e-15)
(-0.167364 -0.113165 1.9035e-13)
(-0.157753 -0.0894084 -2.08558e-13)
(-0.156964 -0.10049 -1.19314e-13)
(-0.153447 -0.100012 4.48076e-13)
(-0.151542 -0.0917329 1.28168e-13)
(-0.137234 -0.0902206 -1.19055e-13)
(-0.124979 -0.088133 -1.77689e-14)
(-0.110077 -0.0888588 3.4181e-13)
(-0.0907997 -0.09012 -1.53799e-13)
(-0.0626812 -0.091503 -4.91413e-13)
(-0.0218579 -0.0895516 1.88385e-13)
(0.0647339 -0.0830031 2.35354e-13)
(0.14308 -0.0522019 4.65528e-14)
(0.266694 -0.00137396 -1.29572e-13)
(0.254142 0.0172955 1.92464e-13)
(0.187964 0.00571709 -4.18904e-14)
(0.171674 0.00633474 -7.06257e-14)
(0.149927 0.00506612 -3.0216e-14)
(0.120687 0.000392163 5.57218e-15)
(0.0851892 -0.00271127 -1.51662e-14)
(0.0573713 -0.00483443 -1.63007e-14)
(0.0435046 -0.00626889 -2.04079e-14)
(0.0404533 -0.00708103 3.59746e-14)
(0.0405991 -0.00735227 -1.88795e-13)
(0.0407826 -0.00713557 -2.24038e-13)
(0.0415747 -0.00691349 1.63141e-13)
(-0.0090245 -0.288974 -4.61491e-15)
(0.018545 -0.242515 1.24429e-13)
(0.0397218 -0.1896 -8.06e-15)
(0.0480793 -0.147445 -1.29311e-13)
(0.0515665 -0.107903 -2.56575e-14)
(0.0485353 -0.0675437 1.27519e-13)
(0.0235497 -0.247345 -5.10689e-15)
(0.00601788 -0.244358 -7.62435e-16)
(-0.016004 -0.207401 -5.74707e-15)
(-0.0349163 -0.207668 1.54338e-14)
(-0.0471645 -0.19803 3.89673e-15)
(-0.0577215 -0.182866 -3.35473e-14)
(-0.067865 -0.168432 -1.07305e-13)
(-0.0736533 -0.152231 -9.51712e-14)
(-0.0760155 -0.134466 -1.11149e-13)
(-0.0763162 -0.117577 1.10263e-14)
(-0.07381 -0.101503 2.63608e-13)
(-0.0692366 -0.0843919 7.05628e-14)
(-0.0644314 -0.0672718 -9.92361e-14)
(-0.0574336 -0.0542888 -2.40816e-13)
(-0.0586463 -0.0406338 1.10181e-13)
(-0.0641168 -0.0293353 1.45806e-13)
(-0.0694902 -0.0237073 -9.41989e-14)
(-0.0780401 -0.0223772 -1.89102e-13)
(-0.0934004 -0.0273484 3.16999e-13)
(-0.117547 -0.0375525 -9.49219e-14)
(-0.164967 -0.0496468 -1.19972e-13)
(-0.186618 -0.0774831 1.79073e-13)
(-0.209559 -0.0669894 7.3023e-14)
(-0.100283 -0.0277004 -3.25243e-15)
(0.032864 0.0150885 -3.30277e-14)
(0.0624009 0.0217953 3.69879e-15)
(0.0581895 0.0144763 -3.06255e-14)
(0.0891214 0.00492256 2.11198e-14)
(0.107289 0.000582034 -3.31492e-14)
(0.115987 -0.0014037 -7.23827e-14)
(0.11014 -0.00348221 6.98358e-14)
(0.0840259 -0.00614183 3.07528e-14)
(0.0642199 -0.00844563 -1.22085e-13)
(0.0503495 -0.00931953 7.79176e-14)
(0.0466803 -0.00888406 1.73442e-14)
(0.0366941 -0.23484 2.92979e-14)
(0.0450746 -0.199505 -2.77644e-14)
(0.0503482 -0.156038 -9.85386e-14)
(0.0521108 -0.124896 4.48991e-14)
(0.0494534 -0.0946212 2.04375e-14)
(0.0430964 -0.0641331 -6.46587e-14)
(-0.00546793 -0.195645 7.94281e-15)
(-0.0222358 -0.193013 -2.3586e-15)
(-0.0368911 -0.165834 1.04713e-16)
(-0.0547839 -0.166325 -7.1447e-15)
(-0.0664702 -0.157441 1.88504e-15)
(-0.0767763 -0.144873 3.56713e-14)
(-0.0870003 -0.133056 5.83131e-14)
(-0.0931638 -0.11917 5.45224e-14)
(-0.0962706 -0.104007 -1.33141e-13)
(-0.0974243 -0.0894379 -1.11458e-13)
(-0.095656 -0.0750952 1.4128e-13)
(-0.0917711 -0.0616651 2.56238e-13)
(-0.0856235 -0.0512279 1.35608e-13)
(-0.0783206 -0.0438929 -4.71667e-13)
(-0.0732095 -0.0364144 -1.62065e-13)
(-0.0596805 -0.0376157 3.85577e-13)
(-0.0504455 -0.0362884 8.39958e-14)
(-0.0414995 -0.0364746 -1.24286e-13)
(-0.034398 -0.0381807 -2.28477e-13)
(-0.0319771 -0.041794 1.98047e-13)
(-0.0435353 -0.0551626 4.36552e-14)
(-0.0692877 -0.0532825 -2.22727e-13)
(-0.107999 -0.0510028 1.65688e-13)
(-0.142106 -0.0376792 -1.13968e-13)
(-0.137217 -0.0193622 -3.72997e-14)
(-0.0841214 -0.00447065 3.56964e-14)
(0.01099 -0.0157877 -4.55901e-14)
(-0.0714368 -0.00530797 1.00786e-14)
(-0.0468743 -0.000162381 1.37125e-14)
(0.0114639 -0.00510581 2.10676e-14)
(0.00315532 0.00172747 -9.29607e-15)
(0.0612374 -0.00464592 2.55357e-14)
(0.0881117 -0.00697895 2.08009e-13)
(0.0750405 -0.00981543 5.5037e-14)
(0.061239 -0.00934023 -7.72654e-14)
(0.00890292 -0.186176 1.88463e-14)
(0.0211218 -0.162159 -3.69191e-14)
(0.0309954 -0.130335 -4.07982e-15)
(0.0370998 -0.107741 -3.3682e-14)
(0.0390771 -0.0840569 -2.06308e-14)
(0.00321534 -0.162854 -4.04572e-15)
(-0.00848087 -0.160597 4.80783e-15)
(-0.0195224 -0.139945 2.10237e-17)
(-0.032778 -0.142689 -4.11683e-15)
(-0.0413523 -0.13705 -2.86397e-14)
(-0.0492206 -0.128349 3.45172e-14)
(-0.0574457 -0.121126 1.25224e-14)
(-0.0623851 -0.111525 -6.99229e-14)
(-0.0654482 -0.100672 -5.81256e-14)
(-0.0669444 -0.0900475 -1.2118e-13)
(-0.0660513 -0.0792234 1.7463e-14)
(-0.0635276 -0.0689373 -1.32216e-13)
(-0.0595216 -0.0597791 8.03619e-15)
(-0.0550402 -0.0515455 3.53944e-13)
(-0.0498851 -0.0446547 -2.33932e-13)
(-0.0465292 -0.0359436 -1.67559e-13)
(-0.0448803 -0.0282123 1.01487e-13)
(-0.0428749 -0.0235534 -1.31847e-13)
(-0.0405295 -0.0211814 8.49169e-14)
(-0.0385407 -0.0207772 -1.4411e-13)
(-0.0382276 -0.0218519 -1.61653e-13)
(-0.0423783 -0.0232119 1.83164e-13)
(-0.0533094 -0.0195463 -4.05258e-14)
(-0.0741914 -0.0118263 8.96546e-14)
(-0.0875929 -0.000477046 5.67317e-14)
(-0.102095 0.00991094 6.24549e-15)
(-0.137886 0.017818 1.08772e-13)
(-0.0527878 0.00338263 -2.1143e-14)
(-0.0564086 0.00763826 2.25412e-14)
(-0.065428 0.00239302 -5.53461e-14)
(-0.0729819 -0.00166811 -1.55775e-13)
(-0.0516818 0.00485443 9.97549e-16)
(-0.0472728 0.00515645 1.40471e-13)
(0.0483849 -0.00960934 -3.29741e-14)
(0.049083 -0.00488647 -1.05843e-13)
(0.0131636 -0.154933 2.0307e-14)
(0.0209898 -0.136387 1.43927e-14)
(0.0273291 -0.110797 -3.19972e-14)
(0.0319031 -0.0932396 7.88976e-14)
(0.0338267 -0.0744458 1.86869e-13)
(-0.00126681 -0.135697 1.93606e-15)
(-0.0115657 -0.133707 5.15034e-16)
(-0.0205128 -0.117608 3.17153e-15)
(-0.0322868 -0.120235 -2.44786e-15)
(-0.0400612 -0.11574 -1.09069e-15)
(-0.0472685 -0.10847 1.62305e-14)
(-0.0550619 -0.102461 7.58549e-15)
(-0.0599916 -0.0942998 4.03867e-14)
(-0.0633479 -0.0849699 6.7795e-14)
(-0.0654772 -0.0757111 -3.19865e-14)
(-0.0654189 -0.0661195 -7.79878e-15)
(-0.0639121 -0.0567438 7.49354e-14)
(-0.061201 -0.0481615 -1.45299e-13)
(-0.0574073 -0.0405979 -2.89013e-13)
(-0.0531122 -0.0340484 1.75024e-13)
(-0.0490241 -0.0279102 2.68134e-13)
(-0.0428471 -0.0272448 -3.55539e-13)
(-0.0388482 -0.0271881 6.06002e-14)
(-0.0355002 -0.0284837 1.11913e-13)
(-0.0335272 -0.0306293 -1.12804e-13)
(-0.0340175 -0.0328286 8.54798e-14)
(-0.0368099 -0.0322978 -8.7161e-14)
(-0.0408573 -0.0259385 -1.69365e-13)
(-0.0422349 -0.0139495 -5.02812e-14)
(-0.0406882 -0.00376697 -1.16167e-13)
(-0.0328028 0.00158045 5.62525e-14)
(-0.0274002 0.0034539 -1.6199e-14)
(-0.0250276 0.00239187 -1.08986e-14)
(-0.0285124 0.00201123 2.13607e-14)
(-0.0567233 0.00527165 4.24062e-14)
(-0.0183524 -0.00169131 3.29522e-14)
(-0.0493832 -0.00168831 -4.53321e-14)
(-0.0336677 0.00155834 -1.1704e-13)
(-0.0254016 0.00297105 -1.48289e-13)
(-0.0291383 0.000284837 3.31983e-14)
(0.0077566 -0.129357 8.60861e-15)
(0.0151791 -0.115247 -2.0725e-14)
(0.0214458 -0.0950266 1.05042e-14)
(0.0261782 -0.0811887 -5.94355e-15)
(-0.000464515 -0.115257 3.09519e-15)
(-0.00865735 -0.113869 5.86049e-16)
(-0.0158411 -0.101417 -1.14698e-15)
(-0.02551 -0.104354 4.13314e-15)
(-0.0316661 -0.101041 -8.61208e-15)
(-0.0378583 -0.0957441 -1.03902e-15)
(-0.0445547 -0.0916706 2.35277e-14)
(-0.0488288 -0.0852987 -1.11138e-14)
(-0.0518292 -0.0780003 -3.95004e-14)
(-0.0538294 -0.0708038 2.65184e-14)
(-0.0539714 -0.063176 -6.07191e-14)
(-0.0529556 -0.0556753 -1.50674e-13)
(-0.0509256 -0.0487459 1.06433e-13)
(-0.0478798 -0.0424453 3.76727e-13)
(-0.0444399 -0.0368716 -1.39545e-14)
(-0.040526 -0.0323889 -4.00985e-13)
(-0.0370355 -0.0278696 3.32195e-13)
(-0.0353051 -0.0247224 2.33191e-13)
(-0.0342135 -0.02322 1.24582e-13)
(-0.0339811 -0.0229615 5.87449e-14)
(-0.0354913 -0.0236006 -2.88861e-14)
(-0.0390456 -0.0234456 1.62022e-13)
(-0.042747 -0.0196558 1.12089e-13)
(-0.0427634 -0.0115778 -1.02154e-14)
(-0.0376765 -0.00332452 2.14194e-13)
(-0.0306579 0.00180287 -6.5657e-14)
(-0.0229579 0.00334587 -7.64528e-15)
(-0.0176546 0.00254411 5.67671e-15)
(-0.0147099 0.00172606 -2.01345e-14)
(-0.0116631 0.00126651 -2.07958e-14)
(-0.0118798 0.000217619 -1.5276e-14)
(-0.0127079 -0.000688008 4.77807e-14)
(-0.011532 -0.00397146 -2.26989e-14)
(-0.0648641 0.00828673 -1.27773e-13)
(-0.0335023 0.00122201 -2.07924e-14)
(0.00681363 -0.109932 -9.67266e-15)
(0.0128284 -0.0987149 1.21986e-14)
(0.0180774 -0.0822879 -2.61254e-14)
(0.0222534 -0.0711108 -3.94955e-15)
(-0.00119269 -0.0985674 1.40456e-15)
(-0.00827423 -0.0979306 1.52074e-15)
(-0.0142714 -0.0879914 -9.41461e-16)
(-0.0226798 -0.0906131 -1.92923e-15)
(-0.0287836 -0.0880577 -3.77466e-15)
(-0.0334155 -0.0835587 1.64237e-14)
(-0.0391703 -0.0803145 1.38022e-14)
(-0.0433095 -0.0751534 -5.17976e-14)
(-0.0463648 -0.0690596 2.17028e-14)
(-0.0486131 -0.062935 1.11088e-13)
(-0.0491325 -0.0562784 4.62659e-14)
(-0.0486414 -0.0496445 2.13484e-14)
(-0.0472758 -0.0434021 -1.877e-13)
(-0.0449875 -0.0375682 -4.29407e-13)
(-0.0421907 -0.0323496 -3.03721e-13)
(-0.0390232 -0.0277956 1.19935e-13)
(-0.035801 -0.0237496 -7.37584e-14)
(-0.0331605 -0.0225653 -3.76878e-13)
(-0.031804 -0.0226004 -1.94654e-13)
(-0.03134 -0.0232842 1.60816e-13)
(-0.0324622 -0.023969 1.60993e-13)
(-0.0354247 -0.023404 -9.35594e-14)
(-0.0392697 -0.0197663 -3.82667e-14)
(-0.0407705 -0.0126408 2.24252e-15)
(-0.0375398 -0.00510814 -6.09519e-14)
(-0.0311577 -0.000119056 6.32603e-14)
(-0.02441 0.0018889 7.21386e-15)
(-0.01923 0.00164987 4.31835e-15)
(-0.0159282 0.00104674 -4.4131e-15)
(-0.0133743 0.00094418 5.21648e-14)
(-0.0100698 0.000322506 3.49557e-14)
(-0.00926671 -0.000441437 -3.50964e-15)
(-0.0146329 0.00117608 1.13236e-13)
(-0.0132568 0.000156344 7.81995e-14)
(-0.015383 -0.00167898 -4.05751e-14)
(0.00510413 -0.0940976 7.39723e-15)
(0.0104127 -0.0850749 -1.20488e-14)
(0.0151034 -0.0716921 3.24602e-15)
(0.0189804 -0.0625138 6.11608e-14)
(-0.00124764 -0.085004 2.42096e-15)
(-0.00716484 -0.087593 4.03668e-15)
(-0.0123773 -0.0771685 -1.74195e-16)
(-0.0195037 -0.0793147 -3.98377e-17)
(-0.025493 -0.0787197 -2.56394e-15)
(-0.0296704 -0.0736902 -6.68368e-15)
(-0.0349733 -0.0712025 -4.90197e-15)
(-0.037375 -0.0670767 -5.22439e-14)
(-0.0397957 -0.062153 -9.94678e-16)
(-0.0420733 -0.0573637 1.92183e-14)
(-0.0428671 -0.0518776 -2.32516e-14)
(-0.0427084 -0.0463313 1.41068e-13)
(-0.0417606 -0.0410654 1.48887e-13)
(-0.0399626 -0.0360693 2.69661e-14)
(-0.0376786 -0.031555 2.76627e-13)
(-0.0350553 -0.0275944 -5.75646e-14)
(-0.0321947 -0.0244124 -7.18557e-16)
(-0.030085 -0.0218243 2.14377e-13)
(-0.0294712 -0.0208768 9.99332e-14)
(-0.029534 -0.0205491 -2.94875e-14)
(-0.0307337 -0.0203546 -1.21881e-13)
(-0.0330968 -0.0194806 -1.14878e-14)
(-0.0359708 -0.0165516 -9.36332e-14)
(-0.0372661 -0.0110533 -8.094e-14)
(-0.0350485 -0.00496332 4.88287e-14)
(-0.0300818 -0.000621568 -3.10616e-14)
(-0.0245498 0.00133377 -5.64544e-14)
(-0.0201659 0.00135294 6.4436e-15)
(-0.0173633 0.000877238 -3.11549e-15)
(-0.0150804 0.000698206 -3.85865e-15)
(-0.0126405 0.000287659 8.2074e-14)
(-0.0102927 -0.000388767 -2.93714e-14)
(-0.00793119 -0.00114304 -3.92138e-14)
(-0.00861235 -0.00083815 2.27335e-13)
(-0.00681378 -0.00078994 3.71826e-14)
(0.00415877 -0.0811898 -1.31573e-14)
(0.00874211 -0.0738028 -3.10562e-14)
(0.012858 -0.0627488 5.073e-14)
(-0.021417 -0.0673149 8.95147e-15)
(-0.0270451 -0.0668439 -2.94403e-15)
(-0.0316764 -0.0637104 2.91891e-14)
(-0.034238 -0.0596196 2.04039e-14)
(-0.0366254 -0.0555178 5.16596e-15)
(-0.0373427 -0.0516505 -1.69802e-15)
(-0.0381654 -0.0470585 7.13273e-15)
(-0.03837 -0.0422767 -3.1399e-14)
(-0.0378379 -0.0376599 -1.36922e-13)
(-0.0365037 -0.033196 3.63791e-14)
(-0.0347304 -0.0291033 1.87899e-14)
(-0.0325781 -0.025461 5.24738e-14)
(-0.0302469 -0.0223016 -4.62409e-16)
(-0.0280264 -0.0198443 -9.39875e-14)
(-0.0275072 -0.019005 -1.3894e-13)
(-0.0276168 -0.0188736 -1.19595e-13)
(-0.0286447 -0.0186719 -6.96816e-14)
(-0.0305628 -0.0177471 -5.63943e-14)
(-0.0327968 -0.0151154 1.91655e-14)
(-0.0338086 -0.0104464 6.71807e-14)
(-0.0320541 -0.00518047 -3.61537e-14)
(-0.0280027 -0.00120611 -1.37477e-14)
(-0.0233421 0.000772689 4.44362e-14)
(-0.0195356 0.00103369 2.10257e-15)
(-0.017104 0.000727625 2.45268e-14)
(-0.0153528 0.000584355 -3.05508e-14)
(-0.0136796 0.000256564 -1.01157e-13)
(-0.0121931 -0.000264354 -5.51002e-14)
(-0.0111809 -0.000623825 3.48962e-14)
(-0.0104037 -0.000684466 -1.51689e-14)
(-0.00889843 -0.000480294 2.0502e-14)
(-0.0263847 -0.0552382 -3.54867e-15)
(-0.0320596 -0.0548427 -2.50967e-14)
(-0.0331971 -0.0502228 -5.03288e-14)
(-0.0352497 -0.0468073 2.85641e-14)
(-0.0343447 -0.0429492 2.53802e-14)
(-0.034422 -0.0388968 1.48748e-14)
(-0.034088 -0.0349241 6.21134e-14)
(-0.0330565 -0.031034 4.19951e-15)
(-0.0316344 -0.0274354 3.33327e-14)
(-0.0298701 -0.0241757 -5.09532e-14)
(-0.0279136 -0.021337 -5.49069e-14)
(-0.0259576 -0.0189692 6.42402e-14)
(-0.0254089 -0.0176752 1.26874e-13)
(-0.0257072 -0.0171983 6.41947e-14)
(-0.0266877 -0.0167088 4.55518e-14)
(-0.0283143 -0.0156647 3.3419e-14)
(-0.0300909 -0.013374 6.30917e-14)
(-0.0308892 -0.00954935 -3.60182e-14)
(-0.0294594 -0.00513558 -5.67663e-14)
(-0.0260672 -0.00161209 3.55352e-15)
(-0.0220375 0.000298239 -1.98133e-14)
(-0.0185991 0.000723853 -6.75583e-15)
(-0.0162796 0.000567986 -4.18626e-14)
(-0.0146383 0.000469448 2.2407e-14)
(-0.0132627 0.000212177 5.69486e-14)
(-0.0122095 -0.000218883 1.25291e-13)
(-0.0115307 -0.000570139 1.24179e-14)
(-0.0111219 -0.0006135 -1.16062e-13)
(-0.0104652 -0.000412595 2.1936e-15)
(-0.0279053 -0.0440993 -6.96428e-14)
(-0.0353657 -0.0441786 -7.25924e-14)
(-0.0323079 -0.0389972 -1.31522e-14)
(-0.0312527 -0.0356125 -3.21268e-14)
(-0.0309242 -0.0321522 7.23079e-14)
(-0.0301447 -0.0287102 -2.92098e-14)
(-0.0290086 -0.0254931 -1.44707e-13)
(-0.0275707 -0.0225401 1.0101e-13)
(-0.0259386 -0.0199032 9.97138e-14)
(-0.0243081 -0.0176216 -5.33001e-15)
(-0.0234949 -0.0161361 -1.57418e-13)
(-0.0238959 -0.0155596 -1.2859e-13)
(-0.0247852 -0.0150499 6.83796e-14)
(-0.0261525 -0.0140225 1.075e-13)
(-0.027589 -0.0120134 -3.91513e-14)
(-0.0282496 -0.00882224 -1.50924e-14)
(-0.0271167 -0.0050882 -1.08589e-14)
(-0.0243086 -0.00195898 7.32102e-16)
(-0.020857 -0.000122535 -1.02492e-14)
(-0.0177703 0.000440516 4.37411e-15)
(-0.0155478 0.000424536 6.8891e-15)
(-0.0139147 0.00038114 -2.79226e-14)
(-0.012573 0.000185957 -1.53629e-14)
(-0.0115912 -0.000180285 -2.9087e-14)
(-0.0110288 -0.000496589 -1.7593e-13)
(-0.010803 -0.00053974 -1.05881e-14)
(-0.0104019 -0.000357426 6.23256e-14)
(-0.0265411 -0.0373746 -1.28947e-13)
(-0.0334875 -0.0370577 3.3145e-14)
(-0.0288427 -0.0325889 1.13704e-13)
(-0.0282049 -0.0295881 -7.84993e-14)
(-0.0275481 -0.0265627 -6.53624e-14)
(-0.0266262 -0.0237149 8.22715e-14)
(-0.0254135 -0.0210684 -1.48529e-13)
(-0.0240351 -0.0186556 1.2489e-14)
(-0.0226429 -0.0165589 2.11706e-13)
(-0.0215903 -0.0148457 8.33351e-14)
(-0.0220896 -0.0141365 1.47035e-13)
(-0.022933 -0.0135564 -3.25838e-14)
(-0.0241066 -0.0125315 -9.96895e-14)
(-0.0252926 -0.0107629 2.22524e-14)
(-0.0258492 -0.00809808 5.12706e-14)
(-0.0249518 -0.00495496 4.02983e-14)
(-0.022641 -0.00220521 2.73707e-15)
(-0.019713 -0.000469854 2.26827e-14)
(-0.0169842 0.000191499 -4.36045e-15)
(-0.0149074 0.000293128 1.46577e-14)
(-0.0133234 0.00030315 1.44919e-14)
(-0.0120101 0.000160412 6.65184e-16)
(-0.0110279 -0.000147608 -7.27032e-14)
(-0.010424 -0.000436519 6.70648e-15)
(-0.0101672 -0.000501605 1.43326e-13)
(-0.00969485 -0.000338016 9.95049e-14)
(-0.0260933 -0.031911 6.09307e-15)
(-0.0308182 -0.0308703 -1.81863e-15)
(-0.0255007 -0.02706 4.81972e-14)
(-0.0249378 -0.0244474 -2.60232e-14)
(-0.0242923 -0.0219278 5.76656e-14)
(-0.0233603 -0.0195561 2.32696e-13)
(-0.0222348 -0.0173572 -6.85698e-14)
(-0.0210675 -0.0154031 -5.85677e-14)
(-0.0199694 -0.0136456 2.69979e-14)
(-0.0203704 -0.0127994 -3.62109e-14)
(-0.0211576 -0.012185 1.63017e-14)
(-0.0221704 -0.0112159 1.46956e-14)
(-0.0231675 -0.00966783 -2.7389e-14)
(-0.0236492 -0.00743021 -1.43132e-14)
(-0.0229389 -0.00478101 -2.809e-14)
(-0.0210386 -0.00237645 3.26189e-15)
(-0.0185679 -0.000755277 3.22115e-15)
(-0.0161777 -3.1331e-05 1.71409e-15)
(-0.0142698 0.000166302 -1.78565e-15)
(-0.0127745 0.000221063 -1.754e-14)
(-0.0115294 0.000120292 5.06193e-15)
(-0.0105753 -0.000139827 7.22954e-14)
(-0.00994555 -0.000399957 8.32296e-14)
(-0.00962664 -0.000487031 -1.67094e-13)
(-0.00914526 -0.000343142 -2.4776e-13)
(-0.0221984 -0.0283789 4.1484e-14)
(-0.0276558 -0.0280185 2.3326e-14)
(-0.0242803 -0.0247113 -1.69655e-14)
(-0.0229316 -0.0225167 1.91793e-14)
(-0.0222779 -0.0202673 9.73612e-15)
(-0.0215138 -0.0181229 -3.75026e-14)
(-0.0205719 -0.0161233 5.74026e-14)
(-0.0195726 -0.0143108 -1.57589e-13)
(-0.01859 -0.0126307 -2.19998e-13)
(-0.018727 -0.0116186 -9.03492e-14)
(-0.0194724 -0.01096 1.68952e-14)
(-0.0203565 -0.0100614 9.7453e-15)
(-0.0212098 -0.00870137 2.63317e-14)
(-0.0216367 -0.00681093 4.52285e-14)
(-0.0210769 -0.0045779 -2.27176e-14)
(-0.0195102 -0.00248656 -1.98792e-14)
(-0.0174319 -0.000989792 6.9593e-16)
(-0.0153492 -0.000233094 -6.9744e-15)
(-0.0136121 3.8845e-05 4.95762e-15)
(-0.0122156 0.00013249 5.40156e-14)
(-0.0110521 6.9013e-05 4.56652e-14)
(-0.0101498 -0.000149208 -1.85807e-14)
(-0.00953145 -0.000381804 -1.74117e-14)
(-0.00917921 -0.000485744 1.06856e-13)
(-0.00876115 -0.000379616 2.07313e-13)
(-0.0205291 -0.023879 1.06237e-14)
(-0.025821 -0.0235541 -1.31836e-14)
(-0.0214698 -0.0206681 3.43081e-14)
(-0.0205937 -0.0186692 -3.72578e-15)
(-0.0198977 -0.0167316 -1.57908e-13)
(-0.0190864 -0.0149159 -5.08784e-14)
(-0.0182011 -0.013239 1.91964e-13)
(-0.0173246 -0.0116693 3.43441e-15)
(-0.0171853 -0.0105357 5.68188e-14)
(-0.0178978 -0.00985158 1.19901e-14)
(-0.0186804 -0.00903962 8.10211e-14)
(-0.0194208 -0.00784839 1.59913e-14)
(-0.01981 -0.00624582 -1.1325e-14)
(-0.0193717 -0.00436083 5.91401e-16)
(-0.0180778 -0.00254649 2.33931e-14)
(-0.0163303 -0.00117806 -7.99306e-15)
(-0.0145222 -0.00041184 6.33118e-15)
(-0.0129498 -8.4879e-05 -1.84103e-15)
(-0.0116531 4.38002e-05 -1.5355e-14)
(-0.0105695 1.23021e-05 -4.35879e-14)
(-0.00971995 -0.000166464 -4.22256e-14)
(-0.00912287 -0.000372849 -6.38424e-15)
(-0.00876277 -0.000485923 1.83763e-14)
(-0.00840022 -0.000424193 -7.57407e-14)
(-0.0199282 -0.0203746 9.8714e-16)
(-0.0234649 -0.0196336 2.03319e-14)
(-0.0188409 -0.0171255 -2.73588e-14)
(-0.0182112 -0.0154039 1.39299e-15)
(-0.0175744 -0.0137557 -3.54308e-14)
(-0.0168427 -0.0122121 -1.11667e-13)
(-0.0160826 -0.0107639 8.70423e-14)
(-0.0157083 -0.00954937 -3.19632e-14)
(-0.0163972 -0.00885962 -5.95387e-14)
(-0.0171107 -0.00812838 -9.38583e-14)
(-0.0177637 -0.00708579 -3.16212e-14)
(-0.0181336 -0.00572685 -3.53746e-14)
(-0.0177997 -0.00413435 4.00015e-14)
(-0.016733 -0.00256448 1.04226e-14)
(-0.0152678 -0.0013238 -1.98883e-14)
(-0.0137076 -0.000567859 6.08487e-15)
(-0.0122959 -0.000202279 2.27508e-14)
(-0.0110988 -4.327e-05 -3.12162e-14)
(-0.0100906 -4.43251e-05 -3.98085e-14)
(-0.00929029 -0.000184469 2.37467e-14)
(-0.00871293 -0.00036399 2.21973e-14)
(-0.00835368 -0.000480854 -1.16289e-14)
(-0.00801806 -0.000457213 -4.78765e-14)
(-0.0171478 -0.018235 -2.24459e-14)
(-0.0214698 -0.0178582 -3.1565e-14)
(-0.0177002 -0.0156702 5.28964e-14)
(-0.016876 -0.014151 3.58691e-14)
(-0.0162727 -0.0126469 2.06003e-14)
(-0.0156255 -0.0112287 9.63909e-14)
(-0.014936 -0.00989686 -5.56711e-14)
(-0.0143679 -0.00865388 8.7295e-14)
(-0.014992 -0.00797337 6.93129e-15)
(-0.01565 -0.00731069 1.26854e-14)
(-0.016232 -0.00640186 1.0882e-13)
(-0.0165893 -0.00524894 2.35694e-14)
(-0.0163437 -0.0039004 -4.37e-14)
(-0.015464 -0.00254422 -2.99144e-14)
(-0.014239 -0.00142746 3.61981e-15)
(-0.0129013 -0.000697285 -3.73315e-15)
(-0.0116454 -0.000307594 -6.55751e-15)
(-0.0105514 -0.000123515 1.44165e-14)
(-0.00962017 -9.75697e-05 3.97803e-14)
(-0.00886907 -0.000202054 1.82963e-14)
(-0.00831153 -0.000354384 3.30495e-14)
(-0.00795552 -0.000470218 3.91714e-15)
(-0.00763325 -0.000473879 5.75161e-15)
(-0.0164853 -0.015444 -3.77938e-14)
(-0.0195204 -0.0148584 -3.02505e-14)
(-0.0154948 -0.0129438 4.46455e-15)
(-0.0149279 -0.0115981 -6.34036e-14)
(-0.0144025 -0.0103021 -9.33287e-14)
(-0.0138175 -0.00907661 1.97718e-14)
(-0.0132315 -0.00789255 -2.00595e-14)
(-0.0136945 -0.00719106 5.89994e-14)
(-0.0143013 -0.00657736 -5.67806e-14)
(-0.014828 -0.00579148 -9.08926e-14)
(-0.0151763 -0.00481251 -1.67902e-14)
(-0.015003 -0.00366737 2.59414e-14)
(-0.0142766 -0.00249571 1.71521e-14)
(-0.0132519 -0.0014964 1.33722e-14)
(-0.0121093 -0.000802358 -2.43318e-16)
(-0.0109997 -0.000401374 -1.28063e-15)
(-0.010008 -0.000197826 -2.18603e-15)
(-0.00915258 -0.000147769 -1.27362e-14)
(-0.00845269 -0.000218347 -1.52001e-14)
(-0.00791928 -0.000345005 -1.78882e-15)
(-0.00756918 -0.00045573 5.82168e-15)
(-0.00726409 -0.000478696 3.48014e-14)
(-0.0142486 -0.0138301 -9.84265e-14)
(-0.0178438 -0.0134803 -5.03058e-14)
(-0.0145949 -0.011809 1.60331e-14)
(-0.0138557 -0.0106196 -1.93856e-14)
(-0.0133371 -0.00943112 5.12456e-14)
(-0.0128033 -0.00830087 8.30991e-14)
(-0.0122563 -0.00721871 -1.50231e-14)
(-0.0124885 -0.00649391 -4.81801e-14)
(-0.0130531 -0.00591916 5.03266e-14)
(-0.0135389 -0.00524175 -3.95357e-14)
(-0.0138813 -0.00441084 4.3936e-14)
(-0.0137684 -0.00343672 -2.08526e-15)
(-0.0131695 -0.00242453 2.46512e-15)
(-0.0123129 -0.00153442 -4.14341e-15)
(-0.0113396 -0.000883865 -1.08272e-15)
(-0.010365 -0.000481516 2.73157e-15)
(-0.0094722 -0.000264193 2.23723e-15)
(-0.00869064 -0.000192965 5.00095e-15)
(-0.00804148 -0.000235179 1.43379e-14)
(-0.00753551 -0.000337076 -3.66793e-14)
(-0.00719488 -0.000441087 -3.91741e-14)
(-0.00691077 -0.000477245 3.03299e-14)
(-0.0136318 -0.0116521 -7.3344e-14)
(-0.0162101 -0.011162 5.64114e-14)
(-0.0127448 -0.00967974 4.81448e-14)
(-0.0122404 -0.00861182 -1.859e-14)
(-0.0117925 -0.00757746 -5.0866e-15)
(-0.0113194 -0.0065936 -9.65149e-15)
(-0.0113733 -0.00586209 -7.43598e-14)
(-0.0119021 -0.00532978 1.18997e-14)
(-0.0123573 -0.00474603 1.00236e-13)
(-0.0126954 -0.00404131 -3.38437e-14)
(-0.0126335 -0.00321221 -1.16515e-14)
(-0.0121404 -0.00233809 -3.11249e-14)
(-0.0114255 -0.00154812 6.3228e-15)
(-0.010598 -0.000945165 -2.8017e-15)
(-0.00974749 -0.000549767 -1.22056e-14)
(-0.00894843 -0.000324082 -1.80759e-14)
(-0.00823727 -0.000234477 -6.48658e-15)
(-0.00763721 -0.000251777 1.39199e-14)
(-0.00716034 -0.000331081 5.12938e-14)
(-0.00683095 -0.000426676 3.3168e-14)
(-0.00656953 -0.000472052 -3.86122e-14)
(-0.0118377 -0.0104362 9.86942e-14)
(-0.0147434 -0.0100987 4.00923e-14)
(-0.0120128 -0.00880869 -5.09844e-14)
(-0.0113677 -0.00786105 -3.59094e-15)
(-0.0109092 -0.00691063 3.82773e-14)
(-0.0104668 -0.00601195 -2.75285e-14)
(-0.0103527 -0.00528332 7.6795e-14)
(-0.0108373 -0.00479787 7.51789e-14)
(-0.0112702 -0.00429685 -2.51654e-14)
(-0.011603 -0.00369857 1.14108e-14)
(-0.0115846 -0.00299295 1.75988e-14)
(-0.0111802 -0.00223801 2.72108e-14)
(-0.0105844 -0.00153962 3.809e-16)
(-0.00988365 -0.000986095 -5.90115e-15)
(-0.00914642 -0.000604918 7.77969e-15)
(-0.00843739 -0.000375408 1.64858e-14)
(-0.00779457 -0.000271719 -1.29047e-14)
(-0.00724282 -0.000268159 -2.41586e-14)
(-0.00679655 -0.000327579 -5.47487e-14)
(-0.00648091 -0.000413356 -5.97425e-14)
(-0.00623961 -0.00046534 1.10112e-14)
(-0.0113523 -0.00873251 2.83085e-14)
(-0.0132258 -0.00830814 5.65224e-14)
(-0.0104372 -0.00713402 1.33015e-14)
(-0.0100194 -0.00628077 7.98728e-15)
(-0.00963979 -0.00547137 -3.00725e-14)
(-0.0094163 -0.00475858 -5.32527e-14)
(-0.00986615 -0.00432189 -3.0962e-14)
(-0.0102809 -0.00389259 -2.81657e-14)
(-0.0106063 -0.00338307 -3.3457e-14)
(-0.0106233 -0.0027824 -2.48962e-14)
(-0.0102928 -0.00213008 -1.80376e-14)
(-0.00979502 -0.00151378 -4.90467e-16)
(-0.00920352 -0.00100945 1.03056e-14)
(-0.00856614 -0.000647319 -2.96249e-15)
(-0.00794074 -0.000418472 -3.38358e-15)
(-0.00736182 -0.000304341 1.59836e-14)
(-0.00685859 -0.000283117 -8.7292e-15)
(-0.00644353 -0.000325321 -6.48089e-14)
(-0.00614334 -0.000400189 -4.29984e-14)
(-0.0059213 -0.000456138 -3.04759e-15)
(-0.010268 -0.00787486 9.70872e-15)
(-0.012282 -0.00748439 -1.79129e-14)
(-0.00958097 -0.00644883 4.19174e-15)
(-0.00916998 -0.00570093 -1.4776e-14)
(-0.00884269 -0.00497131 4.8564e-14)
(-0.00854371 -0.00428059 2.85325e-14)
(-0.00896516 -0.00389015 -3.60992e-14)
(-0.00936171 -0.00352178 6.02947e-15)
(-0.00968306 -0.00308951 2.4133e-14)
(-0.00973229 -0.00257948 -2.10084e-15)
(-0.00946587 -0.00201649 9.89711e-15)
(-0.00905189 -0.00147399 2.92344e-15)
(-0.00855568 -0.00101795 -4.64818e-15)
(-0.00800836 -0.000677845 -1.67756e-15)
(-0.00745949 -0.000453477 -3.16866e-15)
(-0.00694323 -0.000332017 -1.24203e-14)
(-0.00648633 -0.000296955 -5.38989e-15)
(-0.00610293 -0.000323533 4.24701e-14)
(-0.00582025 -0.000387676 6.71631e-14)
(-0.0056155 -0.000444968 6.92323e-15)
(-0.0089293 -0.00702073 1.08907e-14)
(-0.0111121 -0.00673412 -1.47515e-14)
(-0.00900617 -0.00583962 -1.27364e-14)
(-0.00849333 -0.00517746 -3.00909e-14)
(-0.00814808 -0.00451052 9.11486e-15)
(-0.00781967 -0.00387041 -2.88753e-14)
(-0.00814778 -0.00350316 3.32833e-14)
(-0.00851904 -0.00318156 2.40652e-14)
(-0.00883302 -0.00281674 -1.06515e-14)
(-0.00890692 -0.0023838 3.90734e-15)
(-0.00869194 -0.00189743 -3.80521e-15)
(-0.00834844 -0.00142083 -3.90911e-15)
(-0.00793353 -0.00101122 7.33822e-16)
(-0.00746689 -0.000695796 4.21038e-15)
(-0.00698957 -0.000479473 8.48206e-15)
(-0.00653309 -0.000354372 1.76893e-14)
(-0.00612239 -0.000308479 3.32254e-15)
(-0.0057724 -0.00032143 2.46066e-14)
(-0.00550835 -0.000374811 1.34526e-15)
(-0.0053218 -0.000430691 -3.68455e-14)
(-0.0084684 -0.00579732 -1.01899e-13)
(-0.00995674 -0.00547798 -3.24736e-14)
(-0.00778287 -0.0046747 -1.59999e-14)
(-0.00746046 -0.00407997 2.37784e-15)
(-0.00717777 -0.00351049 3.18134e-14)
(-0.00740846 -0.00315863 -1.48808e-14)
(-0.00775868 -0.0028742 -3.65436e-14)
(-0.00806629 -0.00256778 -3.37645e-15)
(-0.0081574 -0.00220007 1.70046e-14)
(-0.00798475 -0.00177901 6.77408e-15)
(-0.00769716 -0.0013602 9.44344e-17)
(-0.00734921 -0.000993181 -3.71907e-15)
(-0.00695046 -0.000702896 -2.71902e-16)
(-0.00653674 -0.00049655 -8.63433e-15)
(-0.0061341 -0.000370773 -6.80807e-15)
(-0.00576649 -0.000316912 4.43335e-14)
(-0.00544926 -0.000318441 1.6529e-14)
(-0.00520663 -0.000361719 -1.05949e-14)
(-0.00503759 -0.000414039 3.40116e-14)
(-0.00765521 -0.00520552 4.03459e-14)
(-0.00921399 -0.00491113 2.65781e-14)
(-0.00712846 -0.00420328 -1.95892e-14)
(-0.00681158 -0.0036865 -2.02634e-14)
(-0.00656703 -0.00317862 1.94855e-14)
(-0.00672266 -0.0028415 -1.52651e-15)
(-0.00705438 -0.00259119 1.87999e-14)
(-0.00735811 -0.00233522 6.89032e-15)
(-0.00746572 -0.00202457 -8.33109e-15)
(-0.00732988 -0.00166093 -7.87454e-15)
(-0.00709271 -0.0012939 2.1221e-15)
(-0.00680216 -0.000966656 2.92776e-15)
(-0.00646398 -0.00070137 2.98707e-16)
(-0.00610616 -0.000506526 -1.24879e-15)
(-0.00575199 -0.000381939 -5.07444e-15)
(-0.0054236 -0.000321817 -3.61101e-14)
(-0.00513603 -0.000313615 -2.51998e-14)
(-0.00491369 -0.000346933 2.17638e-14)
(-0.0047611 -0.000394362 1.61037e-14)
(-0.00667323 -0.00462487 2.9452e-14)
(-0.00828663 -0.00439201 4.67192e-14)
(-0.00667748 -0.00378463 6.34906e-14)
(-0.0062845 -0.00333159 1.24113e-14)
(-0.00602774 -0.00287304 -1.42009e-15)
(-0.00610004 -0.0025502 -5.48093e-14)
(-0.00640755 -0.00233181 -2.14301e-14)
(-0.00670393 -0.00211812 2.05097e-14)
(-0.00682255 -0.00185595 -2.20175e-15)
(-0.00671712 -0.00154227 -1.08414e-15)
(-0.00652265 -0.00122136 7.48441e-15)
(-0.00628271 -0.000931252 -4.45583e-15)
(-0.0059988 -0.000690992 -2.69405e-15)
(-0.00569267 -0.000509334 1.12776e-14)
(-0.00538506 -0.000388082 -8.39478e-15)
(-0.00509446 -0.000323982 6.31364e-15)
(-0.00483617 -0.000307521 4.05623e-14)
(-0.00463339 -0.000331602 1.13606e-14)
(-0.00449512 -0.000373227 -3.11724e-14)
(-0.00624235 -0.00376429 3.28761e-14)
(-0.00741673 -0.00352948 -1.51547e-14)
(-0.00574429 -0.00299246 -3.64805e-14)
(-0.00550487 -0.00258818 1.08589e-14)
(-0.00553144 -0.00228714 4.96916e-14)
(-0.00582598 -0.00209773 -6.23071e-15)
(-0.00611426 -0.00191964 -1.87088e-14)
(-0.00623903 -0.00169833 1.06711e-14)
(-0.00615834 -0.00142744 2.21782e-15)
(-0.00599639 -0.00114651 -1.95707e-15)
(-0.00579758 -0.000889546 -3.18574e-16)
(-0.00555838 -0.000672853 4.04942e-15)
(-0.0052968 -0.000504627 -3.4037e-16)
(-0.00503037 -0.000388215 4.1904e-15)
(-0.0047749 -0.000321958 9.07278e-15)
(-0.00454557 -0.000299323 3.83851e-15)
(-0.00436301 -0.000315313 1.12805e-15)
(-0.00423741 -0.000346882 -3.29749e-16)
(-0.00563944 -0.00336494 2.94938e-14)
(-0.00683443 -0.00314708 -1.30777e-15)
(-0.00524982 -0.00267478 2.45825e-14)
(-0.00501692 -0.00232903 -3.25946e-14)
(-0.00500739 -0.00204871 -1.57634e-14)
(-0.00528907 -0.00188252 -1.72895e-15)
(-0.00557135 -0.00173522 -4.26058e-15)
(-0.00570237 -0.00154998 5.13089e-15)
(-0.00564274 -0.00131676 -3.45785e-15)
(-0.00551077 -0.00107152 1.32118e-15)
(-0.00534767 -0.000844576 -5.8521e-16)
(-0.00514678 -0.00064989 4.385e-15)
(-0.00492371 -0.00049486 -4.38393e-15)
(-0.00469313 -0.000383866 -5.79929e-15)
(-0.00446934 -0.000316791 1.33063e-14)
(-0.00426622 -0.00028943 -1.92821e-14)
(-0.00410147 -0.000296536 -3.13588e-14)
(-0.00398883 -0.000321586 2.95529e-14)
(-0.00493355 -0.00297905 3.80963e-15)
(-0.00610551 -0.0027964 3.0838e-15)
(-0.00489573 -0.00239406 -7.13196e-15)
(-0.00461142 -0.00209726 1.62401e-14)
(-0.00453774 -0.00183195 6.36414e-15)
(-0.00479352 -0.00168483 1.08855e-14)
(-0.00506897 -0.00156338 1.77257e-14)
(-0.00520331 -0.00140873 -1.42563e-14)
(-0.00516068 -0.00120832 9.67771e-15)
(-0.00505489 -0.000994704 1.52056e-15)
(-0.00492246 -0.000795137 1.03761e-15)
(-0.00475623 -0.000621221 -2.20119e-15)
(-0.00456839 -0.0004797 -3.94057e-17)
(-0.00437134 -0.000375149 8.90668e-15)
(-0.00417677 -0.000308709 3.4068e-15)
(-0.00399781 -0.000277524 -2.93882e-14)
(-0.00385102 -0.000278434 -4.1972e-15)
(-0.0037509 -0.000296715 -1.18466e-14)
(-0.00454188 -0.00238596 1.9163e-16)
(-0.00545991 -0.00221976 2.46474e-14)
(-0.00420665 -0.00187605 -7.98237e-15)
(-0.00410225 -0.00163377 -4.14393e-14)
(-0.00434699 -0.00150724 6.41865e-15)
(-0.00461669 -0.00140694 3.29568e-15)
(-0.0047514 -0.00127755 2.30454e-15)
(-0.00472164 -0.00110539 1.20784e-15)
(-0.00463554 -0.000919057 -2.82622e-15)
(-0.00452778 -0.000743309 1.03397e-17)
(-0.00438927 -0.000588206 -5.92511e-16)
(-0.00423106 -0.000459638 5.90956e-15)
(-0.00406305 -0.000362229 4.77603e-15)
(-0.00389554 -0.000297761 -2.20869e-14)
(-0.00374017 -0.000264734 5.00687e-15)
(-0.00360985 -0.000260174 2.33873e-14)
(-0.00352051 -0.000273564 -3.80437e-15)
(-0.00410231 -0.00212367 -4.27722e-15)
(-0.00500889 -0.00196967 -1.19211e-14)
(-0.00383671 -0.00166825 -6.89466e-15)
(-0.00370741 -0.00145585 1.89586e-14)
(-0.00393769 -0.00134623 -1.62062e-14)
(-0.0042016 -0.00126195 -2.36176e-14)
(-0.00433766 -0.00115472 -8.07277e-15)
(-0.00431926 -0.00100767 -1.46729e-15)
(-0.00425043 -0.000845573 2.97868e-15)
(-0.00416409 -0.000691048 -1.19153e-15)
(-0.00404927 -0.000553002 3.51009e-16)
(-0.00391599 -0.000436589 -4.24322e-16)
(-0.00377278 -0.000346323 -1.32178e-14)
(-0.00362838 -0.000284409 1.47894e-15)
(-0.00349263 -0.000250312 5.97283e-15)
(-0.00337875 -0.000241985 -1.94832e-14)
(-0.00330082 -0.000249837 1.11319e-14)
(-0.0036063 -0.00187296 9.36749e-14)
(-0.0044483 -0.0017391 6.03753e-14)
(-0.00355976 -0.00148399 -2.64688e-14)
(-0.00338209 -0.00130244 2.60775e-15)
(-0.00356146 -0.00119997 1.07047e-14)
(-0.00381602 -0.00112714 -5.70889e-15)
(-0.00395328 -0.00103872 9.06589e-15)
(-0.00394401 -0.000913543 -8.96828e-16)
(-0.00389012 -0.000772854 1.21956e-15)
(-0.00382234 -0.000637493 -3.02038e-16)
(-0.00372935 -0.000515416 -1.39868e-15)
(-0.00361884 -0.000410965 -7.44217e-15)
(-0.00349858 -0.000328224 -4.60529e-16)
(-0.00337534 -0.000269569 1.42537e-14)
(-0.00325891 -0.000235065 -1.61572e-14)
(-0.00315792 -0.000223566 3.93484e-15)
(-0.00326881 -0.00147671 3.00513e-14)
(-0.00397975 -0.00136647 1.52492e-14)
(-0.00308084 -0.0011581 1.41537e-14)
(-0.00322225 -0.00106591 2.53555e-15)
(-0.00346704 -0.00100532 5.53032e-15)
(-0.0036057 -0.000931916 -9.13519e-15)
(-0.00360302 -0.000824804 5.99829e-15)
(-0.00355964 -0.000702644 -2.39272e-15)
(-0.00350618 -0.000584047 5.97958e-16)
(-0.00343023 -0.00047612 2.59459e-15)
(-0.00333887 -0.000382742 -1.70253e-16)
(-0.00323841 -0.000307419 8.2136e-15)
(-0.00313437 -0.000252409 -2.41413e-15)
(-0.00303447 -0.000218178 1.09976e-14)
(-0.0029467 -0.000203103 9.206e-15)
(-0.002966 -0.00130943 -4.55821e-14)
(-0.00362127 -0.00120792 -1.96369e-14)
(-0.00280324 -0.00102112 -7.40929e-15)
(-0.00291578 -0.000944019 1.29069e-14)
(-0.00314883 -0.000895363 -7.7514e-15)
(-0.00328749 -0.000833448 1.07449e-14)
(-0.00329112 -0.000741339 -2.53676e-15)
(-0.00325705 -0.0006356 1.04513e-15)
(-0.00321586 -0.000531996 2.34984e-16)
(-0.00315435 -0.000436738 6.1759e-16)
(-0.003079 -0.000353429 1.85384e-15)
(-0.00299482 -0.000285034 -6.93242e-15)
(-0.00290654 -0.000233606 -8.49657e-15)
(-0.00282155 -0.000199811 5.20857e-15)
(-0.00274518 -0.000182514 -4.00698e-16)
(-0.00268887 -0.00115401 2.96823e-14)
(-0.00328943 -0.00106415 -9.77255e-15)
(-0.00254812 -0.000900562 -1.28269e-16)
(-0.00263851 -0.000833913 -1.36822e-14)
(-0.00285716 -0.000793934 2.55496e-14)
(-0.00299441 -0.000741582 -1.5238e-16)
(-0.0030037 -0.000662582 1.75485e-15)
(-0.00297803 -0.0005712 4.06781e-15)
(-0.00294726 -0.000480877 -1.76786e-15)
(-0.00289868 -0.000397066 -1.22632e-15)
(-0.00283719 -0.000323012 2.93321e-16)
(-0.00276722 -0.000261175 2.87358e-15)
(-0.00269293 -0.000213301 1.52037e-14)
(-0.00261965 -0.00018021 -4.18253e-15)
(-0.00255284 -0.000161078 -1.14089e-14)
(-0.00242176 -0.0010117 -4.38842e-15)
(-0.00299583 -0.000933228 3.98668e-14)
(-0.00231604 -0.000792914 3.75661e-15)
(-0.00238648 -0.000733915 5.3671e-15)
(-0.0025903 -0.000699416 -1.3864e-14)
(-0.00272559 -0.000655605 -3.75726e-15)
(-0.00273961 -0.000588599 -7.32206e-15)
(-0.00272085 -0.000509807 -1.93018e-15)
(-0.0026986 -0.000431106 1.65282e-15)
(-0.00266106 -0.000357559 -2.17864e-15)
(-0.00261168 -0.000291953 4.5756e-15)
(-0.00255455 -0.00023632 7.21352e-15)
(-0.00249231 -0.000192102 -1.4678e-14)
(-0.00243035 -0.00016018 1.02531e-15)
(-0.00237202 -0.000140043 1.96925e-14)
(-0.00213597 -0.000880756 -3.23103e-14)
(-0.00264321 -0.000811792 -1.61372e-14)
(-0.00213084 -0.000695061 1.24132e-14)
(-0.00215966 -0.000645012 -1.61797e-14)
(-0.00234261 -0.000613194 1.12372e-14)
(-0.00247614 -0.000575891 1.63391e-15)
(-0.00249469 -0.000519035 5.52476e-15)
(-0.00248141 -0.000451117 1.06588e-16)
(-0.00246626 -0.000382667 -7.40918e-16)
(-0.00243824 -0.000318314 4.56081e-16)
(-0.00239947 -0.000260405 -4.91862e-15)
(-0.00235348 -0.000210603 -3.45412e-15)
(-0.00230251 -0.000170132 8.30028e-15)
(-0.00225032 -0.000139796 8.99462e-15)
(-0.00219996 -0.00011931 -4.9093e-15)
(-0.00191891 -0.000677716 -1.47405e-15)
(-0.00237783 -0.000629417 -2.02214e-14)
(-0.00195313 -0.000561055 1.01008e-14)
(-0.00211827 -0.000534037 8.35895e-15)
(-0.0022488 -0.000503243 -3.90402e-15)
(-0.00227165 -0.000454474 -1.09913e-15)
(-0.00226221 -0.000395598 2.09585e-15)
(-0.0022524 -0.000336215 1.11766e-15)
(-0.00223156 -0.000279964 4.3465e-16)
(-0.00220129 -0.000228884 -1.30626e-15)
(-0.00216422 -0.000184428 -4.67103e-15)
(-0.0021223 -0.000147609 -4.52272e-15)
(-0.00207927 -0.000119278 -6.42902e-15)
(-0.0020363 -9.92032e-05 -1.17808e-14)
(-0.00173415 -0.000590987 1.98631e-14)
(-0.00215644 -0.000545782 1.13845e-14)
(-0.00176466 -0.000481669 -9.53592e-15)
(-0.00191599 -0.000462001 2.40357e-15)
(-0.00204219 -0.000437524 -4.4285e-16)
(-0.00206785 -0.000395089 -4.00867e-15)
(-0.00206214 -0.000343982 2.49452e-16)
(-0.00205697 -0.000292602 2.32346e-16)
(-0.00204192 -0.000243525 1.33648e-15)
(-0.00201844 -0.000198427 -2.59304e-15)
(-0.00198838 -0.000158651 2.35619e-15)
(-0.00195401 -0.000125228 5.86617e-15)
(-0.00191742 -9.89618e-05 -7.10756e-17)
(-0.00187972 -7.85611e-05 6.92106e-15)
(-0.00156468 -0.000510585 -1.87367e-14)
(-0.00195217 -0.000469964 -7.83492e-15)
(-0.00159404 -0.000413169 1.39121e-14)
(-0.00173302 -0.000397572 -1.18855e-14)
(-0.00185275 -0.000377088 1.48512e-15)
(-0.00188038 -0.000340397 -4.87111e-17)
(-0.0018784 -0.000296134 9.16376e-17)
(-0.00187712 -0.000251686 8.64629e-16)
(-0.00186711 -0.000208886 3.45062e-16)
(-0.00184944 -0.000169084 7.58351e-16)
(-0.00182567 -0.000133623 -5.57673e-15)
(-0.00179739 -0.000103458 -1.14011e-15)
(-0.00176611 -7.81851e-05 9.67986e-15)
(-0.00173319 -5.86367e-05 -2.97521e-15)
(-0.00140646 -0.000437997 -6.93018e-15)
(-0.00176781 -0.000402893 3.21448e-16)
(-0.00143952 -0.000353116 3.2309e-15)
(-0.00156605 -0.000339651 5.36764e-16)
(-0.00167955 -0.000321749 -4.54366e-15)
(-0.00170865 -0.000290082 2.64446e-15)
(-0.0017098 -0.000252021 1.77964e-15)
(-0.00171158 -0.000213662 -1.59592e-15)
(-0.00170565 -0.000176156 -3.34182e-16)
(-0.00169288 -0.000141024 7.02051e-15)
(-0.00167461 -0.000109491 4.7559e-15)
(-0.00165125 -8.17948e-05 -3.3845e-15)
(-0.00162478 -5.86182e-05 -5.53962e-15)
(-0.00159643 -4.03218e-05 2.30691e-15)
(-0.00124607 -0.00037305 -1.12696e-14)
(-0.00155615 -0.000340959 -3.96236e-15)
(-0.00130641 -0.000299355 8.18584e-16)
(-0.00141206 -0.00028942 -3.54871e-15)
(-0.00151874 -0.00027229 1.47785e-15)
(-0.00154948 -0.000244088 -8.28735e-16)
(-0.00155377 -0.000211596 -1.48122e-15)
(-0.00155779 -0.000178098 -3.49103e-16)
(-0.00155499 -0.000145222 1.50693e-15)
(-0.00154659 -0.000114257 1.80632e-15)
(-0.00153275 -8.61647e-05 1.69302e-15)
(-0.00151436 -6.14336e-05 -1.48563e-15)
(-0.00149291 -4.03692e-05 -5.67864e-15)
(-0.00146846 -2.34854e-05 5.22085e-16)
(-0.00112272 -0.000276254 6.31129e-16)
(-0.00143241 -0.000261559 -3.22502e-15)
(-0.00127402 -0.000242776 3.42441e-15)
(-0.00137146 -0.000227214 8.76691e-16)
(-0.00140373 -0.00020319 -1.84622e-15)
(-0.00141061 -0.000174467 3.07843e-15)
(-0.00141586 -0.000144967 -5.68897e-17)
(-0.00141547 -0.000116194 5.17053e-16)
(-0.0014103 -8.89436e-05 -1.84345e-15)
(-0.0014004 -6.40949e-05 -1.24968e-15)
(-0.00138583 -4.20855e-05 1.73815e-15)
(-0.00136812 -2.33151e-05 5.60602e-15)
(-0.00134827 -7.93065e-06 4.13784e-15)
(-0.00100978 -0.00023411 1.58232e-14)
(-0.00129136 -0.000218418 5.3493e-15)
(-0.00114889 -0.000199006 -1.00805e-14)
(-0.00123923 -0.000187094 2.0794e-16)
(-0.00127125 -0.000166576 1.07343e-15)
(-0.00127952 -0.000140677 -1.9213e-15)
(-0.0012863 -0.000114711 1.25581e-15)
(-0.00128775 -8.94785e-05 3.69681e-17)
(-0.0012851 -6.55074e-05 -3.08764e-15)
(-0.00127777 -4.34897e-05 -1.53202e-15)
(-0.00126644 -2.38828e-05 5.44157e-15)
(-0.00125236 -7.20256e-06 3.25843e-15)
(-0.000907062 -0.000195028 -1.23362e-15)
(-0.00116235 -0.000179795 -3.29101e-15)
(-0.00103534 -0.000161887 9.08167e-15)
(-0.00111928 -0.000151393 -1.14298e-16)
(-0.00114978 -0.000133021 -1.94174e-16)
(-0.00115933 -0.00011022 -8.86631e-16)
(-0.00116754 -8.72577e-05 -2.06252e-16)
(-0.00117071 -6.51352e-05 -8.96016e-16)
(-0.00117003 -4.40031e-05 2.49109e-15)
(-0.00116532 -2.44613e-05 2.38987e-15)
(-0.00115652 -7.01294e-06 -4.36313e-15)
(-0.00114423 8.18559e-06 -7.63442e-15)
(-0.00081293 -0.00015994 -1.12575e-15)
(-0.001045 -0.00014604 1.05697e-14)
(-0.000932192 -0.000129501 -4.93842e-15)
(-0.00100952 -0.000119222 -1.5516e-15)
(-0.00103869 -0.000102744 4.25776e-15)
(-0.00104911 -8.2587e-05 -1.25926e-15)
(-0.00105853 -6.24146e-05 -6.87849e-16)
(-0.00106305 -4.29585e-05 1.40471e-15)
(-0.00106409 -2.42328e-05 1.49841e-15)
(-0.00106122 -6.80777e-06 -4.09103e-15)
(-0.00105461 8.87504e-06 1.56869e-15)
(-0.00104505 2.25982e-05 1.03812e-15)
(-0.000723812 -0.000128565 -1.62648e-16)
(-0.000923122 -0.000114774 1.18885e-15)
(-0.000837562 -0.000100317 -2.76996e-15)
(-0.000908627 -9.15033e-05 1.20148e-15)
(-0.000936167 -7.59689e-05 -2.39117e-15)
(-0.000947643 -5.77136e-05 1.81213e-15)
(-0.000958073 -3.99997e-05 4.25446e-16)
(-0.000963546 -2.27882e-05 -1.15399e-15)
(-0.000965779 -6.20115e-06 -7.59992e-18)
(-0.000964784 9.54348e-06 8.35047e-17)
(-0.000960232 2.36647e-05 -3.42433e-15)
(-0.000952178 3.60012e-05 -9.5982e-16)
(-0.000670829 -8.36932e-05 -3.46418e-15)
(-0.000885203 -7.80674e-05 -3.31708e-16)
(-0.000817059 -6.59387e-05 -1.19957e-15)
(-0.000841502 -5.16569e-05 6.81412e-16)
(-0.000853841 -3.55662e-05 4.86421e-16)
(-0.00086534 -1.96277e-05 -3.53092e-16)
(-0.000871387 -4.38767e-06 -4.76195e-16)
(-0.000874433 1.06838e-05 1.85873e-15)
(-0.000874472 2.48731e-05 -1.42178e-15)
(-0.000871596 3.75907e-05 -1.83368e-15)
(-0.000865982 4.86352e-05 2.46544e-15)
(-0.00060036 -6.30696e-05 7.14874e-15)
(-0.00079487 -5.51454e-05 4.15314e-15)
(-0.000734243 -4.20758e-05 1.24048e-16)
(-0.000756519 -2.98632e-05 -1.41078e-15)
(-0.000769037 -1.58542e-05 -9.15489e-16)
(-0.000780746 -1.32386e-06 -1.92562e-16)
(-0.000786894 1.26725e-05 1.09836e-15)
(-0.000790026 2.63896e-05 -1.59396e-15)
(-0.000791358 3.90609e-05 -1.8489e-15)
(-0.000789892 5.03851e-05 5.20246e-15)
(-0.000785331 6.01044e-05 1.32098e-15)
(-0.000535941 -4.38934e-05 1.94086e-15)
(-0.000712217 -3.48511e-05 -3.60654e-15)
(-0.000658826 -2.1679e-05 9.67117e-16)
(-0.000679676 -1.08074e-05 2.84461e-15)
(-0.000691811 1.87426e-06 -1.76119e-16)
(-0.00070328 1.51785e-05 -8.64186e-16)
(-0.00070947 2.81507e-05 -7.04918e-16)
(-0.000713375 4.03176e-05 1.15487e-15)
(-0.000715347 5.15614e-05 3.18546e-15)
(-0.00071483 6.15898e-05 1.61949e-15)
(-0.000711838 7.01837e-05 2.15823e-15)
(-0.000477534 -2.69527e-05 -1.21876e-15)
(-0.00063674 -1.70642e-05 7.29482e-16)
(-0.000590262 -4.09743e-06 3.22649e-15)
(-0.000609524 6.18215e-06 -3.97073e-15)
(-0.000621065 1.76463e-05 -3.00102e-18)
(-0.000632199 2.99362e-05 4.3564e-16)
(-0.000638748 4.15743e-05 -2.80405e-16)
(-0.000643138 5.24505e-05 -2.02204e-15)
(-0.000646014 6.24445e-05 -4.25993e-16)
(-0.000646575 7.12969e-05 -1.27049e-16)
(-0.000643931 7.91721e-05 -1.95441e-15)
(-0.00042489 -1.21517e-05 2.51013e-15)
(-0.000568242 -1.49398e-06 -2.15204e-15)
(-0.000527499 1.13454e-05 -7.28572e-16)
(-0.000545634 2.10412e-05 2.21687e-15)
(-0.000556499 3.14706e-05 -1.02043e-15)
(-0.000567287 4.26749e-05 6.66411e-16)
(-0.000574028 5.31943e-05 -1.16471e-15)
(-0.000578993 6.30264e-05 1.9901e-15)
(-0.000582346 7.19766e-05 1.33327e-15)
(-0.000583116 8.02774e-05 -4.40846e-15)
(-0.000581446 8.74348e-05 5.27097e-16)
(-0.000377092 7.01179e-07 -1.91207e-15)
(-0.000505869 1.19244e-05 -3.22372e-15)
(-0.000470794 2.45536e-05 -2.27015e-15)
(-0.000487522 3.36582e-05 -1.12374e-15)
(-0.000497755 4.34312e-05 7.82515e-16)
(-0.000508075 5.37091e-05 3.5829e-16)
(-0.000514934 6.33504e-05 1.40433e-15)
(-0.000520072 7.22381e-05 -1.03562e-15)
(-0.000523521 8.07191e-05 -2.55659e-15)
(-0.000524877 8.83305e-05 1.43333e-15)
(-0.000334275 1.18659e-05 -8.31709e-15)
(-0.000449689 2.39801e-05 1.52634e-15)
(-0.00041924 3.57046e-05 4.42242e-15)
(-0.000434638 4.4106e-05 -3.5218e-16)
(-0.000444124 5.34515e-05 -1.04559e-15)
(-0.000454189 6.3198e-05 3.83905e-16)
(-0.000461112 7.2002e-05 2.26404e-16)
(-0.000466157 8.02949e-05 -3.81161e-16)
(-0.000469619 8.81314e-05 5.77191e-16)
(-0.000471351 9.50452e-05 1.80795e-15)
(-0.000336906 3.44057e-05 1.43839e-15)
(-0.000417683 4.47654e-05 -8.9616e-16)
(-0.000386276 5.33875e-05 -7.21849e-16)
(-0.000394508 6.20943e-05 -2.48788e-16)
(-0.0004044 7.12526e-05 3.47018e-16)
(-0.000411426 7.94464e-05 -7.67193e-16)
(-0.000416356 8.72284e-05 -4.31823e-16)
(-0.00042002 9.43619e-05 5.85655e-16)
(-0.000422178 0.00010071 -1.46122e-15)
(-0.000298017 4.13102e-05 -1.20109e-15)
(-0.000370139 5.28569e-05 -1.57066e-15)
(-0.000342834 6.14279e-05 1.16383e-15)
(-0.000350093 6.94331e-05 3.19702e-17)
(-0.000359451 7.78694e-05 -1.17987e-15)
(-0.000366238 8.57235e-05 -9.04666e-17)
(-0.000371052 9.30403e-05 1.55095e-15)
(-0.000374643 9.97295e-05 4.03121e-16)
(-0.000377233 0.00010549 6.89363e-16)
(-0.000262874 4.75198e-05 1.74148e-16)
(-0.000327409 5.93398e-05 1.24418e-15)
(-0.000303495 6.77593e-05 1.08486e-16)
(-0.000310246 7.52448e-05 -5.73127e-16)
(-0.00031892 8.32747e-05 2.67318e-17)
(-0.000325323 9.07853e-05 -5.49773e-16)
(-0.000329974 9.77567e-05 -4.92549e-18)
(-0.000333746 0.000104015 1.56939e-15)
(-0.000336432 0.000109373 9.74599e-17)
(-0.000231144 5.24858e-05 -4.84279e-15)
(-0.000288659 6.45433e-05 -2.60975e-16)
(-0.000268046 7.26987e-05 7.0929e-16)
(-0.000274138 7.9898e-05 -5.62989e-16)
(-0.000282095 8.75923e-05 9.25384e-17)
(-0.000288214 9.47436e-05 3.79073e-16)
(-0.000292915 0.000101344 4.14867e-16)
(-0.000296693 0.000107266 -4.30628e-16)
(-0.000299479 0.000112423 3.40345e-16)
(-0.000202801 5.63958e-05 -4.01686e-15)
(-0.000253831 6.85667e-05 -2.54035e-16)
(-0.000235853 7.65175e-05 6.35044e-16)
(-0.000241509 8.34188e-05 -3.957e-16)
(-0.000248878 9.0786e-05 -2.46178e-16)
(-0.000254694 9.7586e-05 -4.36003e-16)
(-0.000259237 0.000103946 -8.32526e-16)
(-0.000262979 0.000109729 5.84234e-16)
(-0.000265752 0.000114673 9.09382e-16)
(-0.000177331 5.93265e-05 4.09183e-15)
(-0.00022245 7.16415e-05 9.22099e-16)
(-0.000207083 7.93055e-05 -5.30803e-16)
(-0.000212208 8.59548e-05 7.01276e-16)
(-0.000218967 9.30221e-05 -2.03005e-16)
(-0.000224387 9.96322e-05 8.99518e-17)
(-0.000228672 0.000105786 -6.46352e-17)
(-0.000232418 0.000111485 -7.92131e-16)
(-0.00015465 6.14238e-05 6.55896e-17)
(-0.000194369 7.36989e-05 3.11131e-16)
(-0.000181145 8.12056e-05 1.38024e-15)
(-0.000185896 8.76152e-05 -1.2278e-15)
(-0.000192033 9.45462e-05 2.64248e-16)
(-0.000197041 0.000100923 -3.14978e-16)
(-0.000201059 0.000106989 -6.95714e-16)
(-0.000204582 0.000112576 3.58249e-16)
(-0.000134377 6.27693e-05 4.14329e-16)
(-0.000169223 7.52246e-05 -2.50856e-16)
(-0.000158024 8.23498e-05 1.38143e-16)
(-0.000162213 8.85004e-05 -5.71793e-17)
(-0.000167838 9.53335e-05 5.42054e-16)
(-0.000172434 0.000101671 5.37701e-16)
(-0.000176096 0.000107651 -2.4443e-16)
(-0.000179439 0.000113153 -2.00485e-16)
(-0.000134212 7.56837e-05 -2.56265e-15)
(-0.000149458 8.31419e-05 -9.48227e-16)
(-0.000141175 8.88886e-05 -2.91214e-16)
(-0.000145916 9.55399e-05 7.48122e-17)
(-0.000150166 0.000101799 3.34164e-16)
(-0.000153696 0.00010763 6.82815e-16)
(-0.000156809 0.000113095 -6.22966e-16)
(-0.000113467 7.57922e-05 -1.00304e-15)
(-0.000128465 8.33142e-05 -7.64837e-16)
(-0.000122232 8.89837e-05 3.35037e-16)
(-0.000126475 9.54292e-05 4.25441e-16)
(-0.000130377 0.00010148 -3.1253e-16)
(-0.000133593 0.000107279 -6.44865e-16)
(-0.000136512 0.000112699 1.26419e-16)
(-9.78454e-05 7.53796e-05 -1.18643e-15)
(-0.000110987 8.27295e-05 -2.36617e-16)
(-0.000105807 8.82367e-05 1.91957e-16)
(-0.000109455 9.44867e-05 1.57683e-16)
(-0.000112845 0.000100399 3.48791e-17)
(-0.000115773 0.000106088 -1.23789e-15)
(-0.000118436 0.000111421 9.3442e-16)
(-8.80336e-05 7.62603e-05 -8.36586e-17)
(-0.000100577 8.41106e-05 9.19135e-16)
(-9.63478e-05 9.0158e-05 -2.55028e-16)
(-0.000100338 9.70233e-05 -2.01275e-16)
(-0.000104138 0.000103566 1.93931e-17)
(-0.00010701 0.000109526 -1.42839e-16)
(-0.000110127 0.000115557 -3.59957e-16)
(-7.87315e-05 7.55528e-05 -1.71935e-15)
(-8.8865e-05 8.31037e-05 3.72989e-17)
(-8.63311e-05 8.88228e-05 2.19094e-17)
(-9.0043e-05 9.53866e-05 -3.90361e-17)
(-9.36468e-05 0.000101645 -3.75865e-16)
(-9.60102e-05 0.000106769 1.3802e-16)
(-6.98887e-05 7.47831e-05 -1.27508e-16)
(-7.77642e-05 8.20906e-05 -3.89594e-17)
(-7.65375e-05 8.76331e-05 -6.23401e-17)
(-7.98089e-05 9.40775e-05 2.06645e-16)
(-8.30209e-05 0.000100283 -2.09287e-16)
(-8.46444e-05 0.000104766 -8.3094e-16)
(-6.17609e-05 7.36529e-05 7.19326e-16)
(-6.79879e-05 8.07062e-05 1.43258e-16)
(-6.76812e-05 8.59548e-05 -3.00245e-16)
(-7.05389e-05 9.2244e-05 4.79821e-17)
(-7.33113e-05 9.82536e-05 2.777e-16)
(-7.42312e-05 0.000102076 6.71401e-17)
(-5.45684e-05 7.25157e-05 1.01648e-15)
(-5.94587e-05 7.9424e-05 4.96181e-16)
(-5.99757e-05 8.45942e-05 -1.69258e-16)
(-6.26314e-05 9.09402e-05 -9.51818e-17)
(-6.51263e-05 9.70156e-05 -3.65321e-16)
(-6.56532e-05 0.000100501 -3.49894e-17)
(-4.77741e-05 7.06981e-05 3.20403e-16)
(-5.15325e-05 7.71688e-05 -3.6388e-16)
(-5.2484e-05 8.18666e-05 2.17543e-16)
(-5.47901e-05 8.77643e-05 1.14702e-16)
(-5.69612e-05 9.33929e-05 2.51015e-16)
(-5.71273e-05 9.61163e-05 3.43713e-16)
(-4.2827e-05 7.01915e-05 -7.48528e-16)
(-4.60336e-05 7.68988e-05 9.77422e-17)
(-4.74344e-05 8.19076e-05 2.34507e-16)
(-4.97991e-05 8.83797e-05 -1.81772e-16)
(-5.192e-05 9.45407e-05 -2.46915e-16)
(-5.20304e-05 9.73719e-05 7.86324e-17)
(-4.10231e-05 7.16275e-05 4.42665e-20)
(-4.08259e-05 7.55296e-05 4.38383e-17)
(-4.18074e-05 8.06713e-05 6.83775e-17)
(-4.37059e-05 8.56828e-05 2.15333e-16)
(-4.36646e-05 8.73755e-05 3.57758e-17)
(-3.85005e-05 7.72657e-05 1.23678e-16)
(-4.00552e-05 8.25503e-05 2.32121e-16)
(-4.24199e-05 8.95134e-05 5.82371e-17)
(-4.44852e-05 9.59974e-05 -9.27588e-17)
(-4.47037e-05 9.8588e-05 -1.23009e-16)
(-2.7159e-05 6.06947e-05 -1.23483e-16)
(-2.83217e-05 6.32759e-05 1.02283e-16)
(-2.98342e-05 6.68701e-05 2.92174e-17)
(-3.15883e-05 7.08738e-05 1.06077e-16)
(-3.15027e-05 7.15205e-05 1.82104e-16)
(-3.77271e-05 8.67897e-05 1.27038e-16)
(-3.91529e-05 9.29276e-05 -1.22825e-16)
(-4.19242e-05 0.000101445 7.12482e-17)
(-4.42124e-05 0.000108681 8.20954e-17)
(-1.32294e-05 3.68053e-05 -6.72436e-17)
(-1.46133e-05 3.78523e-05 1.07556e-16)
(-1.53804e-05 3.88572e-05 -1.07124e-16)
(-1.67614e-05 4.19817e-05 1.32069e-16)
(-5.06087e-05 0.000117935 -2.60388e-16)
(-5.29166e-05 0.000125167 8.68322e-17)
(-5.77526e-05 0.00013683 -4.46641e-17)
(-6.46797e-05 0.000149737 2.38485e-16)
)
;

boundaryField
{
    inlet
    {
        type            calculated;
        value           nonuniform List<vector> 4((0.00248916 0.347173 -2.71293e-16) (-0.00243267 0.360469 8.85188e-17) (0.00680163 0.379896 -7.66556e-17) (0.0168427 0.409084 1.74655e-16));
    }
    outlet
    {
        type            calculated;
        value           nonuniform List<vector> 0();
    }
    walls
    {
        type            calculated;
        value           nonuniform List<vector> 
42
(
(295.262 -6.88557 -7.04783e-15)
(359.581 -29.5771 2.44074e-14)
(408.458 -76.4027 -4.35095e-14)
(447.157 -125.593 1.71098e-14)
(465.901 -171.679 1.11228e-13)
(469.567 -223.11 -1.80875e-13)
(456.105 -264.685 1.08303e-13)
(425.245 -292.831 -9.96199e-14)
(385.704 -311.75 -2.92724e-13)
(339.461 -316.492 3.44847e-13)
(290.674 -310.079 1.53472e-13)
(243.507 -295.536 -2.22053e-13)
(200.457 -275.864 -3.20591e-13)
(162.637 -253.733 -3.8202e-14)
(130.183 -230.782 -1.38817e-13)
(102.406 -206.985 -3.11161e-13)
(78.8722 -183.3 -1.51889e-13)
(58.5672 -157.821 8.11971e-13)
(41.5383 -131.786 4.37936e-13)
(27.4712 -104.266 -5.9962e-13)
(16.6266 -77.3917 1.02166e-13)
(9.08759 -53.1711 1.53465e-13)
(4.66581 -35.9431 -6.5523e-14)
(2.20322 -23.4816 -1.52874e-13)
(0.888233 -13.8223 3.61867e-14)
(0.301218 -8.09935 -2.3044e-15)
(0.0614699 -4.66839 4.15711e-14)
(-0.0261208 -3.13143 -1.65128e-14)
(-0.0739979 -2.56229 4.39741e-14)
(-0.110161 -2.30672 1.54849e-13)
(-0.145091 -2.19814 3.05787e-14)
(-0.184411 -2.07745 -1.29054e-13)
(-0.198228 -1.86753 -7.10858e-15)
(-0.194747 -1.59778 -2.15699e-13)
(-0.175395 -1.29669 -2.84067e-13)
(246.368 18.7769 -1.00805e-14)
(175.524 23.3081 2.75898e-14)
(118.271 28.2208 -2.15814e-15)
(59.9761 20.7833 3.79385e-14)
(15.8383 7.23811 -3.27111e-14)
(-10.0114 -6.19337 -9.3786e-14)
(-19.1622 -14.8875 -1.04675e-13)
)
;
    }
    frontAndBack
    {
        type            empty;
    }
    procBoundary5to0
    {
        type            processor;
        value           nonuniform List<vector> 4((-0.00137742 -0.0737286 -2.95117e-15) (0.00332888 -0.0704164 -2.40716e-14) (0.00736116 -0.0643045 1.50788e-14) (0.0110258 -0.0551284 4.42794e-14));
    }
    procBoundary5to1
    {
        type            processor;
        value           nonuniform List<vector> 
13
(
(0.00175904 0.00465224 2.96671e-14)
(0.0316993 -0.0316927 1.10309e-13)
(0.0316993 -0.0316927 1.10309e-13)
(0.032149 -0.0361771 1.37398e-14)
(0.036704 -0.0598589 7.34698e-14)
(0.036704 -0.0598589 7.34698e-14)
(0.0324578 -0.0551911 -6.83431e-14)
(0.0285306 -0.0661237 4.77823e-15)
(0.0285306 -0.0661237 4.77823e-15)
(0.0245317 -0.0587284 7.35122e-15)
(0.0212894 -0.0521575 3.17438e-15)
(0.0163734 -0.0551012 9.72499e-14)
(0.0163734 -0.0551012 9.72499e-14)
)
;
    }
    procBoundary5to4
    {
        type            processor;
        value           nonuniform List<vector> 
95
(
(-0.00653335 -0.0759886 1.77389e-16)
(-0.0109128 -0.0699706 -1.66948e-15)
(-0.0171627 -0.0694004 -1.52265e-15)
(-0.0171627 -0.0694004 -1.52265e-15)
(-0.0188059 -0.059269 5.46931e-15)
(-0.0223771 -0.0566862 6.86155e-15)
(-0.0223771 -0.0566862 6.86155e-15)
(-0.0233991 -0.049077 -5.41081e-16)
(-0.0259085 -0.0468173 4.55479e-14)
(-0.0259085 -0.0468173 4.55479e-14)
(-0.0249281 -0.0395595 -6.63698e-15)
(-0.0249281 -0.0395595 -6.63698e-15)
(-0.0238566 -0.0336839 8.42874e-14)
(-0.0238566 -0.0336839 8.42874e-14)
(-0.0214064 -0.0302916 -4.44878e-15)
(-0.0200549 -0.0256279 -7.43798e-15)
(-0.0200549 -0.0256279 -7.43798e-15)
(-0.0186397 -0.0216401 -3.35226e-14)
(-0.0186397 -0.0216401 -3.35226e-14)
(-0.0168767 -0.0195476 -1.34801e-14)
(-0.015628 -0.0165175 -1.17259e-14)
(-0.015628 -0.0165175 -1.17259e-14)
(-0.0141978 -0.0149231 3.93986e-14)
(-0.013021 -0.0125188 6.06593e-14)
(-0.013021 -0.0125188 6.06593e-14)
(-0.0118537 -0.0113002 2.25204e-14)
(-0.0108309 -0.00943041 6.74509e-16)
(-0.0108309 -0.00943041 6.74509e-16)
(-0.00987248 -0.00849779 -5.70883e-14)
(-0.00899193 -0.00763925 1.02834e-13)
(-0.00816131 -0.00631484 -4.60798e-14)
(-0.00816131 -0.00631484 -4.60798e-14)
(-0.00743013 -0.00566502 3.76235e-14)
(-0.00675785 -0.00507032 -1.08485e-14)
(-0.00608905 -0.00413981 -6.81286e-15)
(-0.00608905 -0.00413981 -6.81286e-15)
(-0.00553307 -0.00369631 7.62146e-15)
(-0.00502236 -0.0032927 -1.04139e-14)
(-0.00449156 -0.0026531 3.352e-14)
(-0.00449156 -0.0026531 3.352e-14)
(-0.00407192 -0.00235703 -4.10223e-14)
(-0.00368783 -0.00208858 3.98017e-14)
(-0.00327634 -0.00165862 -1.927e-14)
(-0.00327634 -0.00165862 -1.927e-14)
(-0.00296402 -0.00146434 3.00622e-14)
(-0.00267997 -0.00128893 -3.19501e-15)
(-0.00242119 -0.00113115 -3.41397e-14)
(-0.00218426 -0.000989376 -1.85759e-15)
(-0.00193314 -0.000767918 1.40851e-14)
(-0.00193314 -0.000767918 1.40851e-14)
(-0.00174151 -0.000666784 1.08731e-14)
(-0.00156815 -0.000576431 -3.71944e-15)
(-0.00141041 -0.000496012 1.88878e-15)
(-0.00126647 -0.000425038 1.19336e-14)
(-0.00112238 -0.000317237 4.51808e-15)
(-0.00112238 -0.000317237 4.51808e-15)
(-0.00100661 -0.000267876 -3.56324e-15)
(-0.000902237 -0.000224261 1.1354e-14)
(-0.00080772 -0.00018575 9.08166e-15)
(-0.00072202 -0.000151751 5.1068e-15)
(-0.000648793 -0.000101369 -6.95651e-15)
(-0.000648793 -0.000101369 -6.95651e-15)
(-0.000579208 -7.78907e-05 -6.67522e-15)
(-0.000516669 -5.73056e-05 -8.84328e-16)
(-0.000460073 -3.93032e-05 -3.93692e-15)
(-0.00040906 -2.37323e-05 4.20919e-15)
(-0.000362931 -1.01532e-05 -7.67519e-15)
(-0.000321313 1.41908e-06 -8.30606e-16)
(-0.000295938 2.11142e-05 -2.43268e-16)
(-0.000295938 2.11142e-05 -2.43268e-16)
(-0.00026086 2.85018e-05 -1.4949e-15)
(-0.000229595 3.46103e-05 -3.56774e-16)
(-0.000201529 3.95788e-05 4.91133e-15)
(-0.000176478 4.34712e-05 -1.09565e-15)
(-0.000154055 4.65005e-05 -1.86368e-15)
(-0.00013412 4.86544e-05 4.63543e-15)
(-0.00011635 5.01085e-05 -8.75495e-16)
(-0.000116449 6.35843e-05 -8.55395e-16)
(-0.000116449 6.35843e-05 -8.55395e-16)
(-0.000100265 6.39485e-05 -1.33458e-15)
(-8.62371e-05 6.37329e-05 -1.08954e-15)
(-7.68327e-05 6.41699e-05 2.46718e-16)
(-6.86657e-05 6.38341e-05 -1.15775e-15)
(-6.10407e-05 6.33313e-05 2.34995e-15)
(-5.40495e-05 6.2548e-05 -3.82613e-16)
(-4.77178e-05 6.16292e-05 3.58454e-16)
(-4.18997e-05 6.03263e-05 -6.07127e-16)
(-3.73555e-05 5.96819e-05 -7.39498e-16)
(-3.62518e-05 6.60392e-05 2.51938e-16)
(-3.62518e-05 6.60392e-05 2.51938e-16)
(-3.59466e-05 7.01811e-05 8.59476e-16)
(-2.54496e-05 5.66207e-05 2.00849e-16)
(-3.5221e-05 7.85511e-05 -3.75914e-16)
(-1.17812e-05 3.4792e-05 1.70114e-17)
(-4.72632e-05 0.000106948 -1.54606e-16)
)
;
    }
    procBoundary5to6
    {
        type            processor;
        value           nonuniform List<vector> 
86
(
(0.0262442 -0.00492404 1.16138e-13)
(0.0477503 -0.00733285 -3.9427e-14)
(0.0514191 -0.0086 -3.65593e-14)
(0.0545511 -0.00911285 -1.16916e-13)
(0.0543519 -0.00803114 1.18946e-13)
(0.0115757 -0.00187443 7.41813e-14)
(-0.0565471 0.00980538 -1.03359e-13)
(-0.0134632 -0.000459559 7.12374e-14)
(-0.0011532 -0.00531968 -8.33409e-14)
(-0.00641462 1.12884e-05 3.06876e-14)
(-0.00869955 -0.000502391 -2.03597e-14)
(-0.0108049 -0.000310238 5.98756e-14)
(-0.0102733 -0.000466009 -5.61535e-14)
(-0.0091854 -0.000554944 4.08252e-14)
(-0.00847318 -0.000593881 3.85239e-15)
(-0.00810685 -0.000612554 -6.65605e-14)
(-0.00782279 -0.000631675 1.19899e-14)
(-0.00750078 -0.000645367 1.64047e-14)
(-0.00715005 -0.000648937 9.13676e-15)
(-0.00679913 -0.000642554 -7.03565e-15)
(-0.00646346 -0.000630267 -1.26259e-14)
(-0.00614095 -0.000613735 -1.59552e-14)
(-0.00583158 -0.000593479 3.97366e-14)
(-0.0055323 -0.000569903 -9.40725e-15)
(-0.00524515 -0.000542693 -1.58473e-14)
(-0.00496657 -0.000513039 1.09485e-14)
(-0.0046969 -0.000480774 -8.57529e-15)
(-0.00443373 -0.000446388 -3.36544e-15)
(-0.00418073 -0.000408691 8.40276e-15)
(-0.00393746 -0.000374009 1.56591e-15)
(-0.0037021 -0.000337139 -1.22447e-14)
(-0.00347686 -0.000305444 2.87986e-15)
(-0.00325696 -0.000270634 2.95664e-15)
(-0.00308627 -0.000225281 -1.97187e-14)
(-0.00308627 -0.000225281 -1.97187e-14)
(-0.00288571 -0.000202537 5.08323e-16)
(-0.00268898 -0.000178035 1.21962e-14)
(-0.00250325 -0.000152482 -2.57819e-15)
(-0.00232548 -0.000128952 -6.77309e-15)
(-0.00215927 -0.000106441 5.88629e-15)
(-0.00199878 -8.52571e-05 4.73224e-15)
(-0.00184754 -6.42771e-05 -2.57509e-15)
(-0.00170348 -4.48986e-05 -2.10118e-15)
(-0.00157015 -2.64147e-05 -5.32931e-15)
(-0.00144491 -1.09168e-05 1.45851e-14)
(-0.00132747 4.43654e-06 3.09353e-15)
(-0.00123428 6.89477e-06 -3.78501e-15)
(-0.00123428 6.89477e-06 -3.78501e-15)
(-0.00113129 2.08332e-05 -5.49725e-15)
(-0.0010332 3.39363e-05 -4.31485e-15)
(-0.000942633 4.6351e-05 3.83443e-15)
(-0.000857902 5.76407e-05 -3.49326e-15)
(-0.000779352 6.81254e-05 -1.36098e-15)
(-0.000706846 7.73022e-05 2.53537e-15)
(-0.000639812 8.56618e-05 5.41017e-15)
(-0.000578221 9.31316e-05 -1.00294e-15)
(-0.000523574 9.47158e-05 5.26872e-16)
(-0.000523574 9.47158e-05 5.26872e-16)
(-0.000473009 0.000100873 -1.97721e-15)
(-0.000424295 0.000105779 6.00143e-17)
(-0.000379865 0.000110165 3.18182e-15)
(-0.000339412 0.00011381 1.04239e-15)
(-0.000302335 0.00011661 -1.36159e-16)
(-0.000268693 0.000118638 -2.1926e-15)
(-0.000235087 0.000116359 -9.42761e-16)
(-0.000235087 0.000116359 -9.42761e-16)
(-0.000209123 0.000117454 5.58905e-16)
(-0.000183478 0.000118033 1.22425e-15)
(-0.000160561 0.000117909 -2.15051e-16)
(-0.000140279 0.000117533 -9.88224e-16)
(-0.000122004 0.000116233 1.04564e-15)
(-0.000114274 0.000120842 -1.03159e-15)
(-9.89249e-05 0.000112701 5.56973e-16)
(-9.89249e-05 0.000112701 5.56973e-16)
(-8.89834e-05 0.000110893 1.3343e-16)
(-7.7734e-05 0.000108192 -2.57559e-16)
(-6.86927e-05 0.000106881 8.99744e-16)
(-5.96769e-05 0.000102038 -4.90672e-17)
(-5.45042e-05 0.000104135 2.3657e-16)
(-4.55222e-05 9.25673e-05 -5.19069e-16)
(-4.74576e-05 0.000106477 2.784e-16)
(-3.29143e-05 7.48835e-05 -1.21548e-15)
(-4.4697e-05 0.000111345 -1.68518e-16)
(-4.4697e-05 0.000111345 -1.68518e-16)
(-1.73677e-05 4.12939e-05 2.82901e-16)
(-6.6564e-05 0.000146585 1.43273e-17)
)
;
    }
}


// ************************************************************************* //
