/*--------------------------------*- C++ -*----------------------------------*\
| =========                 |                                                 |
| \\      /  F ield         | OpenFOAM: The Open Source CFD Toolbox           |
|  \\    /   O peration     | Version:  2306                                  |
|   \\  /    A nd           | Website:  www.openfoam.com                      |
|    \\/     M anipulation  |                                                 |
\*---------------------------------------------------------------------------*/
FoamFile
{
    version     2.0;
    format      ascii;
    arch        "LSB;label=32;scalar=64";
    class       volVectorField;
    location    "75";
    object      momentError;
}
// * * * * * * * * * * * * * * * * * * * * * * * * * * * * * * * * * * * * * //

dimensions      [0 1 -2 0 0 0 0];

internalField   nonuniform List<vector> 
1340
(
(-0.00769557 0.0731591 -2.95859e-16)
(-0.0161698 0.0435505 -9.36738e-17)
(-0.00584889 0.071004 -3.05808e-16)
(-0.0179279 0.055393 1.81222e-15)
(-0.0162722 0.0435529 -7.72584e-17)
(-0.00276487 0.0683501 4.83791e-16)
(-0.0229605 0.0545402 -5.22342e-16)
(-0.0155997 0.0537154 1.88915e-15)
(-0.015402 0.0431645 2.55167e-16)
(-0.000131063 0.0658208 -7.54459e-16)
(-0.0277238 0.0557797 -1.23123e-15)
(-0.0229516 0.053463 -9.59227e-16)
(-0.0202833 0.0533844 -7.04537e-16)
(-0.0131634 0.0519097 -6.55687e-16)
(-0.0138502 0.0424473 -2.49498e-16)
(0.00177165 0.0635014 -4.2829e-16)
(-0.0327321 0.0548081 -4.03399e-16)
(-0.0282895 0.0543087 3.53528e-17)
(-0.0245768 0.0550555 -2.95211e-15)
(-0.0198394 0.0523084 -1.47647e-15)
(-0.0172242 0.0520935 7.74784e-16)
(-0.010542 0.0500029 -7.58366e-16)
(-0.0117712 0.0414192 -6.84654e-16)
(0.00349089 0.0612295 1.05885e-15)
(-0.0454458 0.0536569 -2.23601e-15)
(-0.0399422 0.054755 -2.87694e-15)
(-0.0348273 0.054932 -1.78419e-15)
(-0.0300769 0.0553 -1.77681e-17)
(-0.0253059 0.0541746 -1.01858e-16)
(-0.0212923 0.0544313 1.18785e-15)
(-0.0164848 0.0511518 4.82893e-16)
(-0.0138581 0.050717 -1.34579e-16)
(-0.00753957 0.0479994 3.71752e-16)
(-0.00926919 0.0401211 2.6137e-17)
(0.00545874 0.0588822 -2.54887e-16)
(-0.0613184 0.0489468 -5.82176e-16)
(-0.0560683 0.0534795 8.63425e-16)
(-0.0500057 0.0548637 2.50374e-16)
(-0.0438225 0.0559598 -2.74979e-16)
(-0.0380393 0.0566267 -1.0242e-15)
(-0.0326142 0.0562956 -1.77894e-15)
(-0.0275156 0.0560845 -3.56185e-16)
(-0.0224292 0.0543087 9.42219e-17)
(-0.0180796 0.0540043 1.22119e-15)
(-0.013126 0.0501418 2.59794e-16)
(-0.0103381 0.0493903 -6.30179e-16)
(-0.00426343 0.0459662 6.40402e-16)
(-0.00642583 0.0386059 4.14988e-16)
(0.00770573 0.0564225 3.56884e-16)
(-0.0876547 0.0321051 -7.71702e-16)
(-0.0810775 0.0384439 2.04595e-16)
(-0.0743176 0.0439412 9.23615e-17)
(-0.0673362 0.048726 -7.50286e-17)
(-0.0606244 0.0523639 -3.21337e-16)
(-0.0549822 0.0567036 1.50968e-15)
(-0.0486635 0.0577734 1.83805e-16)
(-0.042261 0.0584917 6.13874e-16)
(-0.0362413 0.058767 -1.07776e-16)
(-0.0305633 0.0579631 7.92226e-16)
(-0.0252016 0.057197 3.32926e-16)
(-0.0198367 0.0547913 -1.09051e-16)
(-0.015155 0.0538935 -8.37803e-16)
(-0.0100029 0.0493997 -2.12602e-16)
(-0.00699067 0.0482622 3.26515e-16)
(-0.00101862 0.0440462 -3.89312e-16)
(-0.00343195 0.0369721 1.25065e-16)
(0.0100289 0.0538725 9.51143e-17)
(-0.119707 -0.000453157 -7.48874e-16)
(-0.114964 0.0080572 -1.56003e-16)
(-0.10939 0.0161275 1.09341e-16)
(-0.10329 0.0237776 1.06964e-15)
(-0.0965904 0.0309453 -9.701e-17)
(-0.0895165 0.0375986 -6.08743e-16)
(-0.0821664 0.0435308 1.1613e-15)
(-0.074702 0.0486381 3.83277e-16)
(-0.0670799 0.0529305 7.32576e-17)
(-0.0598477 0.0560733 2.14975e-16)
(-0.0537569 0.0601866 -3.45862e-16)
(-0.0471913 0.0608902 -4.92763e-17)
(-0.0405938 0.0612242 -1.26919e-15)
(-0.0344061 0.0611105 -1.7719e-16)
(-0.0285887 0.0598728 1.61776e-16)
(-0.0230689 0.0586052 -3.05345e-16)
(-0.0175397 0.0556191 4.41829e-17)
(-0.0126229 0.0541357 -2.7292e-16)
(-0.00731813 0.0490244 -8.59024e-17)
(-0.00406078 0.047465 2.99848e-17)
(0.00188515 0.0423968 -5.09734e-16)
(-0.00056211 0.0353492 -1.29738e-16)
(0.0122347 0.0513007 -5.60792e-16)
(-0.143762 -0.0610645 9.22727e-17)
(-0.143427 -0.0530357 -1.56224e-16)
(-0.142014 -0.0440141 3.97958e-17)
(-0.140021 -0.0344604 -1.18337e-16)
(-0.137503 -0.0246077 -4.95156e-16)
(-0.134348 -0.0148001 1.62035e-16)
(-0.130398 -0.00496844 1.16323e-16)
(-0.125571 0.00453414 -8.18808e-16)
(-0.120022 0.0135543 -1.98425e-16)
(-0.113679 0.0220875 -2.40161e-16)
(-0.106737 0.0299076 -3.23521e-16)
(-0.0991814 0.0371148 -2.9202e-17)
(-0.0912613 0.0435326 8.47547e-16)
(-0.0830544 0.0491185 4.58795e-16)
(-0.0748107 0.0537165 -1.48884e-16)
(-0.066508 0.0574935 1.92659e-16)
(-0.0587003 0.0600794 1.86223e-17)
(-0.0521325 0.0638862 -6.83715e-17)
(-0.0453099 0.0641632 -2.65181e-17)
(-0.0385569 0.06406 7.19342e-16)
(-0.0322799 0.0635442 7.79348e-16)
(-0.0264273 0.0619024 2.68521e-17)
(-0.0209029 0.0601914 3.12901e-16)
(-0.0153804 0.0567023 -5.04836e-17)
(-0.0103896 0.0546898 6.03839e-16)
(-0.00506493 0.0490142 3.52544e-16)
(-0.00165284 0.0470501 7.05747e-17)
(0.00425335 0.0411252 1.09049e-16)
(0.00194406 0.0338645 8.16008e-16)
(0.0141781 0.0487418 1.81705e-16)
(-0.106835 -0.124328 -3.6769e-17)
(-0.111928 -0.126404 -1.10223e-17)
(-0.117042 -0.12584 1.44074e-18)
(-0.122813 -0.123405 -1.84159e-17)
(-0.129972 -0.120284 -4.32111e-18)
(-0.138884 -0.11722 5.82403e-17)
(-0.14839 -0.113998 1.04896e-17)
(-0.155602 -0.109554 2.85773e-17)
(-0.157954 -0.102494 3.66895e-18)
(-0.156257 -0.0928095 -1.33068e-16)
(-0.154101 -0.0820492 -5.66327e-17)
(-0.154108 -0.0717656 -1.78216e-16)
(-0.15556 -0.0622614 -1.44422e-16)
(-0.156401 -0.0529729 -2.60508e-16)
(-0.155329 -0.0430186 1.15374e-16)
(-0.152723 -0.032304 -2.67298e-16)
(-0.148984 -0.0213806 -2.90447e-17)
(-0.1446 -0.0104795 3.60914e-16)
(-0.139261 0.00016972 -1.06343e-16)
(-0.133295 0.0103582 4.64639e-16)
(-0.126346 0.0199282 -5.93826e-17)
(-0.118835 0.0287969 -1.55582e-17)
(-0.110604 0.0368011 1.12258e-16)
(-0.101933 0.0439445 5.86871e-17)
(-0.0929038 0.0501278 -3.2187e-16)
(-0.0837133 0.0552616 -5.59958e-16)
(-0.0745768 0.0593358 1.10854e-16)
(-0.0654769 0.0624772 -3.47695e-16)
(-0.0570581 0.0644007 -1.06531e-16)
(-0.0499461 0.0678308 1.10087e-17)
(-0.0428453 0.067583 2.02567e-17)
(-0.0359487 0.0669579 5.79176e-16)
(-0.0296345 0.0659866 -2.26119e-16)
(-0.0238395 0.0639306 3.32474e-16)
(-0.0184448 0.0618101 -4.25912e-16)
(-0.0131069 0.057896 1.31448e-16)
(-0.00825019 0.0554304 -4.00114e-16)
(-0.00310647 0.0492853 5.6574e-16)
(0.000291472 0.0469839 5.49601e-16)
(0.00604619 0.0402732 -1.38698e-17)
(0.00394321 0.0326316 -1.36119e-16)
(0.0157981 0.046304 3.40951e-17)
(-0.928643 0.191176 -1.95896e-17)
(-0.297775 0.084325 1.79679e-17)
(0.338104 -0.0204813 -4.0029e-17)
(0.607115 -0.120507 -7.33514e-18)
(0.628678 -0.199536 3.43024e-17)
(0.437952 -0.258284 -1.74772e-17)
(0.0811181 -0.305963 -5.33374e-17)
(-0.367122 -0.345949 1.03883e-17)
(-0.823436 -0.376603 2.04922e-17)
(-1.21459 -0.396521 -4.98313e-17)
(-1.48592 -0.405521 -4.42866e-17)
(-1.60259 -0.402804 -1.00912e-17)
(-1.54848 -0.385526 -2.27325e-17)
(-1.32427 -0.350477 6.16089e-17)
(-0.946877 -0.296091 7.39633e-17)
(-0.449003 -0.224197 -9.81679e-17)
(0.11984 -0.140412 -1.84474e-16)
(0.692838 -0.0535977 -3.35232e-17)
(1.18833 0.0259472 3.91329e-17)
(1.52513 0.0864966 -2.81948e-17)
(1.66373 0.118162 3.16294e-17)
(1.61894 0.118515 -7.0517e-17)
(1.42522 0.0904271 1.55832e-16)
(1.08769 0.0360361 -1.2548e-16)
(0.612394 -0.0371245 -1.99167e-16)
(0.149454 -0.106554 -2.47789e-17)
(-0.101612 -0.15059 -2.09872e-18)
(-0.15053 -0.168769 -9.76924e-17)
(-0.126873 -0.173304 -8.45372e-18)
(-0.103468 -0.172531 -3.98209e-17)
(-0.0913258 -0.169802 2.10335e-17)
(-0.0867177 -0.16704 1.78229e-16)
(-0.0871105 -0.165718 1.68394e-17)
(-0.0914748 -0.166092 8.72483e-17)
(-0.0984263 -0.167614 -3.94745e-17)
(-0.107049 -0.169464 2.42705e-17)
(-0.116022 -0.170198 3.93563e-17)
(-0.124582 -0.168762 1.39167e-17)
(-0.131619 -0.164759 -6.86173e-18)
(-0.137001 -0.157474 -6.63465e-18)
(-0.140761 -0.147831 -6.21478e-18)
(-0.143989 -0.137512 6.74492e-18)
(-0.148319 -0.128431 3.13243e-17)
(-0.156187 -0.121592 1.32659e-17)
(-0.167837 -0.116912 3.89642e-17)
(-0.179851 -0.112357 -5.88652e-17)
(-0.186366 -0.105022 -2.20787e-16)
(-0.185404 -0.0934329 1.81858e-16)
(-0.180364 -0.0790618 -2.07107e-17)
(-0.176201 -0.0646229 8.37348e-17)
(-0.174055 -0.0516486 8.25241e-17)
(-0.172241 -0.0397667 3.53895e-17)
(-0.168993 -0.0280671 9.4564e-17)
(-0.164045 -0.0161818 2.79102e-17)
(-0.157752 -0.00439604 -1.25888e-16)
(-0.150589 0.00705344 -6.80038e-17)
(-0.142634 0.0178155 1.7582e-16)
(-0.133961 0.0277983 1.45593e-17)
(-0.124677 0.0368211 1.49538e-16)
(-0.11488 0.0448707 -1.5783e-17)
(-0.104715 0.0518034 -1.42882e-16)
(-0.0943792 0.0575967 -4.15607e-16)
(-0.0840308 0.0621811 -3.84508e-16)
(-0.073879 0.0655822 2.82227e-16)
(-0.0639251 0.0679968 -1.98718e-16)
(-0.054829 0.0691309 1.03188e-16)
(-0.04711 0.0720801 -2.00933e-16)
(-0.03971 0.0711947 -1.36764e-16)
(-0.0326674 0.0699181 -3.65979e-16)
(-0.0263393 0.0683887 -3.04512e-16)
(-0.02065 0.0658718 -5.47932e-16)
(-0.0154844 0.0633422 2.501e-16)
(-0.0104914 0.0590527 -1.51589e-16)
(-0.00596812 0.0562072 4.38466e-16)
(-0.00122161 0.049699 1.196e-16)
(0.00193712 0.0471638 -5.11349e-17)
(0.00734909 0.0397952 6.55141e-17)
(0.0054167 0.0317137 -2.07554e-16)
(0.0170704 0.0440574 -5.14254e-17)
(0.625755 -0.338395 1.66797e-17)
(1.40786 -0.445609 -1.98154e-17)
(1.86773 -0.504314 -4.44769e-17)
(1.86744 -0.581898 1.25858e-18)
(1.62871 -0.644871 2.08082e-17)
(1.21443 -0.687885 -5.19698e-18)
(0.678748 -0.718846 -2.30314e-18)
(0.0862828 -0.743201 -9.08155e-18)
(-0.496257 -0.760271 -6.62133e-18)
(-1.01099 -0.767036 -1.64178e-17)
(-1.41521 -0.763053 -3.22428e-17)
(-1.68119 -0.750159 1.99076e-17)
(-1.7946 -0.729356 -8.33625e-18)
(-1.75144 -0.699143 -1.21686e-17)
(-1.55682 -0.656791 1.02545e-17)
(-1.22371 -0.600046 -4.66119e-17)
(-0.774334 -0.52891 2.81109e-17)
(-0.242939 -0.446233 4.22966e-17)
(0.31916 -0.357438 -4.81682e-17)
(0.838517 -0.269993 -4.40657e-17)
(1.23875 -0.193623 -4.97997e-17)
(1.47379 -0.136775 -2.3272e-18)
(1.52877 -0.103815 5.74966e-17)
(1.39815 -0.097531 -9.71402e-17)
(1.06751 -0.120648 2.32115e-17)
(0.588409 -0.165585 -1.79471e-17)
(0.164748 -0.210345 1.90448e-18)
(-0.0489386 -0.237979 -5.38439e-17)
(-0.105008 -0.24913 2.24709e-17)
(-0.110313 -0.251305 -2.31933e-17)
(-0.111016 -0.248993 6.4055e-17)
(-0.114072 -0.244643 3.28207e-17)
(-0.119169 -0.24048 -2.2077e-17)
(-0.126797 -0.237663 -1.96856e-17)
(-0.13673 -0.236054 -4.30598e-17)
(-0.148372 -0.234532 2.22345e-17)
(-0.160513 -0.23159 3.02682e-17)
(-0.172323 -0.22588 7.89946e-18)
(-0.18244 -0.21671 -2.54722e-17)
(-0.190144 -0.203851 1.26933e-18)
(-0.194509 -0.187467 -5.03089e-18)
(-0.194998 -0.168902 -3.91399e-18)
(-0.191557 -0.150045 -6.12433e-18)
(-0.186691 -0.132586 -3.95851e-18)
(-0.185306 -0.118255 -1.57773e-17)
(-0.192045 -0.108337 -7.05584e-18)
(-0.204984 -0.101634 7.53443e-17)
(-0.215718 -0.094301 1.18349e-16)
(-0.217037 -0.0828514 7.51604e-17)
(-0.21024 -0.0672887 4.06082e-17)
(-0.201274 -0.0504459 1.36361e-18)
(-0.19408 -0.0348421 2.87211e-17)
(-0.188037 -0.0209345 -2.35986e-18)
(-0.181409 -0.00803989 1.01158e-17)
(-0.173208 0.00437151 5.19611e-17)
(-0.163752 0.0163008 1.94753e-16)
(-0.153384 0.0274732 -3.36182e-16)
(-0.142431 0.0376332 5.76373e-17)
(-0.131008 0.0466646 -1.14295e-16)
(-0.119268 0.0544886 3.43614e-16)
(-0.107392 0.0610133 4.25959e-18)
(-0.0955436 0.0662042 2.97157e-16)
(-0.0839099 0.0700487 4.50951e-16)
(-0.0726504 0.0726538 -2.55127e-16)
(-0.0617861 0.0741789 2.56233e-16)
(-0.0520129 0.0743965 -1.43545e-16)
(-0.043643 0.0767493 -2.23942e-16)
(-0.0359285 0.0750864 -1.08123e-16)
(-0.0287269 0.0730231 7.09864e-17)
(-0.0223811 0.0708222 5.38767e-16)
(-0.0168159 0.0677273 5.66545e-16)
(-0.0119308 0.0647079 -2.89198e-17)
(-0.00738087 0.0600514 -1.7631e-16)
(-0.00334441 0.0568705 -2.80443e-17)
(0.000807982 0.0500891 -7.15914e-16)
(0.00350284 0.0474258 -3.58044e-18)
(0.00834477 0.0395895 -2.48615e-16)
(0.0064563 0.0311212 -1.02151e-16)
(0.0180391 0.0420815 7.26616e-17)
(2.29496 -0.999658 -1.14819e-17)
(2.87258 -1.01055 -8.77429e-18)
(2.91618 -0.927582 9.47204e-18)
(2.61124 -0.928158 8.18251e-20)
(2.13057 -0.93097 -1.99344e-17)
(1.53219 -0.926454 1.10815e-17)
(0.874965 -0.922734 6.74689e-18)
(0.213491 -0.928646 -1.75964e-17)
(-0.404627 -0.942602 6.8971e-18)
(-0.940727 -0.953651 -1.12788e-17)
(-1.36835 -0.952886 1.2067e-17)
(-1.67141 -0.938526 -1.10711e-17)
(-1.84325 -0.913804 -3.29378e-17)
(-1.88273 -0.881538 5.95458e-18)
(-1.7939 -0.84256 1.37944e-17)
(-1.58371 -0.795979 2.80131e-20)
(-1.26318 -0.741381 3.00743e-17)
(-0.848296 -0.679773 -5.58405e-17)
(-0.363569 -0.613727 -3.03715e-17)
(0.149127 -0.545691 2.50442e-18)
(0.628906 -0.478414 4.15687e-18)
(1.01732 -0.415318 3.2947e-17)
(1.27047 -0.359688 -1.02808e-16)
(1.35605 -0.315045 1.56304e-16)
(1.24231 -0.288189 2.21261e-17)
(0.912154 -0.286194 1.99271e-17)
(0.466907 -0.303597 2.65369e-17)
(0.120931 -0.322442 5.95028e-17)
(-0.0396768 -0.330448 1.0685e-17)
(-0.0939205 -0.328875 2.41666e-17)
(-0.119354 -0.322473 -2.65106e-17)
(-0.13914 -0.313935 -5.93421e-17)
(-0.155118 -0.305001 3.57849e-18)
(-0.168469 -0.296781 -4.53658e-18)
(-0.181304 -0.289404 4.81259e-17)
(-0.194679 -0.282212 -2.14099e-17)
(-0.208675 -0.274099 -1.0123e-17)
(-0.222863 -0.264277 -3.07858e-17)
(-0.236743 -0.252354 2.06658e-17)
(-0.249613 -0.238357 -3.26948e-18)
(-0.260548 -0.222102 5.39593e-18)
(-0.26787 -0.203631 5.17666e-18)
(-0.269015 -0.183063 2.39199e-18)
(-0.26141 -0.16032 -3.1103e-18)
(-0.245547 -0.135573 -1.2488e-18)
(-0.228192 -0.111375 3.06614e-17)
(-0.220276 -0.091831 1.37173e-17)
(-0.226274 -0.0789356 -4.09431e-17)
(-0.237777 -0.0698193 2.23976e-17)
(-0.242104 -0.0593783 8.10964e-18)
(-0.23522 -0.0449503 4.64148e-17)
(-0.222382 -0.0279999 -1.06434e-16)
(-0.209643 -0.0113191 9.87263e-18)
(-0.198539 0.00358382 1.23226e-17)
(-0.187711 0.0168376 3.82032e-17)
(-0.175952 0.0289148 -5.83107e-17)
(-0.163159 0.0400052 1.26854e-16)
(-0.149714 0.0499681 3.88781e-17)
(-0.135966 0.0586414 -5.69249e-17)
(-0.122175 0.0659176 1.08343e-16)
(-0.108511 0.0716953 3.76396e-17)
(-0.0951748 0.07602 3.62834e-16)
(-0.0822792 0.0789071 -2.0024e-18)
(-0.0700172 0.0805124 -2.21451e-16)
(-0.058358 0.0809716 3.16862e-16)
(-0.0480531 0.0801112 1.49448e-18)
(-0.0390995 0.081774 -1.54523e-16)
(-0.0311537 0.079253 1.06029e-16)
(-0.0238555 0.0762651 -3.27633e-17)
(-0.0175563 0.0732304 2.2133e-16)
(-0.0121731 0.0694503 1.45425e-17)
(-0.00762649 0.0658581 -2.23153e-17)
(-0.00359725 0.0607627 1.68074e-16)
(-0.000169924 0.0572359 6.71529e-19)
(0.00322262 0.0502628 -3.76056e-17)
(0.0052525 0.0475852 -6.67007e-17)
(0.00926788 0.0394745 -1.50765e-16)
(0.00723105 0.0307893 1.39633e-16)
(0.018769 0.0403771 -1.18971e-16)
(3.41319 -1.60078 1.19742e-17)
(3.65713 -1.5375 4.84192e-18)
(3.31416 -1.35789 -1.5471e-17)
(2.81351 -1.32174 -1.74364e-17)
(2.18477 -1.28819 2.3732e-17)
(1.48235 -1.24206 -1.18366e-17)
(0.774515 -1.19189 6.10999e-18)
(0.110111 -1.15757 2.93687e-17)
(-0.479497 -1.14852 -4.76723e-18)
(-0.973264 -1.1545 3.46638e-18)
(-1.35974 -1.15804 -3.79351e-18)
(-1.63437 -1.14761 3.38588e-18)
(-1.79845 -1.12197 2.23163e-17)
(-1.85559 -1.08507 -6.37296e-18)
(-1.81138 -1.04165 -5.33294e-17)
(-1.67133 -0.994484 -2.09623e-17)
(-1.44207 -0.945613 -2.06869e-17)
(-1.13165 -0.896801 -6.95408e-20)
(-0.75203 -0.850203 1.84094e-17)
(-0.323786 -0.806215 -6.89117e-18)
(0.115399 -0.762489 2.25283e-17)
(0.519722 -0.715083 -4.18891e-17)
(0.846873 -0.661438 8.03238e-17)
(1.05808 -0.601133 -5.00487e-17)
(1.1155 -0.53846 -5.51361e-17)
(0.976436 -0.484855 -1.75123e-17)
(0.642273 -0.452064 -9.19143e-18)
(0.262025 -0.437427 -6.89381e-18)
(0.0146854 -0.426901 6.49669e-18)
(-0.0916726 -0.412024 -8.19037e-18)
(-0.140508 -0.393797 -7.98199e-18)
(-0.176491 -0.375027 1.90121e-17)
(-0.205219 -0.35703 1.10859e-17)
(-0.225404 -0.340004 2.26168e-17)
(-0.238784 -0.323383 -4.07498e-17)
(-0.248033 -0.30651 7.15759e-18)
(-0.25546 -0.288943 -8.39801e-18)
(-0.262782 -0.270997 1.23839e-17)
(-0.271248 -0.253451 5.84338e-18)
(-0.281367 -0.237348 2.43963e-18)
(-0.293336 -0.223034 1.09816e-17)
(-0.306933 -0.210158 4.06743e-18)
(-0.32073 -0.197746 6.15401e-19)
(-0.330493 -0.183982 1.50618e-18)
(-0.329118 -0.165617 2.38931e-19)
(-0.310703 -0.140055 -1.31052e-17)
(-0.279388 -0.108969 3.26499e-18)
(-0.251587 -0.0788547 -1.02451e-17)
(-0.242131 -0.0560709 -7.9918e-17)
(-0.248383 -0.0414248 5.62486e-17)
(-0.254707 -0.030118 2.06486e-17)
(-0.250115 -0.0172365 1.25446e-18)
(-0.235954 -0.00170102 1.38194e-17)
(-0.218886 0.0145214 1.68371e-17)
(-0.202779 0.0294861 -2.02081e-16)
(-0.187626 0.0425172 -4.80124e-18)
(-0.172362 0.0537792 4.21657e-17)
(-0.156597 0.0634707 -1.29784e-18)
(-0.140594 0.0716396 9.53608e-17)
(-0.124719 0.0782243 -4.19337e-16)
(-0.10926 0.0831639 1.04119e-16)
(-0.0943998 0.0865317 6.71309e-17)
(-0.0802507 0.0883571 -4.87538e-16)
(-0.0669963 0.0888813 1.9403e-16)
(-0.0545962 0.0882197 -1.86876e-16)
(-0.0438063 0.0862245 5.2021e-17)
(-0.0342346 0.0871876 -1.16247e-16)
(-0.0260578 0.0837729 1.15429e-16)
(-0.0186661 0.0797799 7.85793e-17)
(-0.0124054 0.0758108 -1.25716e-16)
(-0.00718165 0.071212 -1.89443e-16)
(-0.00293789 0.0669227 -1.10775e-17)
(0.000606246 0.0613284 -2.40952e-16)
(0.0034261 0.0574124 -3.71719e-17)
(0.00600858 0.0502361 5.14135e-16)
(0.00725808 0.0475629 -1.34868e-16)
(0.0102838 0.0393835 3.29167e-16)
(0.00791856 0.03066 -3.62183e-16)
(0.0193728 0.0389508 8.46439e-17)
(3.66579 -2.04779 -1.20929e-17)
(3.60853 -1.90182 1.45117e-18)
(3.05602 -1.6572 -6.15881e-18)
(2.50371 -1.61918 -6.9757e-18)
(1.84514 -1.60238 -2.38515e-17)
(1.13886 -1.56841 1.12505e-17)
(0.46394 -1.50223 5.03424e-18)
(-0.132945 -1.42634 -2.72974e-17)
(-0.63228 -1.37139 5.91531e-18)
(-1.02743 -1.34642 -7.51567e-19)
(-1.31944 -1.33852 2.43768e-18)
(-1.51362 -1.32898 -6.02134e-19)
(-1.61871 -1.30706 -1.58458e-17)
(-1.64409 -1.27175 -6.77311e-18)
(-1.59911 -1.22805 4.80872e-18)
(-1.49105 -1.1817 1.24701e-17)
(-1.32556 -1.13763 4.10982e-19)
(-1.10686 -1.09893 1.54691e-17)
(-0.839889 -1.06708 -2.60674e-17)
(-0.533288 -1.04119 5.65331e-18)
(-0.205608 -1.01693 1.03853e-17)
(0.114355 -0.986201 2.31318e-17)
(0.397704 -0.941468 -2.33956e-17)
(0.616377 -0.878358 -7.08473e-17)
(0.74086 -0.797277 2.29309e-17)
(0.732876 -0.706189 1.33794e-17)
(0.549601 -0.622425 1.5547e-18)
(0.233887 -0.561256 -2.22695e-18)
(-0.0425876 -0.520829 -3.39671e-19)
(-0.177944 -0.488316 6.36852e-18)
(-0.227008 -0.456281 -9.00422e-19)
(-0.259003 -0.425167 -8.47419e-18)
(-0.291025 -0.396448 -1.25288e-17)
(-0.317642 -0.36994 -1.77987e-17)
(-0.334878 -0.344478 2.75852e-17)
(-0.34236 -0.318554 7.02119e-19)
(-0.341843 -0.29128 -6.92263e-18)
(-0.33603 -0.263089 5.96543e-19)
(-0.327999 -0.235441 -2.16661e-18)
(-0.320265 -0.21007 -3.70874e-18)
(-0.315249 -0.188438 -3.94162e-18)
(-0.315612 -0.171569 2.61106e-19)
(-0.324217 -0.159872 6.71036e-19)
(-0.342419 -0.153255 2.14516e-18)
(-0.366872 -0.149111 -6.94658e-18)
(-0.386002 -0.141371 -1.52491e-18)
(-0.383122 -0.12325 3.4158e-17)
(-0.351098 -0.0928249 -1.00739e-17)
(-0.305 -0.0562167 5.28068e-18)
(-0.270475 -0.0235732 -4.00014e-17)
(-0.258413 -0.000760936 1.74677e-17)
(-0.257896 0.0140794 -1.33888e-17)
(-0.253095 0.0263717 3.68813e-17)
(-0.238531 0.0393561 1.08633e-17)
(-0.218205 0.0528938 -1.01758e-16)
(-0.197159 0.0655092 5.00771e-17)
(-0.177258 0.0762363 4.08262e-18)
(-0.158281 0.0848726 -8.15556e-17)
(-0.139797 0.091514 8.06305e-17)
(-0.121855 0.0963212 1.66494e-16)
(-0.104692 0.099385 1.2938e-16)
(-0.0885025 0.100833 -5.36764e-17)
(-0.0734154 0.100774 1.34839e-16)
(-0.05956 0.0994723 -1.73621e-16)
(-0.0468631 0.0970305 1.27967e-17)
(-0.0360809 0.0934395 -6.53757e-17)
(-0.0262081 0.0933669 2.37015e-16)
(-0.0181804 0.0887985 -7.49296e-18)
(-0.0110732 0.0835672 -5.62089e-18)
(-0.0052389 0.0784406 -1.9034e-16)
(-0.000528591 0.0728195 7.57331e-17)
(0.00315088 0.0676433 3.90288e-17)
(0.00597781 0.0613898 2.61084e-16)
(0.00803207 0.056971 6.36525e-17)
(0.00962257 0.04954 -5.06785e-16)
(0.00998444 0.0469161 -1.36053e-16)
(0.0117613 0.0387863 -5.95435e-17)
(0.00880206 0.0304764 1.05639e-16)
(0.0199724 0.0376803 1.2006e-16)
(2.96959 -2.00101 -8.1305e-18)
(2.73234 -1.87138 -7.38423e-18)
(2.10909 -1.56884 1.40882e-17)
(1.64689 -1.49936 3.87677e-18)
(1.12437 -1.49929 -8.18508e-18)
(0.565738 -1.53586 -2.87795e-17)
(0.0340347 -1.55122 -1.49934e-17)
(-0.423004 -1.52617 1.93203e-17)
(-0.783878 -1.47834 -1.10227e-17)
(-1.0466 -1.43223 -2.29653e-17)
(-1.21792 -1.39899 5.23522e-18)
(-1.30893 -1.37417 -1.85097e-18)
(-1.33189 -1.34786 9.92144e-18)
(-1.29946 -1.31437 -3.71296e-18)
(-1.2239 -1.27456 -2.39337e-18)
(-1.11581 -1.23327 2.03117e-17)
(-0.983659 -1.19589 4.29163e-17)
(-0.833094 -1.16518 -9.76308e-18)
(-0.667594 -1.14078 1.82969e-18)
(-0.490028 -1.119 1.16185e-17)
(-0.306301 -1.09446 4.87594e-18)
(-0.127946 -1.06062 6.83852e-18)
(0.0312809 -1.01162 9.03181e-18)
(0.15953 -0.943492 5.47388e-17)
(0.244672 -0.856996 2.24128e-17)
(0.271111 -0.756324 -3.17072e-18)
(0.213246 -0.652321 9.73394e-18)
(0.0562243 -0.561553 -3.47455e-20)
(-0.140541 -0.494986 1.46874e-17)
(-0.2713 -0.44905 3.80356e-18)
(-0.311939 -0.412996 -1.99015e-17)
(-0.313269 -0.380901 -1.56738e-17)
(-0.31438 -0.351415 1.18748e-17)
(-0.32191 -0.324302 -4.1411e-18)
(-0.331059 -0.298659 -1.70613e-17)
(-0.337084 -0.273186 3.18392e-18)
(-0.337532 -0.246763 1.57408e-17)
(-0.331456 -0.219257 4.85056e-18)
(-0.319221 -0.191221 -5.29607e-18)
(-0.301779 -0.163622 1.51475e-17)
(-0.280969 -0.13766 1.19908e-17)
(-0.25938 -0.114606 -6.92756e-18)
(-0.241158 -0.0958904 -1.47309e-17)
(-0.231771 -0.0831564 -2.2706e-17)
(-0.237326 -0.0772835 -2.11054e-17)
(-0.260524 -0.0769561 1.19876e-17)
(-0.293495 -0.0774016 1.6403e-17)
(-0.315848 -0.0719734 -3.33011e-17)
(-0.307889 -0.0561589 -2.97098e-18)
(-0.270344 -0.0312982 2.11772e-17)
(-0.225739 -0.00430787 1.99046e-19)
(-0.195871 0.0177014 8.11824e-18)
(-0.183576 0.0324619 7.86555e-18)
(-0.177622 0.0422978 -2.08346e-18)
(-0.16822 0.0504955 4.55091e-17)
(-0.153703 0.0585498 -3.14908e-17)
(-0.136913 0.0662363 4.45921e-17)
(-0.120335 0.0728363 1.029e-16)
(-0.104761 0.0779283 -1.52353e-17)
(-0.0901583 0.0814854 6.19051e-17)
(-0.0764387 0.083616 -1.57148e-16)
(-0.0636338 0.0845147 -4.06686e-17)
(-0.0517986 0.0842749 1.57321e-17)
(-0.0410205 0.0831183 -9.68594e-17)
(-0.031206 0.0810785 4.48036e-17)
(-0.0230183 0.0782004 3.22193e-17)
(-0.0150749 0.0792534 -1.97431e-17)
(-0.00887375 0.0754161 -7.81645e-17)
(-0.00337083 0.0708887 -5.31255e-17)
(0.00105011 0.0664952 5.33317e-17)
(0.00460469 0.0618093 -1.21966e-17)
(0.00737776 0.0575196 -1.83276e-17)
(0.00941137 0.052458 2.50138e-16)
(0.0108477 0.0489856 4.36529e-17)
(0.0117333 0.0431184 1.67952e-16)
(0.0116626 0.0416212 1.94448e-16)
(0.0124944 0.0354529 2.17831e-17)
(0.00936255 0.0290268 1.46037e-16)
(0.0203397 0.0361171 1.8325e-17)
(1.56043 -2.02066 -1.54132e-18)
(1.11558 -1.85612 -3.40145e-18)
(0.528127 -1.51382 -1.50267e-18)
(0.181354 -1.34441 -3.03793e-18)
(-0.153147 -1.25062 1.29793e-17)
(-0.492473 -1.24873 2.79451e-17)
(-0.811185 -1.28358 1.96304e-17)
(-1.07431 -1.30589 -4.53485e-18)
(-1.25866 -1.29686 5.53329e-18)
(-1.35822 -1.26283 2.64119e-17)
(-1.37828 -1.21915 -1.0514e-17)
(-1.32962 -1.17603 3.68209e-18)
(-1.22545 -1.13291 1.10864e-17)
(-1.07952 -1.08799 1.03842e-17)
(-0.906073 -1.04145 1.9532e-18)
(-0.719549 -0.997931 6.05932e-18)
(-0.533947 -0.964046 -6.3377e-18)
(-0.362072 -0.943736 9.14161e-18)
(-0.214318 -0.93618 1.20834e-17)
(-0.0977539 -0.935435 -1.7634e-17)
(-0.0160852 -0.932528 -4.44879e-18)
(0.0282796 -0.919111 -3.44065e-18)
(0.0338624 -0.890213 -1.743e-17)
(0.00262184 -0.844747 -3.89719e-17)
(-0.0586439 -0.785791 -3.10242e-17)
(-0.141184 -0.717407 2.49189e-17)
(-0.242613 -0.645176 4.31998e-18)
(-0.375253 -0.576939 4.85426e-19)
(-0.537858 -0.521174 -3.37473e-17)
(-0.673572 -0.480145 -5.72069e-17)
(-0.725313 -0.447381 -6.33285e-18)
(-0.706067 -0.417143 5.265e-17)
(-0.663496 -0.388076 -3.43668e-17)
(-0.624858 -0.360532 -2.45007e-17)
(-0.596167 -0.334565 1.42848e-17)
(-0.575349 -0.309471 1.25499e-17)
(-0.559945 -0.28431 8.50788e-19)
(-0.547644 -0.258653 7.357e-18)
(-0.536115 -0.232228 4.86371e-18)
(-0.522213 -0.205097 -1.80737e-18)
(-0.502456 -0.176753 5.73617e-18)
(-0.473567 -0.146749 2.09318e-17)
(-0.433629 -0.114753 8.15413e-18)
(-0.38332 -0.0812872 3.89199e-18)
(-0.328748 -0.0485586 6.79134e-17)
(-0.28342 -0.0206322 2.30876e-18)
(-0.266045 -0.00224442 -1.34003e-17)
(-0.28679 0.00409652 -6.58679e-18)
(-0.330739 0.00189962 3.22986e-17)
(-0.36036 0.0009171 -4.23819e-17)
(-0.346519 0.0100079 -5.88422e-17)
(-0.295827 0.0294704 -5.865e-17)
(-0.239679 0.0517774 1.39228e-17)
(-0.200537 0.069436 6.34191e-18)
(-0.178259 0.0803963 4.19495e-17)
(-0.161821 0.0868576 -1.40736e-17)
(-0.143963 0.0914624 -2.10213e-18)
(-0.124066 0.0952669 -9.14242e-17)
(-0.104164 0.0981247 -1.52423e-17)
(-0.0856952 0.0997114 9.9687e-17)
(-0.0690753 0.0999315 5.36983e-17)
(-0.0542431 0.0989392 -4.5945e-18)
(-0.0410851 0.0968664 4.63049e-17)
(-0.029549 0.0939938 5.32623e-17)
(-0.0194437 0.0903324 -5.17152e-17)
(-0.0114263 0.0860571 2.08695e-17)
(-0.00306879 0.0862498 -3.50766e-17)
(0.00274201 0.0814484 -5.72134e-17)
(0.00760027 0.0757406 -2.19471e-17)
(0.0112007 0.070218 2.02841e-17)
(0.0138606 0.0645394 4.44187e-17)
(0.0157124 0.059282 -4.99616e-17)
(0.0167584 0.053416 -1.93087e-16)
(0.0171737 0.0491942 -4.91655e-17)
(0.0169181 0.0428379 8.82838e-17)
(0.0157225 0.0410777 -9.50691e-17)
(0.0151905 0.0349905 -1.27462e-16)
(0.0110368 0.0289882 -1.0498e-16)
(0.0212654 0.0349501 -9.6749e-17)
(-0.347519 -1.24983 3.05257e-19)
(-0.786371 -1.10745 1.20178e-17)
(-1.09398 -0.927584 -2.98123e-18)
(-1.2488 -0.7602 -5.9556e-18)
(-1.4001 -0.57531 -7.68982e-18)
(-1.54572 -0.459257 -1.10429e-17)
(-1.67001 -0.417945 -1.23354e-17)
(-1.75744 -0.418141 -1.01717e-17)
(-1.79267 -0.42189 -1.87165e-18)
(-1.76818 -0.407585 1.52873e-18)
(-1.68307 -0.374349 1.98546e-17)
(-1.54219 -0.330881 3.15064e-18)
(-1.353 -0.283555 -2.41914e-19)
(-1.12526 -0.23563 -1.75223e-17)
(-0.869124 -0.188885 1.46341e-18)
(-0.596477 -0.146424 -4.15291e-18)
(-0.320134 -0.113657 -2.60412e-17)
(-0.0544462 -0.0945854 -4.29209e-18)
(0.185444 -0.0902878 9.10605e-19)
(0.384054 -0.0968886 1.09121e-17)
(0.527598 -0.107231 1.54537e-17)
(0.604655 -0.113602 -5.39335e-18)
(0.608039 -0.110243 -1.71139e-17)
(0.535974 -0.097247 -9.252e-18)
(0.394438 -0.0801284 3.6371e-17)
(0.197902 -0.0665616 4.77299e-18)
(-0.0333411 -0.0633698 -4.68336e-17)
(-0.279664 -0.0726664 6.50151e-20)
(-0.521955 -0.0927263 1.6421e-17)
(-0.725798 -0.118229 2.63022e-17)
(-0.84939 -0.141639 6.36471e-17)
(-0.885193 -0.157349 -1.61875e-17)
(-0.865718 -0.164762 1.70862e-17)
(-0.826064 -0.166241 6.89034e-17)
(-0.784237 -0.164708 3.26818e-17)
(-0.744776 -0.161706 -3.40302e-17)
(-0.709114 -0.157509 -1.71899e-17)
(-0.679873 -0.152179 -3.19315e-17)
(-0.660557 -0.146072 -9.95351e-18)
(-0.65256 -0.139651 -1.03423e-17)
(-0.653903 -0.132149 4.2471e-17)
(-0.658732 -0.12195 -1.09395e-17)
(-0.65765 -0.106406 3.38992e-18)
(-0.63893 -0.0825087 7.19541e-17)
(-0.591551 -0.0482111 2.55392e-17)
(-0.511042 -0.00397291 4.47832e-17)
(-0.408613 0.0450298 5.97962e-17)
(-0.315701 0.0885701 2.375e-17)
(-0.271512 0.114641 1.45869e-17)
(-0.290559 0.117799 6.2896e-17)
(-0.33903 0.105829 7.81016e-17)
(-0.36025 0.0953591 3.57139e-17)
(-0.329204 0.0969018 1.84787e-17)
(-0.267636 0.10816 4.43882e-17)
(-0.209724 0.12037 7.36546e-18)
(-0.169885 0.127598 4.53731e-17)
(-0.143172 0.129466 3.65475e-17)
(-0.120799 0.128263 6.61279e-17)
(-0.09899 0.125783 4.0063e-17)
(-0.0779912 0.122636 -9.30046e-18)
(-0.0589319 0.118806 3.5535e-17)
(-0.0423045 0.114309 1.68803e-17)
(-0.0281056 0.109166 -7.72251e-19)
(-0.0161425 0.103656 2.19138e-17)
(-0.00608888 0.0976946 8.03004e-18)
(0.00143863 0.0916239 -1.00199e-17)
(0.00987291 0.0908715 -4.53243e-17)
(0.0150889 0.0850589 5.33007e-17)
(0.0190906 0.0782343 -2.83417e-17)
(0.021665 0.0716993 1.67426e-17)
(0.0232368 0.0652156 9.37899e-17)
(0.0240175 0.0592265 6.1795e-17)
(0.0240434 0.0527467 -7.26456e-17)
(0.0234244 0.0479583 9.50507e-17)
(0.0222103 0.0412111 -1.5722e-16)
(0.0199933 0.0392797 -1.46454e-16)
(0.0183877 0.0332794 1.20217e-17)
(0.0131473 0.0281415 8.70928e-17)
(0.0223559 0.0335007 -1.78417e-16)
(-2.43635 0.791778 -3.2904e-18)
(-2.50095 0.86536 8.54159e-18)
(-2.33338 0.836129 1.72199e-18)
(-2.22773 0.893164 -7.14405e-18)
(-2.15772 0.971847 -5.95191e-18)
(-2.10459 1.00777 5.8403e-18)
(-2.05462 0.996596 1.22976e-17)
(-1.99777 0.958136 -1.14236e-17)
(-1.92221 0.914945 -5.97019e-18)
(-1.82127 0.881706 -7.82354e-18)
(-1.68947 0.861767 -1.10307e-17)
(-1.5259 0.853647 -4.36366e-18)
(-1.33113 0.853563 2.13732e-17)
(-1.10785 0.858164 1.36079e-18)
(-0.85968 0.862932 -7.84141e-18)
(-0.591994 0.863899 7.04074e-18)
(-0.311408 0.857532 -6.38427e-18)
(-0.0268634 0.843849 6.16774e-19)
(0.250425 0.825138 2.18639e-17)
(0.506781 0.806905 -1.81248e-17)
(0.726067 0.794377 -1.18639e-18)
(0.891667 0.791146 8.59655e-18)
(0.987903 0.796209 2.11674e-17)
(1.00339 0.803343 -2.29428e-17)
(0.93339 0.801895 -5.8672e-17)
(0.782646 0.781145 3.87503e-17)
(0.565362 0.734691 2.60414e-17)
(0.305192 0.664088 2.82663e-17)
(0.0375625 0.578384 6.26993e-17)
(-0.193077 0.490315 -4.70409e-18)
(-0.355787 0.410331 1.69857e-17)
(-0.451807 0.343438 3.54732e-17)
(-0.503891 0.288678 -3.26093e-17)
(-0.533831 0.242629 5.90146e-18)
(-0.551813 0.202775 3.85119e-17)
(-0.559923 0.168195 3.26585e-18)
(-0.559464 0.139052 4.31773e-17)
(-0.554955 0.11467 4.31082e-17)
(-0.55475 0.0934594 5.97568e-17)
(-0.567391 0.0739127 2.12065e-17)
(-0.598809 0.0554017 -2.68167e-17)
(-0.648261 0.0387132 3.93889e-17)
(-0.706219 0.026739 -6.46837e-17)
(-0.752926 0.0242939 -8.37378e-17)
(-0.761255 0.0374357 -6.99245e-17)
(-0.705462 0.0706349 -5.70713e-17)
(-0.578996 0.122373 2.08981e-17)
(-0.412717 0.181437 4.23291e-17)
(-0.274031 0.227211 4.44315e-17)
(-0.223146 0.241578 6.54336e-17)
(-0.254665 0.225524 3.57989e-17)
(-0.299355 0.198573 -5.00671e-17)
(-0.298031 0.180404 5.33364e-17)
(-0.250147 0.175522 8.81402e-18)
(-0.189614 0.17669 3.80891e-17)
(-0.141245 0.175992 1.7096e-17)
(-0.10823 0.170864 1.37367e-16)
(-0.0838274 0.1626 -7.88918e-18)
(-0.0628212 0.153146 -4.02713e-17)
(-0.0438037 0.143501 -3.59274e-17)
(-0.0270732 0.134018 9.01872e-18)
(-0.0129407 0.124632 -1.07676e-17)
(-0.00137679 0.115544 9.01788e-18)
(0.00799002 0.106497 3.90995e-17)
(0.01456 0.0980371 1.57102e-17)
(0.0229393 0.0959105 6.9279e-18)
(0.0273385 0.0889078 -1.45074e-18)
(0.0303426 0.0807989 2.88134e-17)
(0.0317739 0.0731132 1.44306e-17)
(0.0321673 0.0657292 -2.53868e-17)
(0.031812 0.0589496 -6.27417e-17)
(0.0307847 0.0518082 4.44423e-17)
(0.0291977 0.0464316 -2.04241e-17)
(0.0270876 0.0392349 7.37431e-17)
(0.0240493 0.0370527 1.43023e-16)
(0.0215067 0.0310741 1.91904e-16)
(0.0153871 0.0268575 -9.76625e-17)
(0.0234698 0.0316996 3.23227e-16)
(-3.12077 2.88117 4.98931e-18)
(-3.08277 2.9402 -8.59998e-18)
(-2.55397 2.55671 -2.20846e-18)
(-2.29856 2.40381 1.39492e-17)
(-2.07551 2.28342 1.09291e-17)
(-1.88036 2.18533 5.26151e-18)
(-1.71173 2.09613 -9.37464e-18)
(-1.56801 2.00715 -1.49696e-18)
(-1.44382 1.91817 1.72493e-17)
(-1.33346 1.83404 3.95466e-18)
(-1.22997 1.75746 -7.09217e-18)
(-1.12763 1.6889 -1.13771e-18)
(-1.02107 1.62642 -5.23147e-18)
(-0.906507 1.56786 8.09281e-18)
(-0.780409 1.51001 3.53002e-18)
(-0.640791 1.45217 4.42483e-18)
(-0.485768 1.39383 -5.6596e-18)
(-0.314762 1.33713 1.3428e-17)
(-0.128306 1.28506 -1.25689e-17)
(0.0711285 1.24222 1.65246e-17)
(0.278241 1.21162 5.1091e-19)
(0.484403 1.19487 -4.37517e-18)
(0.677539 1.1905 -1.7243e-17)
(0.843451 1.19382 -1.41533e-17)
(0.966475 1.196 3.10811e-17)
(1.03275 1.1877 -1.83861e-17)
(1.03169 1.16043 -7.7327e-17)
(0.960328 1.11024 -2.81231e-17)
(0.82845 1.04016 -1.88569e-17)
(0.661646 0.958438 -3.54904e-17)
(0.493052 0.874673 -1.9005e-17)
(0.34627 0.796291 -5.86292e-17)
(0.22564 0.724762 -5.98755e-17)
(0.122702 0.658572 -2.47045e-17)
(0.0282625 0.595335 -2.58248e-17)
(-0.0603908 0.534921 -2.53293e-17)
(-0.139953 0.478916 -4.09574e-17)
(-0.205807 0.42924 -1.23291e-17)
(-0.257209 0.386777 -3.78082e-17)
(-0.299766 0.350342 -1.09064e-16)
(-0.345034 0.317688 3.4909e-17)
(-0.406689 0.286325 -1.36252e-17)
(-0.494739 0.254577 2.45783e-17)
(-0.607988 0.223264 1.93259e-17)
(-0.727295 0.196969 -7.62824e-17)
(-0.813438 0.18401 1.72714e-18)
(-0.8171 0.193132 -5.29063e-17)
(-0.705 0.227654 -8.27173e-17)
(-0.494555 0.279543 -9.74024e-17)
(-0.268396 0.327828 1.28769e-19)
(-0.13235 0.346357 -2.18872e-17)
(-0.121102 0.327408 5.02937e-17)
(-0.169541 0.289087 -8.66471e-17)
(-0.194559 0.254398 -7.77788e-18)
(-0.17139 0.232891 -1.00557e-16)
(-0.124224 0.220407 -4.04954e-17)
(-0.0806491 0.209614 -8.5543e-17)
(-0.0499154 0.196872 -1.3475e-16)
(-0.0289224 0.182314 -8.34432e-17)
(-0.012864 0.167302 -9.54126e-18)
(0.000504464 0.152819 2.33506e-17)
(0.0116419 0.139122 -1.04466e-17)
(0.0205135 0.126427 1.62053e-17)
(0.0273834 0.114311 -2.45324e-17)
(0.0316009 0.103495 -2.54989e-17)
(0.0391011 0.0998943 1.34494e-17)
(0.0418739 0.0918139 -3.50706e-19)
(0.0432167 0.0825468 8.8503e-19)
(0.0429618 0.0737859 7.55506e-18)
(0.0417128 0.0655858 -2.12916e-17)
(0.0398581 0.05813 -2.30747e-17)
(0.0375096 0.0504372 3.00009e-17)
(0.0347874 0.0445539 1.57047e-17)
(0.0317017 0.0369556 4.75611e-17)
(0.0279004 0.034513 -2.20123e-17)
(0.0245215 0.028496 -1.37062e-16)
(0.0176758 0.02518 2.25196e-18)
(0.0246178 0.0294476 7.65108e-17)
(-2.56042 3.24125 -7.83799e-19)
(-2.55033 3.31481 6.01624e-18)
(-1.95772 2.8313 9.06377e-18)
(-1.73154 2.67 -4.50339e-18)
(-1.51868 2.50846 -1.32546e-18)
(-1.32219 2.35658 -2.80108e-18)
(-1.14341 2.21554 -9.70555e-19)
(-0.983156 2.08773 2.00828e-17)
(-0.841533 1.97739 -5.95733e-18)
(-0.718265 1.88713 -6.91757e-18)
(-0.611817 1.81354 2.34798e-17)
(-0.5205 1.75035 1.13425e-18)
(-0.442068 1.6892 -1.1654e-17)
(-0.373969 1.62349 -2.67517e-17)
(-0.313412 1.54882 9.26366e-18)
(-0.257425 1.46623 7.64338e-18)
(-0.202948 1.3795 -3.75325e-18)
(-0.146567 1.29462 -1.4256e-17)
(-0.084911 1.21747 -5.10775e-18)
(-0.014545 1.15338 8.75427e-19)
(0.0673381 1.10449 1.02403e-17)
(0.16238 1.07057 1.89231e-17)
(0.270075 1.0489 -2.62738e-18)
(0.387863 1.03581 8.23796e-18)
(0.510232 1.02607 1.14905e-17)
(0.628628 1.01525 1.1188e-17)
(0.730492 0.998996 5.69085e-17)
(0.801762 0.974757 -7.81926e-19)
(0.831755 0.942516 -4.40783e-17)
(0.819709 0.904663 1.01409e-17)
(0.775775 0.864709 -3.04212e-17)
(0.714735 0.826288 4.41469e-17)
(0.645619 0.789741 4.71399e-17)
(0.56956 0.753518 1.9703e-17)
(0.48341 0.714899 -2.27243e-17)
(0.385237 0.672884 3.5651e-17)
(0.277011 0.628725 2.49048e-17)
(0.165062 0.585225 9.45371e-18)
(0.0581016 0.545289 -6.57962e-17)
(-0.036571 0.510839 1.1292e-17)
(-0.117088 0.482267 -5.23363e-17)
(-0.189788 0.458215 -3.09608e-17)
(-0.268349 0.435938 5.63049e-17)
(-0.369 0.412131 -4.01217e-17)
(-0.500173 0.384663 9.35284e-17)
(-0.64959 0.355637 -1.8951e-18)
(-0.7752 0.33202 1.04598e-17)
(-0.814135 0.323201 -6.55512e-17)
(-0.714996 0.335865 -3.4586e-17)
(-0.482959 0.367136 -1.37846e-16)
(-0.206164 0.400057 -6.86025e-18)
(-0.0121816 0.410675 -6.2023e-17)
(0.0365378 0.387109 -5.80298e-17)
(-0.00501211 0.342164 2.48481e-17)
(-0.0467773 0.297163 -5.82003e-17)
(-0.0496603 0.263106 2.57649e-17)
(-0.0256113 0.238887 -1.23804e-16)
(0.0021177 0.219177 3.87763e-17)
(0.022196 0.200401 4.60579e-17)
(0.0345003 0.181754 5.05649e-17)
(0.0422213 0.163808 -6.66555e-17)
(0.0475263 0.147005 1.12279e-17)
(0.0511666 0.131738 -5.00202e-17)
(0.0534608 0.117477 -1.07656e-17)
(0.0537348 0.105121 1.43483e-17)
(0.0592551 0.100425 4.17876e-18)
(0.0594474 0.0917377 1.41096e-18)
(0.0583178 0.0818108 -1.05936e-18)
(0.0557473 0.0724236 -6.18294e-18)
(0.0523263 0.06378 5.00376e-18)
(0.0485187 0.0560058 3.84828e-17)
(0.0445039 0.0480783 -1.9666e-18)
(0.040403 0.0419726 -6.81916e-18)
(0.0361938 0.0341771 -5.32671e-17)
(0.0315637 0.0315907 5.36168e-18)
(0.0273819 0.0255275 -6.43419e-17)
(0.0199108 0.0230891 4.32229e-18)
(0.0256855 0.0266572 -2.232e-16)
(-1.8275 2.74746 -1.32878e-18)
(-1.82806 2.78253 7.01601e-19)
(-1.31956 2.31221 2.88159e-19)
(-1.14288 2.15842 -2.82506e-18)
(-0.975581 2.01747 -1.93042e-18)
(-0.821984 1.90361 -1.65306e-18)
(-0.681806 1.80987 8.46566e-20)
(-0.554687 1.72834 -2.61959e-18)
(-0.439758 1.65426 -1.91995e-18)
(-0.336698 1.58651 7.63611e-18)
(-0.245423 1.52288 -1.31425e-17)
(-0.165784 1.46035 -6.36131e-19)
(-0.0976022 1.39523 4.52858e-18)
(-0.0406496 1.32524 1.22297e-17)
(0.00568717 1.24913 5.00389e-18)
(0.0423148 1.16852 -3.46495e-18)
(0.0704735 1.08671 8.91284e-18)
(0.0916892 1.00869 2.45909e-18)
(0.107841 0.938918 1.19855e-17)
(0.121176 0.881121 1.6527e-18)
(0.134344 0.835897 -7.84639e-18)
(0.150208 0.801894 -4.33309e-18)
(0.171326 0.77561 9.64537e-18)
(0.200119 0.753272 1.10557e-17)
(0.238792 0.7317 1.19234e-17)
(0.288731 0.709402 5.71091e-18)
(0.348078 0.686167 -9.08674e-18)
(0.410227 0.662932 -5.0958e-18)
(0.465823 0.641368 4.84537e-17)
(0.507927 0.623047 -1.56398e-17)
(0.535761 0.60891 2.93676e-17)
(0.552644 0.599224 -1.95652e-17)
(0.558679 0.592416 3.26933e-19)
(0.548486 0.586121 -3.973e-17)
(0.515069 0.577553 2.043e-17)
(0.456085 0.565087 -1.25303e-17)
(0.374461 0.548739 4.05664e-17)
(0.275666 0.530003 -2.5839e-17)
(0.166256 0.510713 5.74925e-17)
(0.0536768 0.492775 3.66417e-17)
(-0.0543055 0.477681 -1.68557e-17)
(-0.152093 0.466405 6.30827e-18)
(-0.23922 0.459074 -1.20619e-16)
(-0.322582 0.454233 2.13253e-18)
(-0.41442 0.448734 7.54331e-18)
(-0.523869 0.439374 -9.47388e-18)
(-0.64176 0.425161 3.21815e-17)
(-0.730332 0.408941 4.50274e-17)
(-0.732282 0.396883 -2.89455e-17)
(-0.603148 0.39549 6.44289e-18)
(-0.353684 0.405944 -4.28908e-17)
(-0.0713782 0.41821 1.6771e-18)
(0.124701 0.414662 1.18241e-16)
(0.180932 0.386033 -3.63751e-17)
(0.145436 0.3404 1.71874e-17)
(0.097449 0.293618 -8.68356e-18)
(0.0758325 0.254977 6.01872e-17)
(0.0774277 0.22549 1.17411e-16)
(0.0862544 0.202025 8.67104e-17)
(0.0923338 0.18151 -1.89543e-17)
(0.0937634 0.162574 2.13425e-17)
(0.092136 0.14493 -6.84492e-18)
(0.0890385 0.128935 -7.30541e-18)
(0.0852891 0.114064 2.36592e-17)
(0.0804255 0.101416 1.04242e-17)
(0.0830922 0.0962783 -8.78042e-18)
(0.0799543 0.0876792 1.12417e-19)
(0.0756933 0.0778562 3.73278e-18)
(0.0703093 0.0684996 2.8897e-18)
(0.0643161 0.0599681 -3.59011e-19)
(0.0581998 0.0523786 -3.82664e-18)
(0.0521942 0.0446416 -2.06456e-17)
(0.0464291 0.0386619 -1.73279e-17)
(0.0408862 0.0309431 3.92167e-17)
(0.0352677 0.0283888 5.58285e-18)
(0.030278 0.0223118 4.30162e-17)
(0.0221244 0.0207015 1.30669e-18)
(0.0268248 0.0234187 7.33428e-17)
(-1.15029 2.10942 -1.45877e-18)
(-1.13793 2.14321 -1.09891e-18)
(-0.74891 1.78611 -2.60128e-18)
(-0.61268 1.66077 1.23597e-18)
(-0.483946 1.53603 1.5196e-18)
(-0.367124 1.4304 1.08049e-18)
(-0.26223 1.34544 2.57718e-18)
(-0.16859 1.27989 -5.23538e-18)
(-0.085524 1.23142 -2.84911e-18)
(-0.0124109 1.1952 -5.24875e-18)
(0.0512645 1.16303 1.00196e-18)
(0.105785 1.1263 1.69421e-18)
(0.151465 1.07875 2.24186e-18)
(0.188641 1.01882 -1.36482e-18)
(0.217712 0.948945 -1.29257e-17)
(0.239167 0.874569 -2.28612e-18)
(0.253665 0.801958 7.7124e-20)
(0.261934 0.736861 -1.60126e-18)
(0.264682 0.683084 -7.1961e-18)
(0.262702 0.641912 -1.48998e-17)
(0.256933 0.612007 -4.89168e-18)
(0.248644 0.589986 7.9424e-18)
(0.239063 0.57149 1.10916e-17)
(0.229445 0.552517 -4.55669e-18)
(0.221553 0.530452 -1.87826e-17)
(0.218341 0.504798 -5.16472e-18)
(0.22297 0.477079 -7.38693e-19)
(0.235775 0.449842 1.44285e-17)
(0.253008 0.426022 -3.66266e-17)
(0.270046 0.407895 1.34644e-18)
(0.286779 0.396389 -1.63306e-18)
(0.307963 0.391343 -8.36659e-18)
(0.33492 0.390831 1.03776e-18)
(0.358448 0.391853 2.46174e-17)
(0.361639 0.391588 -6.68214e-18)
(0.332572 0.388926 -2.39561e-17)
(0.271944 0.384451 -4.47285e-17)
(0.188723 0.379599 -8.56969e-18)
(0.0919238 0.375628 2.08778e-18)
(-0.0126892 0.372865 5.80907e-18)
(-0.121226 0.371159 6.45943e-17)
(-0.229848 0.370524 1.67262e-18)
(-0.334003 0.371614 3.92165e-17)
(-0.429736 0.37524 4.98925e-17)
(-0.515306 0.381507 -7.36369e-18)
(-0.591266 0.389043 1.71374e-17)
(-0.655335 0.395204 -1.42221e-17)
(-0.693608 0.397159 1.99924e-17)
(-0.677522 0.393527 5.08827e-17)
(-0.575754 0.385962 8.73696e-17)
(-0.377781 0.378806 1.99107e-17)
(-0.118057 0.374715 4.82159e-17)
(0.124314 0.370168 -6.80486e-17)
(0.271041 0.357132 -5.68836e-17)
(0.303098 0.330222 6.49854e-17)
(0.264418 0.292779 -1.68942e-17)
(0.21165 0.252925 2.96141e-17)
(0.174643 0.21687 -2.92356e-17)
(0.156395 0.187537 -1.11812e-17)
(0.148118 0.164324 -1.89414e-17)
(0.141624 0.14524 1.31232e-17)
(0.133703 0.128581 2.47208e-17)
(0.124522 0.113839 2.81462e-17)
(0.11506 0.100212 -2.32837e-17)
(0.105349 0.0888816 -9.36353e-18)
(0.105073 0.0842605 2.92056e-18)
(0.0986365 0.076655 -7.68162e-18)
(0.0912703 0.0679584 1.05684e-18)
(0.0832559 0.0596081 -2.00776e-18)
(0.0749618 0.0520329 -1.62714e-19)
(0.0668039 0.0453845 3.3237e-18)
(0.0590156 0.0385094 7.11876e-19)
(0.0517644 0.0332556 1.61768e-17)
(0.044994 0.0261199 1.08001e-17)
(0.038539 0.0239835 -5.19726e-18)
(0.0327056 0.0181097 -4.0107e-18)
(0.0242255 0.0173703 5.66771e-18)
(0.0274059 0.0189864 -7.09236e-17)
(-0.635615 1.35323 -5.33157e-20)
(-0.603766 1.37989 -5.84405e-19)
(-0.306556 1.15693 4.46131e-20)
(-0.198183 1.11574 6.32742e-19)
(-0.0978686 1.08038 -4.06974e-19)
(-0.00878888 1.05295 -8.05374e-19)
(0.069244 1.02623 -3.85003e-19)
(0.137039 0.991989 1.73375e-18)
(0.195225 0.947519 1.92389e-18)
(0.244339 0.894161 1.66868e-18)
(0.28484 0.835054 -1.69303e-19)
(0.317065 0.773238 -6.61521e-19)
(0.341388 0.71127 -1.48151e-19)
(0.358425 0.650972 -3.91143e-19)
(0.368818 0.594401 3.13125e-18)
(0.37331 0.543234 -1.072e-18)
(0.372685 0.499303 6.91249e-19)
(0.367787 0.463841 -6.04826e-19)
(0.359256 0.437296 -4.69628e-18)
(0.347648 0.419055 8.12448e-19)
(0.333374 0.407139 4.20851e-18)
(0.316889 0.398625 -4.95573e-18)
(0.298742 0.390332 -6.45562e-18)
(0.279222 0.379373 -3.41824e-18)
(0.258406 0.364188 1.13131e-18)
(0.237318 0.344875 2.1506e-18)
(0.218665 0.322952 4.09829e-18)
(0.205186 0.30103 -7.01184e-18)
(0.196193 0.281931 9.07202e-18)
(0.187145 0.267553 6.48428e-18)
(0.176065 0.258676 -8.69592e-18)
(0.170174 0.255226 1.25677e-17)
(0.180793 0.256181 1.01126e-17)
(0.208028 0.259524 -6.26148e-18)
(0.230902 0.262338 -2.35318e-19)
(0.218041 0.262193 2.03274e-17)
(0.154033 0.258926 -4.90027e-19)
(0.0519921 0.254225 5.98788e-18)
(-0.063087 0.250649 -8.46984e-18)
(-0.174507 0.250001 -8.6538e-18)
(-0.278284 0.252465 2.1544e-19)
(-0.377522 0.257112 8.90852e-18)
(-0.475861 0.263026 2.24903e-17)
(-0.573532 0.269968 -1.86613e-17)
(-0.665609 0.278604 1.45665e-18)
(-0.741892 0.289852 1.13782e-17)
(-0.787631 0.304115 -1.17549e-17)
(-0.784699 0.32005 -8.66565e-18)
(-0.715635 0.334016 3.8887e-17)
(-0.571868 0.341632 -1.69431e-17)
(-0.362094 0.340629 2.0068e-17)
(-0.118596 0.331498 -3.22934e-17)
(0.105027 0.315665 -2.65384e-17)
(0.258746 0.29493 6.6741e-17)
(0.328861 0.271984 -1.44883e-17)
(0.338785 0.247874 8.82302e-18)
(0.314852 0.22267 -2.0435e-17)
(0.27543 0.197193 -2.83811e-17)
(0.23538 0.172347 -1.68783e-17)
(0.204348 0.150434 5.43358e-18)
(0.182917 0.132146 -2.26771e-18)
(0.166649 0.116738 -1.43035e-17)
(0.152057 0.103508 1.117e-17)
(0.138064 0.0912922 9.77862e-18)
(0.124435 0.0811981 4.65502e-18)
(0.122037 0.0768965 -5.17072e-18)
(0.113079 0.0700249 5.85375e-18)
(0.103378 0.062301 -4.1504e-18)
(0.0934613 0.0547816 -6.81415e-19)
(0.0834764 0.0479218 1.67681e-20)
(0.073725 0.0419364 -1.33414e-18)
(0.0645279 0.0355956 -1.53557e-18)
(0.056004 0.0307821 -4.81692e-18)
(0.0483326 0.02393 -1.53643e-17)
(0.0409434 0.0220003 -2.52891e-18)
(0.034635 0.016042 1.45505e-17)
(0.0256532 0.0156522 -2.70819e-18)
(0.0280696 0.0165586 1.31952e-17)
(0.199542 0.457534 -2.13256e-20)
(0.251243 0.454861 -3.27949e-21)
(0.380536 0.382063 8.18319e-21)
(0.429433 0.367018 -3.06631e-20)
(0.47059 0.351482 -8.77563e-21)
(0.501531 0.340383 1.6113e-20)
(0.523032 0.328822 2.30047e-19)
(0.536336 0.31078 1.29356e-19)
(0.542864 0.283596 4.61915e-21)
(0.543891 0.247965 1.97675e-19)
(0.540528 0.207183 -1.74353e-19)
(0.533492 0.165775 -2.01078e-19)
(0.523233 0.128513 -9.51586e-19)
(0.50994 0.0992239 6.8132e-19)
(0.493779 0.0801897 7.3698e-19)
(0.474794 0.0715819 -1.55637e-19)
(0.453168 0.0720165 -1.407e-19)
(0.429141 0.0787862 7.80979e-19)
(0.40307 0.0887711 1.09313e-18)
(0.375415 0.0989476 5.58107e-19)
(0.346592 0.106777 -1.84157e-19)
(0.316984 0.110553 1.00402e-18)
(0.287163 0.109478 2.08003e-19)
(0.257668 0.103558 7.23207e-19)
(0.228601 0.0936763 3.25437e-19)
(0.199513 0.0813175 -5.78319e-19)
(0.17055 0.0684248 -8.5409e-19)
(0.143785 0.0569649 4.53966e-18)
(0.121996 0.0485103 2.78981e-18)
(0.104042 0.0438346 -4.46183e-18)
(0.0832673 0.0427611 -1.09416e-18)
(0.0549563 0.0444182 -2.21855e-18)
(0.0271432 0.047658 -4.19992e-18)
(0.0192375 0.0514343 -3.70764e-18)
(0.0419132 0.0545307 8.67277e-18)
(0.0765943 0.0556009 5.23614e-18)
(0.0807367 0.053777 2.44971e-18)
(0.0192271 0.0499356 -4.19438e-19)
(-0.106586 0.0464547 -2.71414e-18)
(-0.265283 0.0454252 -9.19243e-18)
(-0.424426 0.0475237 -1.11349e-17)
(-0.566957 0.0520367 -6.00688e-18)
(-0.690698 0.0576382 -1.46246e-17)
(-0.800564 0.0632741 -2.82789e-18)
(-0.900281 0.0686117 -1.99717e-18)
(-0.985091 0.0741576 -7.30111e-18)
(-1.03713 0.080937 2.57158e-18)
(-1.02523 0.0897792 1.14547e-17)
(-0.915731 0.0999915 -7.60096e-18)
(-0.694086 0.108718 -7.88966e-18)
(-0.382492 0.112467 3.0933e-18)
(-0.0391172 0.109416 1.06125e-17)
(0.256359 0.0998675 3.7633e-17)
(0.433135 0.085786 -8.97175e-18)
(0.474005 0.0713992 2.34878e-18)
(0.43194 0.0621707 -4.30415e-19)
(0.378345 0.0594111 2.53544e-19)
(0.341332 0.0588569 7.21663e-18)
(0.311308 0.0562223 -1.48772e-18)
(0.279215 0.051301 4.79833e-18)
(0.247392 0.0461255 1.1429e-18)
(0.219776 0.0417486 5.16869e-18)
(0.196768 0.0382744 -8.85088e-18)
(0.176727 0.0346815 1.03893e-18)
(0.158923 0.0319711 -2.33723e-18)
(0.153216 0.0313485 2.314e-18)
(0.139592 0.0285026 -1.79165e-18)
(0.125478 0.0255619 2.59368e-19)
(0.112474 0.0227213 -1.85026e-19)
(0.100256 0.0200417 1.65252e-19)
(0.0885747 0.017813 -4.23574e-19)
(0.0772598 0.0148771 3.13976e-19)
(0.0668714 0.0129249 -1.01806e-18)
(0.056765 0.00870505 -1.27334e-18)
(0.0486939 0.00844362 2.80823e-18)
(0.0398429 0.00396111 -1.15442e-17)
(0.0316845 0.0053734 -2.84379e-20)
(0.0309178 0.00199985 2.2282e-17)
)
;

boundaryField
{
    inlet
    {
        type            calculated;
        value           nonuniform List<vector> 
27
(
(-0.00769609 0.29983 -2.95859e-16)
(-0.00584921 0.286669 -3.05808e-16)
(-0.00276531 0.275477 4.83791e-16)
(-0.000131309 0.267088 -7.54459e-16)
(0.00177119 0.258252 -4.2829e-16)
(0.00349068 0.248642 1.05885e-15)
(0.00545829 0.239238 -2.54887e-16)
(0.00770555 0.230301 3.56884e-16)
(0.0100285 0.22147 9.5114e-17)
(0.0122346 0.212544 -5.60792e-16)
(0.0141777 0.203457 1.81705e-16)
(0.015798 0.194314 3.4095e-17)
(0.0170701 0.185142 -5.14253e-17)
(0.018039 0.176003 7.26616e-17)
(0.0187687 0.166882 -1.18971e-16)
(0.0193727 0.157744 8.46439e-17)
(0.0199722 0.148351 1.2006e-16)
(0.0203396 0.138244 1.8325e-17)
(0.0212652 0.131146 -9.67491e-17)
(0.0223559 0.125185 -1.78417e-16)
(0.0234697 0.118413 3.23227e-16)
(0.0246178 0.110773 7.65108e-17)
(0.0256855 0.102359 -2.232e-16)
(0.0268248 0.0924936 7.33428e-17)
(0.0274058 0.079454 -7.09236e-17)
(0.0280696 0.0614015 1.31952e-17)
(0.0309178 0.0225046 2.2282e-17)
)
;
    }
    outlet
    {
        type            calculated;
        value           nonuniform List<vector> 
78
(
(0.308121 0.457532 -2.13256e-20)
(0.356018 0.454865 -3.27949e-21)
(0.481634 0.382063 8.18319e-21)
(0.526664 0.367021 -3.06631e-20)
(0.563731 0.351481 -8.77563e-21)
(0.590301 0.340386 1.61129e-20)
(0.607154 0.328822 2.30047e-19)
(0.615518 0.310782 1.29356e-19)
(0.617129 0.283595 4.61915e-21)
(0.613571 0.247967 1.97675e-19)
(0.606415 0.207182 -1.74353e-19)
(0.596572 0.165777 -2.01078e-19)
(0.584684 0.128513 -9.51586e-19)
(0.570705 0.0992255 6.8132e-19)
(0.554556 0.0801894 7.3698e-19)
(0.535669 0.0715833 -1.55637e-19)
(0.513817 0.0720163 -1.407e-19)
(0.488644 0.0787875 7.80979e-19)
(0.460338 0.0887709 1.09313e-18)
(0.429108 0.0989487 5.58107e-19)
(0.395633 0.106777 -1.84157e-19)
(0.360397 0.110554 1.00402e-18)
(0.324518 0.109477 2.08003e-19)
(0.288762 0.103559 7.23207e-19)
(0.253787 0.0936761 3.25437e-19)
(0.21927 0.0813182 -5.78319e-19)
(0.185729 0.0684247 -8.5409e-19)
(0.1551 0.0569654 4.53966e-18)
(0.130245 0.0485102 2.78981e-18)
(0.109634 0.0438351 -4.46183e-18)
(0.0865158 0.042761 -1.09416e-18)
(0.0557625 0.0444185 -2.21855e-18)
(0.0254317 0.0476579 -4.19993e-18)
(0.0147699 0.0514345 -3.70764e-18)
(0.0347275 0.0545306 8.67277e-18)
(0.0668003 0.055601 5.23614e-18)
(0.0688997 0.053777 2.44971e-18)
(0.0062328 0.0499358 -4.19438e-19)
(-0.119224 0.0464547 -2.71414e-18)
(-0.27563 0.0454252 -9.19243e-18)
(-0.429915 0.0475237 -1.11349e-17)
(-0.564627 0.0520367 -6.00688e-18)
(-0.677162 0.0576383 -1.46246e-17)
(-0.772436 0.0632741 -2.82789e-18)
(-0.854398 0.0686117 -1.99717e-18)
(-0.91909 0.0741576 -7.30111e-18)
(-0.949706 0.0809371 2.57157e-18)
(-0.916445 0.0897793 1.14547e-17)
(-0.787022 0.0999916 -7.60096e-18)
(-0.548437 0.108718 -7.88966e-18)
(-0.224792 0.112467 3.0933e-18)
(0.122549 0.109417 1.06125e-17)
(0.409609 0.0998678 3.7633e-17)
(0.562228 0.0857861 -8.97175e-18)
(0.564933 0.0713995 2.34878e-18)
(0.478648 0.0621708 -4.30415e-19)
(0.385472 0.0594114 2.53545e-19)
(0.320559 0.058857 7.21663e-18)
(0.275115 0.0562224 -1.48772e-18)
(0.236621 0.051301 4.79833e-18)
(0.203586 0.0461256 1.1429e-18)
(0.177373 0.0417486 5.16869e-18)
(0.157034 0.0382744 -8.85088e-18)
(0.140273 0.0346815 1.03893e-18)
(0.12582 0.0319711 -2.33723e-18)
(0.122684 0.0313485 2.314e-18)
(0.111744 0.0285026 -1.79165e-18)
(0.100248 0.0255619 2.59368e-19)
(0.0899066 0.0227213 -1.85026e-19)
(0.0807333 0.0200417 1.65252e-19)
(0.0712026 0.017813 -4.23574e-19)
(0.0629404 0.0148771 3.13976e-19)
(0.053315 0.0129249 -1.01806e-18)
(0.0473657 0.00870505 -1.27334e-18)
(0.0379134 0.00844362 2.80823e-18)
(0.0357164 0.00396111 -1.15442e-17)
(0.0200176 0.0053734 -2.84379e-20)
(0.0339918 0.00199985 2.2282e-17)
)
;
    }
    walls
    {
        type            calculated;
        value           nonuniform List<vector> 0();
    }
    frontAndBack
    {
        type            empty;
    }
    procBoundary7to3
    {
        type            processor;
        value           nonuniform List<vector> 
16
(
(-1.42662 0.253512 -9.17639e-17)
(-0.211943 -0.243971 -1.4461e-17)
(1.50196 -0.968366 -1.87816e-17)
(2.8657 -1.62763 4.90717e-18)
(3.41308 -2.13222 -6.62127e-18)
(2.98764 -2.07799 -6.85145e-19)
(1.84806 -2.09246 1.9074e-17)
(0.011248 -1.27705 -6.24706e-18)
(-2.62164 1.09038 7.0797e-19)
(-2.62164 1.09038 7.0797e-19)
(-3.85802 3.46913 1.14461e-17)
(-3.38517 3.87934 5.72992e-19)
(-2.53955 3.32792 1.38368e-18)
(-1.70026 2.53333 3.29699e-19)
(-1.06248 1.63888 7.77878e-19)
(0.0107863 0.52302 4.04362e-20)
)
;
    }
    procBoundary7to6
    {
        type            processor;
        value           nonuniform List<vector> 
91
(
(-0.00984567 0.0806932 1.9603e-16)
(-0.0144296 0.042678 3.31635e-16)
(-0.0144296 0.042678 3.31635e-16)
(-0.0194824 0.0566277 3.77257e-17)
(-0.0194824 0.0566277 3.77257e-17)
(-0.0252706 0.0555086 -3.73688e-18)
(-0.0252706 0.0555086 -3.73688e-18)
(-0.0307631 0.0565094 -8.97305e-16)
(-0.0258521 0.0545738 5.39318e-16)
(-0.0258521 0.0545738 5.39318e-16)
(-0.0353543 0.0545501 -9.43797e-17)
(-0.0312166 0.0546375 -5.45482e-16)
(-0.0312166 0.0546375 -5.45482e-16)
(-0.0470371 0.0515846 -8.08988e-16)
(-0.0418594 0.0531283 5.0155e-18)
(-0.0370971 0.0538495 -4.02867e-16)
(-0.0370971 0.0538495 -4.02867e-16)
(-0.0621164 0.0458418 -1.67165e-16)
(-0.0572043 0.0505162 -5.41016e-16)
(-0.0513853 0.0521977 1.45396e-16)
(-0.0513853 0.0521977 1.45396e-16)
(-0.0858793 0.0270924 1.30355e-15)
(-0.0799848 0.0337897 3.4162e-16)
(-0.0738911 0.0396963 9.50083e-16)
(-0.0675414 0.0448887 -1.44838e-16)
(-0.0675414 0.0448887 -1.44838e-16)
(-0.114923 -0.00525518 -9.63592e-17)
(-0.110468 0.00271261 2.08666e-17)
(-0.105501 0.0104671 -3.46338e-17)
(-0.0999501 0.017977 -7.78417e-16)
(-0.0940177 0.0252269 3.68993e-16)
(-0.0940177 0.0252269 3.68993e-16)
(-0.136 -0.059689 1.7174e-16)
(-0.134746 -0.0523038 2.4578e-16)
(-0.133443 -0.0443155 -1.44747e-17)
(-0.131862 -0.0358713 1.68665e-16)
(-0.129861 -0.0270913 1.70519e-16)
(-0.127154 -0.0181347 3.17993e-17)
(-0.123898 -0.00920163 1.66071e-17)
(-0.123898 -0.00920163 1.66071e-17)
(-0.123982 -0.0976986 1.48234e-18)
(-0.125824 -0.102842 -6.07842e-18)
(-0.128739 -0.105644 -4.47171e-18)
(-0.132581 -0.106205 -2.14831e-17)
(-0.136729 -0.104902 -1.95364e-17)
(-0.140101 -0.102043 -3.71926e-17)
(-0.141282 -0.0977206 8.67033e-17)
(-0.140072 -0.0921095 -2.38529e-17)
(-0.138164 -0.0857546 5.29811e-17)
(-0.137951 -0.0795425 1.02845e-16)
(-0.139905 -0.073791 -5.60857e-17)
(-0.142472 -0.0679201 -1.9907e-16)
(-0.142472 -0.0679201 -1.9907e-16)
(-1.35096 0.2603 2.09554e-18)
(-1.15133 0.275403 -2.00485e-17)
(-0.852087 0.25918 -8.37882e-17)
(-0.606574 0.244511 -5.96264e-17)
(-0.512179 0.231327 2.02498e-17)
(-0.592583 0.206797 -9.91036e-19)
(-0.802024 0.165294 -2.13177e-17)
(-1.06072 0.115729 1.09895e-17)
(-1.28698 0.0712094 6.07971e-17)
(-1.41494 0.0403051 6.41869e-18)
(-1.40036 0.0269839 -6.3629e-17)
(-1.22301 0.0338904 3.12279e-19)
(-0.886232 0.0626269 -2.19457e-17)
(-0.417086 0.112085 -4.99209e-17)
(0.135167 0.176619 -7.83242e-18)
(0.70271 0.246244 4.90285e-17)
(1.20729 0.308456 1.54802e-17)
(1.57416 0.351964 -1.02388e-16)
(1.74883 0.36818 -9.55529e-17)
(1.7249 0.352272 1.89777e-17)
(1.55152 0.307266 9.82903e-17)
(1.29404 0.242342 -3.94683e-17)
(0.975917 0.163397 -8.03742e-17)
(0.559057 0.0731276 1.81022e-16)
(0.10782 -0.0125198 -6.92831e-17)
(-0.164053 -0.0691414 -7.92242e-17)
(-0.204896 -0.0918715 7.65814e-18)
(-0.152051 -0.0961678 -7.78325e-18)
(-0.106704 -0.0956837 -7.20433e-17)
(-0.0856756 -0.0954703 2.73192e-17)
(-0.0784043 -0.0963726 1.13553e-18)
(-0.0772402 -0.0984406 -4.01184e-17)
(-0.0794302 -0.101645 1.80182e-17)
(-0.0837322 -0.105746 2.78121e-17)
(-0.0892966 -0.110316 4.44182e-17)
(-0.095369 -0.115351 -1.8974e-17)
(-0.10138 -0.120338 1.27684e-17)
(-0.10138 -0.120338 1.27684e-17)
)
;
    }
}


// ************************************************************************* //
