/*--------------------------------*- C++ -*----------------------------------*\
| =========                 |                                                 |
| \\      /  F ield         | OpenFOAM: The Open Source CFD Toolbox           |
|  \\    /   O peration     | Version:  2306                                  |
|   \\  /    A nd           | Website:  www.openfoam.com                      |
|    \\/     M anipulation  |                                                 |
\*---------------------------------------------------------------------------*/
FoamFile
{
    version     2.0;
    format      ascii;
    arch        "LSB;label=32;scalar=64";
    class       volVectorField;
    location    "850";
    object      momentError;
}
// * * * * * * * * * * * * * * * * * * * * * * * * * * * * * * * * * * * * * //

dimensions      [0 1 -2 0 0 0 0];

internalField   nonuniform List<vector> 
1340
(
(-9.35018e-08 4.33683e-07 -7.39662e-16)
(-3.10882e-09 8.2723e-07 -1.09304e-16)
(7.0272e-10 8.86657e-07 -7.61666e-16)
(1.24334e-07 7.23865e-07 3.80758e-15)
(1.14032e-07 7.85363e-07 -5.74739e-17)
(3.93931e-08 8.92907e-07 1.22431e-15)
(1.88059e-07 7.41696e-07 -8.403e-16)
(2.32882e-07 7.58782e-07 3.98106e-15)
(1.74129e-07 8.41837e-07 3.2788e-16)
(6.02647e-08 9.19505e-07 -1.89477e-15)
(1.6488e-07 8.88071e-07 -1.92696e-15)
(1.99052e-07 8.20362e-07 -1.60869e-15)
(2.51573e-07 7.73412e-07 -1.14752e-15)
(2.7571e-07 7.96555e-07 -1.40695e-15)
(1.94248e-07 8.36496e-07 -3.27568e-16)
(8.00693e-08 9.22858e-07 -1.06215e-15)
(1.87808e-07 1.11552e-06 -6.14266e-16)
(2.00119e-07 9.80271e-07 4.86059e-17)
(2.1958e-07 9.04482e-07 -4.69377e-15)
(2.52972e-07 8.53599e-07 -2.57509e-15)
(2.80179e-07 8.12303e-07 1.25474e-15)
(2.76122e-07 8.08121e-07 -1.57595e-15)
(2.0807e-07 8.36487e-07 -8.49853e-16)
(9.19014e-08 9.13145e-07 2.6612e-15)
(3.52668e-07 1.7272e-06 -3.26937e-15)
(2.94236e-07 1.5461e-06 -4.23872e-15)
(2.368e-07 1.34174e-06 -2.67336e-15)
(2.24098e-07 1.11659e-06 -6.48506e-18)
(2.69939e-07 9.90852e-07 -1.54766e-16)
(2.65131e-07 9.33801e-07 1.87989e-15)
(2.80423e-07 8.69695e-07 8.19435e-16)
(2.81644e-07 8.22622e-07 -2.12806e-16)
(2.78583e-07 8.17148e-07 7.75839e-16)
(2.09885e-07 8.24568e-07 5.70466e-17)
(9.86905e-08 8.94324e-07 -6.44686e-16)
(7.85337e-07 2.12098e-06 -8.15368e-16)
(6.66846e-07 1.89737e-06 1.23721e-15)
(5.43982e-07 1.75853e-06 3.37327e-16)
(4.50787e-07 1.63256e-06 -3.97566e-16)
(3.69659e-07 1.49007e-06 -1.53646e-15)
(3.11329e-07 1.30411e-06 -2.70432e-15)
(2.79369e-07 1.13492e-06 -5.42606e-16)
(3.20499e-07 9.98475e-07 1.41887e-16)
(2.86398e-07 9.18822e-07 1.94725e-15)
(2.87146e-07 8.7786e-07 4.49707e-16)
(2.87821e-07 8.2975e-07 -1.01406e-15)
(2.72208e-07 8.15834e-07 1.32281e-15)
(2.06463e-07 8.08156e-07 5.05554e-16)
(1.01138e-07 8.68111e-07 8.89299e-16)
(2.15233e-06 2.50301e-06 -1.04906e-15)
(1.78674e-06 2.37531e-06 2.93819e-16)
(1.47174e-06 2.26645e-06 1.17442e-16)
(1.15863e-06 2.10826e-06 -1.09926e-16)
(9.2843e-07 1.93329e-06 -4.53051e-16)
(7.76136e-07 1.76781e-06 2.17503e-15)
(6.59315e-07 1.63878e-06 2.6753e-16)
(5.69991e-07 1.55032e-06 9.03932e-16)
(4.71436e-07 1.41446e-06 -1.61447e-16)
(4.01939e-07 1.25368e-06 1.19923e-15)
(3.60786e-07 1.09602e-06 5.01645e-16)
(3.41121e-07 9.89096e-07 -1.66792e-16)
(3.18615e-07 9.10533e-07 -1.35732e-15)
(3.05472e-07 8.69309e-07 -3.62284e-16)
(2.91143e-07 8.2524e-07 5.21662e-16)
(2.65778e-07 8.07263e-07 -8.03854e-16)
(2.00042e-07 7.85077e-07 1.34952e-16)
(1.01158e-07 8.37521e-07 2.69295e-16)
(4.96205e-06 1.6583e-06 -9.97611e-16)
(4.45417e-06 1.76484e-06 -1.96763e-16)
(3.8455e-06 1.88795e-06 1.45625e-16)
(3.36644e-06 1.99833e-06 1.44021e-15)
(2.80084e-06 2.02049e-06 -1.2886e-16)
(2.36323e-06 2.00957e-06 -8.38469e-16)
(1.95789e-06 2.03085e-06 1.59349e-15)
(1.61796e-06 1.92808e-06 5.30195e-16)
(1.32175e-06 1.85538e-06 1.06274e-16)
(1.09183e-06 1.74119e-06 3.03784e-16)
(9.04897e-07 1.6014e-06 -4.85144e-16)
(7.96721e-07 1.51444e-06 -6.72413e-17)
(6.78322e-07 1.42532e-06 -1.9069e-15)
(5.72109e-07 1.31678e-06 -2.87818e-16)
(4.88012e-07 1.1867e-06 2.21566e-16)
(4.29438e-07 1.05867e-06 -4.57907e-16)
(3.8958e-07 9.5581e-07 6.36185e-17)
(3.51501e-07 8.83185e-07 -4.45177e-16)
(3.24658e-07 8.54785e-07 -1.88455e-16)
(2.96483e-07 8.12508e-07 2.8291e-17)
(2.60278e-07 7.90407e-07 -1.03147e-15)
(1.92865e-07 7.58998e-07 -1.56654e-16)
(9.96162e-08 8.03086e-07 -1.50212e-15)
(7.9558e-06 -9.82549e-07 1.20367e-16)
(7.58387e-06 -5.64549e-07 -2.11521e-16)
(7.17404e-06 -1.95195e-07 5.66138e-17)
(6.73788e-06 1.27671e-07 -1.62226e-16)
(6.26495e-06 3.82862e-07 -6.50231e-16)
(5.80781e-06 6.374e-07 2.20259e-16)
(5.30402e-06 7.97888e-07 1.53085e-16)
(4.82531e-06 9.6063e-07 -1.10366e-15)
(4.32537e-06 1.10297e-06 -2.67573e-16)
(3.86613e-06 1.26617e-06 -3.24918e-16)
(3.37838e-06 1.41733e-06 -4.48939e-16)
(2.91396e-06 1.48363e-06 -4.23394e-17)
(2.52011e-06 1.57846e-06 1.17028e-15)
(2.1135e-06 1.59297e-06 6.60856e-16)
(1.76085e-06 1.63042e-06 -2.06317e-16)
(1.48006e-06 1.58462e-06 2.76169e-16)
(1.21398e-06 1.50643e-06 2.98703e-17)
(1.04574e-06 1.426e-06 -8.30268e-17)
(9.10826e-07 1.36273e-06 -3.35768e-17)
(7.87588e-07 1.29896e-06 1.08009e-15)
(6.66954e-07 1.21244e-06 1.17893e-15)
(5.71361e-07 1.10452e-06 4.4184e-17)
(4.97336e-07 9.93658e-07 4.83617e-16)
(4.37637e-07 9.15046e-07 -7.6616e-17)
(3.87456e-07 8.52827e-07 9.60668e-16)
(3.45497e-07 8.26172e-07 6.34036e-16)
(3.04362e-07 7.90246e-07 1.15784e-16)
(2.55989e-07 7.67722e-07 2.16756e-16)
(1.86111e-07 7.27744e-07 1.02915e-15)
(9.67505e-08 7.6688e-07 4.72832e-16)
(5.67883e-06 -3.46541e-06 -1.74714e-17)
(6.07634e-06 -3.64506e-06 -1.88724e-18)
(6.42923e-06 -3.66544e-06 -2.15056e-18)
(6.75282e-06 -3.64897e-06 1.58935e-17)
(7.01895e-06 -3.56564e-06 2.53917e-17)
(7.23849e-06 -3.45437e-06 1.1745e-16)
(7.40104e-06 -3.2456e-06 2.50335e-17)
(7.50347e-06 -3.01401e-06 4.81499e-17)
(7.5442e-06 -2.72669e-06 5.10625e-18)
(7.51232e-06 -2.4353e-06 -2.01818e-16)
(7.42327e-06 -2.1153e-06 -7.92452e-17)
(7.2624e-06 -1.76921e-06 -2.45074e-16)
(7.04775e-06 -1.41124e-06 -2.00376e-16)
(6.77306e-06 -1.07526e-06 -3.52512e-16)
(6.46304e-06 -7.46939e-07 1.52843e-16)
(6.11672e-06 -4.80885e-07 -3.58815e-16)
(5.74654e-06 -2.0661e-07 -4.20558e-17)
(5.37341e-06 4.76492e-09 4.86966e-16)
(4.95416e-06 1.98876e-07 -1.47108e-16)
(4.58761e-06 3.77505e-07 6.30364e-16)
(4.15897e-06 5.65665e-07 -9.12751e-17)
(3.80237e-06 7.18823e-07 -2.34212e-17)
(3.36069e-06 8.80175e-07 1.39112e-16)
(3.00078e-06 1.01918e-06 8.24783e-17)
(2.60703e-06 1.11217e-06 -4.60904e-16)
(2.24724e-06 1.21051e-06 -7.79492e-16)
(1.91847e-06 1.25727e-06 1.73673e-16)
(1.61039e-06 1.29788e-06 -5.15302e-16)
(1.36283e-06 1.28107e-06 -1.48761e-16)
(1.17356e-06 1.23191e-06 3.54886e-17)
(1.02586e-06 1.20016e-06 3.79424e-17)
(8.82726e-07 1.15076e-06 8.91031e-16)
(7.5322e-07 1.08973e-06 -3.64326e-16)
(6.46532e-07 1.01565e-06 5.1984e-16)
(5.60478e-07 9.30161e-07 -6.75766e-16)
(4.85295e-07 8.57805e-07 2.24067e-16)
(4.22087e-07 8.06437e-07 -6.80934e-16)
(3.67481e-07 7.94135e-07 1.0484e-15)
(3.1214e-07 7.61626e-07 9.38499e-16)
(2.53088e-07 7.38075e-07 -1.81504e-17)
(1.79997e-07 6.95381e-07 -1.36187e-16)
(9.30335e-08 7.29141e-07 8.39012e-17)
(-3.55609e-05 2.23886e-05 -1.75115e-17)
(-2.32942e-05 2.04477e-05 1.36802e-17)
(-3.29278e-05 1.28915e-05 -3.83356e-17)
(-1.65338e-05 1.37184e-05 -5.971e-18)
(-3.28767e-05 9.39834e-06 2.98053e-17)
(-2.48779e-05 1.14943e-05 -1.7961e-17)
(-2.40691e-05 1.05952e-05 -4.17212e-17)
(-1.03548e-05 1.17188e-05 1.16905e-17)
(2.47669e-06 1.33908e-05 1.53998e-17)
(1.27174e-05 1.54666e-05 -4.60348e-17)
(2.03969e-05 1.76054e-05 -3.38482e-17)
(2.45467e-05 1.8894e-05 -6.71942e-18)
(2.45358e-05 1.92731e-05 -1.59016e-17)
(1.8985e-05 1.85396e-05 4.95165e-17)
(7.90979e-06 1.67524e-05 5.15883e-17)
(-7.01774e-06 1.41025e-05 -8.08653e-17)
(-2.26367e-05 1.0797e-05 -1.41932e-16)
(-3.55972e-05 7.2497e-06 -2.56433e-17)
(-4.23194e-05 3.25131e-06 3.23782e-17)
(-1.48915e-05 1.73975e-06 -2.36324e-17)
(0.000150658 3.43517e-05 2.10242e-17)
(0.000214294 8.27951e-05 -4.92915e-17)
(-0.000342994 -4.20222e-05 1.20965e-16)
(-0.00011879 -2.93981e-05 -9.95881e-17)
(4.67361e-05 7.44783e-06 -1.44302e-16)
(-2.18448e-07 2.23025e-06 -1.32778e-17)
(-4.02839e-07 1.99011e-06 -1.71584e-18)
(2.6184e-06 1.66983e-06 -8.0879e-17)
(2.23804e-06 7.49121e-07 -8.39611e-18)
(2.52798e-06 1.38606e-07 -3.13472e-17)
(3.03503e-06 -3.3499e-07 1.78896e-17)
(3.36998e-06 -6.36789e-07 1.37511e-16)
(3.7072e-06 -9.15338e-07 1.38777e-17)
(3.93756e-06 -1.15832e-06 6.30448e-17)
(4.25276e-06 -1.45822e-06 -3.02486e-17)
(4.49405e-06 -1.80916e-06 1.26813e-17)
(4.84111e-06 -2.00209e-06 2.63329e-17)
(5.05341e-06 -2.22122e-06 1.45756e-17)
(5.33464e-06 -2.5511e-06 -1.31075e-18)
(5.54001e-06 -2.67434e-06 4.9858e-21)
(5.78048e-06 -2.78886e-06 4.25176e-17)
(5.93746e-06 -2.82238e-06 2.75593e-17)
(6.12034e-06 -2.81922e-06 6.34782e-17)
(6.22169e-06 -2.74057e-06 2.43417e-17)
(6.32278e-06 -2.64106e-06 6.31989e-17)
(6.34533e-06 -2.49833e-06 -9.21364e-17)
(6.35176e-06 -2.33749e-06 -3.25753e-16)
(6.2905e-06 -2.13569e-06 2.58579e-16)
(6.20518e-06 -1.91639e-06 -3.07496e-17)
(6.05268e-06 -1.65256e-06 1.10982e-16)
(5.87195e-06 -1.39682e-06 1.0452e-16)
(5.64985e-06 -1.13339e-06 5.71933e-17)
(5.39662e-06 -8.8453e-07 1.23008e-16)
(5.14014e-06 -6.53418e-07 3.4498e-17)
(4.83872e-06 -4.36762e-07 -1.65829e-16)
(4.56663e-06 -2.53481e-07 -9.43912e-17)
(4.2515e-06 -6.94236e-08 2.33119e-16)
(3.96031e-06 9.24651e-08 2.15781e-17)
(3.6268e-06 2.79147e-07 2.08554e-16)
(3.32672e-06 4.36783e-07 -5.03759e-17)
(2.9845e-06 5.85476e-07 -2.16215e-16)
(2.66435e-06 7.09636e-07 -6.23672e-16)
(2.34838e-06 8.1422e-07 -5.69443e-16)
(2.04572e-06 9.33742e-07 4.37402e-16)
(1.76901e-06 9.92676e-07 -3.18396e-16)
(1.49623e-06 1.02123e-06 1.5453e-16)
(1.29925e-06 1.01413e-06 -2.87186e-16)
(1.13361e-06 1.00671e-06 -2.06874e-16)
(9.80668e-07 9.90775e-07 -5.60397e-16)
(8.43235e-07 9.62564e-07 -5.06379e-16)
(7.19808e-07 9.11993e-07 -9.13035e-16)
(6.17412e-07 8.44162e-07 4.0767e-16)
(5.30038e-07 7.97353e-07 -2.69271e-16)
(4.53275e-07 7.6053e-07 7.43576e-16)
(3.86722e-07 7.49633e-07 2.62327e-16)
(3.19599e-07 7.25054e-07 -5.61152e-17)
(2.52003e-07 7.04378e-07 1.63644e-16)
(1.74715e-07 6.58797e-07 -2.78213e-16)
(8.9436e-08 6.90995e-07 -1.26747e-16)
(-3.61295e-05 2.67725e-05 1.5471e-17)
(-3.35293e-05 2.21751e-05 -1.68927e-17)
(-2.20435e-05 1.29751e-05 -3.54637e-17)
(-1.79341e-05 1.17794e-05 3.16294e-18)
(-1.68994e-05 1.07676e-05 1.7777e-17)
(-1.81702e-05 1.04361e-05 -6.07652e-18)
(-1.90643e-05 9.9672e-06 -4.20724e-18)
(-1.71908e-05 9.44122e-06 -8.26936e-18)
(-1.4233e-05 8.97474e-06 -3.43192e-18)
(-9.22535e-06 9.71281e-06 -1.66271e-17)
(5.27906e-07 1.23552e-05 -2.33099e-17)
(2.03502e-06 1.32282e-05 1.3982e-17)
(6.38119e-06 1.51296e-05 -8.29165e-18)
(8.12956e-06 1.581e-05 -4.66525e-18)
(8.53116e-06 1.59917e-05 1.17079e-17)
(6.01899e-06 1.53627e-05 -4.29144e-17)
(8.50536e-07 1.40004e-05 2.0843e-17)
(-5.77882e-06 1.19475e-05 3.46108e-17)
(-9.91925e-06 9.59792e-06 -4.05519e-17)
(1.03245e-05 1.24552e-05 -4.16971e-17)
(3.32285e-05 2.27835e-05 -4.42425e-17)
(-0.000164157 -1.80216e-05 6.13401e-18)
(-7.54549e-05 -4.04878e-05 3.61487e-17)
(8.88864e-05 4.2112e-06 -5.43162e-17)
(6.10137e-05 6.5622e-06 1.90516e-17)
(7.1037e-06 2.4944e-06 -1.87366e-17)
(4.80981e-06 3.45316e-06 2.28568e-18)
(6.39152e-06 3.79882e-06 -3.89764e-17)
(4.76746e-06 3.13593e-06 1.40016e-17)
(4.05599e-06 2.26106e-06 -1.9551e-17)
(3.9172e-06 1.45572e-06 5.31454e-17)
(3.95262e-06 8.23773e-07 2.50419e-17)
(4.07669e-06 3.8905e-07 -1.93724e-17)
(4.15595e-06 3.55663e-08 -2.47803e-17)
(4.23582e-06 -2.94296e-07 -2.88731e-17)
(4.29257e-06 -6.28438e-07 1.78011e-17)
(4.4006e-06 -9.96477e-07 1.95953e-17)
(4.45338e-06 -1.34081e-06 7.67912e-19)
(4.57893e-06 -1.57181e-06 -1.74155e-17)
(4.67199e-06 -1.81455e-06 1.97818e-18)
(4.78932e-06 -1.9789e-06 -2.24311e-17)
(4.87679e-06 -2.11726e-06 -1.62094e-17)
(4.9775e-06 -2.18359e-06 -1.03033e-17)
(5.04203e-06 -2.23341e-06 -6.21851e-18)
(5.10627e-06 -2.22275e-06 -2.56733e-17)
(5.13244e-06 -2.19171e-06 -1.32901e-17)
(5.15038e-06 -2.10737e-06 1.08771e-16)
(5.1299e-06 -2.00588e-06 1.79307e-16)
(5.09276e-06 -1.85977e-06 1.10018e-16)
(5.01811e-06 -1.70575e-06 5.36236e-17)
(4.91894e-06 -1.51512e-06 -3.6545e-18)
(4.7894e-06 -1.32043e-06 4.34596e-17)
(4.63504e-06 -1.11433e-06 -6.80884e-18)
(4.46236e-06 -9.15364e-07 1.1228e-17)
(4.27173e-06 -7.25454e-07 8.73654e-17)
(4.06897e-06 -5.49312e-07 2.77099e-16)
(3.85724e-06 -3.92534e-07 -4.87247e-16)
(3.63112e-06 -2.21052e-07 7.24748e-17)
(3.40454e-06 -6.509e-08 -1.72208e-16)
(3.14453e-06 9.37872e-08 5.16997e-16)
(2.8944e-06 2.29147e-07 -4.47541e-19)
(2.62454e-06 3.68954e-07 4.14218e-16)
(2.37472e-06 5.0325e-07 6.9729e-16)
(2.11111e-06 6.08933e-07 -3.7781e-16)
(1.84661e-06 7.02543e-07 3.91972e-16)
(1.59976e-06 7.5689e-07 -2.33575e-16)
(1.40309e-06 7.83586e-07 -3.25909e-16)
(1.23461e-06 8.06303e-07 -1.76891e-16)
(1.07815e-06 8.1357e-07 1.11423e-16)
(9.25116e-07 8.11024e-07 8.70957e-16)
(7.9216e-07 7.9228e-07 9.3304e-16)
(6.72115e-07 7.58355e-07 -4.54344e-17)
(5.64256e-07 7.22605e-07 -3.1135e-16)
(4.77022e-07 6.98837e-07 -5.7795e-17)
(4.02021e-07 7.04887e-07 -1.41476e-15)
(3.26191e-07 6.84508e-07 1.53368e-17)
(2.52016e-07 6.65087e-07 -5.91439e-16)
(1.70901e-07 6.21713e-07 -1.24628e-16)
(8.60173e-08 6.51736e-07 1.8108e-16)
(-2.92366e-05 2.50556e-05 -8.97753e-18)
(-2.24906e-05 1.98711e-05 -8.12154e-18)
(-1.42589e-05 1.12748e-05 7.41558e-18)
(-1.19639e-05 9.93808e-06 -8.07599e-19)
(-1.07834e-05 8.00864e-06 -1.58421e-17)
(-1.06537e-05 7.12635e-06 1.07037e-17)
(-1.14072e-05 6.41287e-06 6.22131e-18)
(-1.08764e-05 5.32457e-06 -1.51458e-17)
(-7.99243e-06 2.62914e-06 5.96286e-18)
(-4.29355e-05 1.25595e-05 -9.28613e-18)
(1.28098e-05 8.6313e-06 9.16655e-18)
(-1.91807e-05 3.74918e-06 -9.332e-18)
(-9.65936e-07 8.79085e-06 -2.78503e-17)
(-9.42983e-06 7.57168e-06 3.89452e-18)
(-5.8909e-06 8.74415e-06 1.10949e-17)
(-3.52578e-06 9.1252e-06 -1.17584e-18)
(-6.27723e-07 9.3647e-06 2.23331e-17)
(1.28235e-06 9.18591e-06 -5.00816e-17)
(2.2739e-06 8.89926e-06 -2.77263e-17)
(3.49792e-06 9.49328e-06 1.99453e-18)
(-1.46238e-05 4.32848e-06 -1.53143e-18)
(-4.05023e-05 -9.5064e-06 2.2168e-17)
(7.64758e-06 4.30023e-06 -7.51377e-17)
(6.44677e-06 3.43101e-06 1.34964e-16)
(1.99341e-05 2.88612e-06 1.85138e-17)
(1.60851e-05 4.45008e-06 1.35543e-17)
(5.51543e-06 2.3167e-06 2.36722e-17)
(7.33971e-06 2.46534e-06 4.78768e-17)
(7.39437e-06 2.28446e-06 1.16045e-17)
(6.57057e-06 1.66737e-06 2.33193e-17)
(5.7551e-06 9.79254e-07 -1.57452e-17)
(5.17817e-06 3.94461e-07 -5.03634e-17)
(4.84128e-06 -9.73885e-09 2.22749e-18)
(4.67016e-06 -2.90519e-07 1.27149e-17)
(4.51803e-06 -5.0473e-07 3.98966e-17)
(4.40326e-06 -7.18489e-07 -2.15369e-17)
(4.27396e-06 -9.24141e-07 2.14258e-18)
(4.205e-06 -1.14709e-06 -2.09671e-17)
(4.1286e-06 -1.3429e-06 1.0858e-17)
(4.09478e-06 -1.51313e-06 -2.58036e-19)
(4.06246e-06 -1.63523e-06 -9.49255e-18)
(4.06153e-06 -1.73505e-06 -6.48356e-18)
(4.05724e-06 -1.79318e-06 3.98048e-19)
(4.07283e-06 -1.83618e-06 -8.84528e-18)
(4.08137e-06 -1.84549e-06 -5.07791e-18)
(4.09941e-06 -1.8452e-06 5.07604e-17)
(4.10586e-06 -1.81198e-06 2.68516e-17)
(4.10953e-06 -1.76437e-06 -6.16951e-17)
(4.0971e-06 -1.68556e-06 3.2864e-17)
(4.07206e-06 -1.58518e-06 1.40202e-17)
(4.0287e-06 -1.4595e-06 6.48571e-17)
(3.96463e-06 -1.3235e-06 -1.51652e-16)
(3.88396e-06 -1.17188e-06 9.97288e-18)
(3.78071e-06 -1.0145e-06 1.50209e-17)
(3.66356e-06 -8.61857e-07 7.30426e-17)
(3.52877e-06 -7.12558e-07 -8.39775e-17)
(3.3848e-06 -5.68619e-07 1.70406e-16)
(3.23055e-06 -4.27611e-07 6.88838e-17)
(3.05611e-06 -2.87613e-07 -1.00134e-16)
(2.8783e-06 -1.54518e-07 1.41113e-16)
(2.67933e-06 -1.31862e-08 3.42889e-17)
(2.49049e-06 1.1589e-07 5.54325e-16)
(2.27538e-06 2.38535e-07 -1.17229e-18)
(2.06538e-06 3.54977e-07 -3.24975e-16)
(1.84496e-06 4.47475e-07 5.01667e-16)
(1.6309e-06 5.25512e-07 3.67919e-18)
(1.4554e-06 5.6442e-07 -2.66867e-16)
(1.29603e-06 6.01138e-07 1.79639e-16)
(1.14251e-06 6.30622e-07 -5.48699e-17)
(9.92073e-07 6.57145e-07 3.90355e-16)
(8.45419e-07 6.63523e-07 2.1399e-17)
(7.06255e-07 6.42823e-07 -3.20068e-17)
(5.90898e-07 6.41175e-07 2.9037e-16)
(4.92624e-07 6.42334e-07 -1.81354e-18)
(4.10599e-07 6.50456e-07 -6.68032e-17)
(3.30617e-07 6.38322e-07 -1.09654e-16)
(2.51258e-07 6.23631e-07 -3.59857e-16)
(1.67452e-07 5.80542e-07 2.32566e-16)
(8.24375e-08 6.12219e-07 -3.41119e-16)
(-1.55881e-05 1.78879e-05 8.71041e-18)
(-9.06454e-06 1.3112e-05 4.41154e-18)
(-3.97456e-06 6.31591e-06 -1.27147e-17)
(-3.38523e-06 4.81355e-06 -1.3006e-17)
(-2.63755e-06 2.77424e-06 1.70481e-17)
(-2.08075e-06 1.80858e-06 -1.03028e-17)
(-1.02346e-06 1.3546e-06 6.75785e-18)
(1.57189e-05 9.42609e-07 2.27004e-17)
(0.000227611 6.55008e-07 -5.35701e-18)
(-0.000192412 -2.93698e-06 4.02375e-18)
(-3.45898e-06 1.46535e-05 -2.04485e-18)
(-8.75565e-05 -1.71148e-05 3.06644e-18)
(3.80373e-05 6.53225e-06 1.72372e-17)
(-3.57845e-05 -3.18404e-06 -6.90666e-18)
(-1.50021e-05 7.21129e-07 -4.67226e-17)
(-1.84832e-05 9.71106e-07 -1.85649e-17)
(-1.41702e-05 1.86455e-06 -1.9842e-17)
(-9.46913e-06 2.51104e-06 1.89728e-18)
(-4.12502e-06 3.01186e-06 1.64513e-17)
(1.13943e-06 3.06421e-06 -7.02433e-18)
(1.24845e-05 3.08039e-06 2.54436e-17)
(4.45588e-05 9.43e-06 -4.14434e-17)
(8.22834e-06 5.82738e-06 7.03396e-17)
(-3.00406e-05 -6.32378e-06 -6.20305e-17)
(2.02765e-06 -1.42173e-06 -6.61775e-17)
(1.47363e-05 9.15599e-07 -2.12783e-17)
(3.90854e-06 -5.28323e-07 -7.68604e-18)
(3.03867e-06 -9.34277e-07 -6.10707e-18)
(5.27918e-06 -7.5569e-07 3.54608e-18)
(6.29014e-06 -7.89748e-07 -1.50709e-17)
(6.34131e-06 -9.8376e-07 -3.93133e-18)
(5.81587e-06 -1.2474e-06 3.74116e-17)
(5.22549e-06 -1.44994e-06 2.17168e-17)
(4.79135e-06 -1.5391e-06 5.65969e-18)
(4.50476e-06 -1.53452e-06 -7.04259e-17)
(4.29428e-06 -1.50788e-06 2.32013e-18)
(4.11833e-06 -1.5041e-06 -1.25221e-19)
(3.95939e-06 -1.53422e-06 2.11018e-18)
(3.82094e-06 -1.57099e-06 1.07938e-17)
(3.70328e-06 -1.60708e-06 2.22269e-18)
(3.60624e-06 -1.62117e-06 -7.26933e-18)
(3.5284e-06 -1.63298e-06 -6.64452e-18)
(3.46897e-06 -1.6258e-06 -1.58086e-17)
(3.42434e-06 -1.62452e-06 -3.74443e-18)
(3.39474e-06 -1.60644e-06 -2.92452e-18)
(3.37467e-06 -1.58843e-06 -1.62897e-17)
(3.36355e-06 -1.55452e-06 8.55831e-18)
(3.35438e-06 -1.51782e-06 -1.95214e-17)
(3.34612e-06 -1.46141e-06 -1.19937e-16)
(3.33171e-06 -1.40212e-06 8.39569e-17)
(3.31011e-06 -1.32232e-06 3.13561e-17)
(3.27639e-06 -1.22969e-06 -1.21251e-18)
(3.23046e-06 -1.12414e-06 1.51428e-17)
(3.17007e-06 -1.0141e-06 2.37746e-17)
(3.0963e-06 -8.96893e-07 -3.12983e-16)
(3.0102e-06 -7.79601e-07 -7.30056e-19)
(2.91229e-06 -6.63909e-07 5.12746e-17)
(2.80381e-06 -5.45571e-07 -2.57899e-17)
(2.68488e-06 -4.27004e-07 1.44209e-16)
(2.55546e-06 -3.06214e-07 -6.93683e-16)
(2.42042e-06 -1.878e-07 2.00758e-16)
(2.26749e-06 -6.63975e-08 1.2048e-16)
(2.11431e-06 4.76571e-08 -8.05138e-16)
(1.94525e-06 1.52515e-07 3.44096e-16)
(1.77139e-06 2.47155e-07 -3.09713e-16)
(1.59723e-06 3.27278e-07 8.08312e-17)
(1.44396e-06 3.75347e-07 -1.95273e-16)
(1.30656e-06 4.17612e-07 2.04209e-16)
(1.16712e-06 4.59572e-07 1.47462e-16)
(1.02075e-06 4.93722e-07 -2.18771e-16)
(8.72636e-07 5.14119e-07 -3.43039e-16)
(7.35264e-07 5.33416e-07 -2.10696e-17)
(6.16939e-07 5.47967e-07 -4.79778e-16)
(5.08083e-07 5.65112e-07 -8.80617e-17)
(4.18744e-07 5.97052e-07 1.054e-15)
(3.3233e-07 5.90207e-07 -2.66504e-16)
(2.48825e-07 5.77426e-07 8.22864e-16)
(1.62839e-07 5.39789e-07 -6.15664e-16)
(7.75367e-08 5.71871e-07 2.54884e-16)
(1.13051e-06 6.66535e-06 -7.3205e-18)
(5.6544e-06 3.67494e-06 1.28217e-18)
(6.07032e-06 5.18836e-07 -1.95508e-18)
(5.36304e-06 -2.48627e-07 -5.79602e-18)
(5.0672e-06 -1.9276e-06 -1.81558e-17)
(4.9372e-06 -2.80937e-06 8.15808e-18)
(4.75601e-06 -3.0521e-06 2.43826e-18)
(3.76155e-06 -3.0425e-06 -1.87066e-17)
(-2.34686e-05 -4.09322e-06 3.65419e-18)
(2.28869e-06 -1.19581e-05 1.28726e-18)
(2.68282e-06 -4.77021e-06 2.86499e-18)
(2.25074e-05 -3.06564e-06 -1.32624e-18)
(-9.50684e-06 -1.85405e-06 -9.71939e-18)
(5.3692e-06 -1.75774e-06 -4.17474e-18)
(-1.95869e-05 -4.83031e-06 8.25355e-18)
(-1.49866e-05 -2.46414e-06 1.51333e-17)
(-2.10686e-05 -3.28628e-06 3.81655e-18)
(-1.86335e-05 -2.70738e-06 1.18448e-17)
(-1.45534e-05 -2.3663e-06 -2.26647e-17)
(-7.70844e-06 -1.74455e-06 6.80691e-18)
(9.38806e-07 -5.06279e-07 1.30009e-17)
(3.38292e-06 -3.8882e-07 2.73918e-17)
(5.51779e-06 -3.80567e-06 -2.71621e-17)
(1.0157e-05 -4.05698e-06 -6.04772e-17)
(2.07865e-05 -1.36976e-06 4.27799e-17)
(2.33685e-05 2.96861e-07 2.02239e-17)
(1.13929e-05 -7.48053e-07 1.94495e-18)
(3.6082e-06 -1.89572e-06 -2.86959e-18)
(2.00674e-06 -2.30372e-06 4.90212e-18)
(2.81818e-06 -2.42691e-06 1.61385e-17)
(4.14343e-06 -2.4851e-06 -3.42504e-19)
(4.82005e-06 -2.55934e-06 -2.45272e-17)
(4.79702e-06 -2.59615e-06 -3.44364e-17)
(4.46909e-06 -2.55892e-06 -2.31355e-17)
(4.14902e-06 -2.43235e-06 5.31904e-17)
(3.88955e-06 -2.27276e-06 1.68628e-17)
(3.6991e-06 -2.11438e-06 -8.39688e-18)
(3.54788e-06 -1.99374e-06 -1.29455e-18)
(3.41556e-06 -1.8982e-06 1.11972e-18)
(3.29578e-06 -1.82729e-06 -5.73184e-18)
(3.18309e-06 -1.75541e-06 -6.02663e-18)
(3.08316e-06 -1.68474e-06 3.91246e-18)
(2.99449e-06 -1.60603e-06 1.86975e-18)
(2.92076e-06 -1.53416e-06 1.91105e-18)
(2.85849e-06 -1.46337e-06 -9.19991e-18)
(2.80736e-06 -1.41074e-06 -6.20427e-18)
(2.76463e-06 -1.35642e-06 5.53134e-17)
(2.72766e-06 -1.31495e-06 -8.49106e-18)
(2.69524e-06 -1.26759e-06 7.27752e-18)
(2.66384e-06 -1.21978e-06 -7.25773e-17)
(2.63291e-06 -1.16047e-06 -4.06287e-18)
(2.59789e-06 -1.09979e-06 -2.32877e-17)
(2.56042e-06 -1.02528e-06 7.36008e-17)
(2.51681e-06 -9.43514e-07 3.76534e-18)
(2.46832e-06 -8.57812e-07 -2.01351e-16)
(2.41282e-06 -7.68028e-07 9.98184e-17)
(2.3511e-06 -6.74812e-07 -1.07637e-17)
(2.28321e-06 -5.79263e-07 -1.40938e-16)
(2.20668e-06 -4.8142e-07 1.39832e-16)
(2.12343e-06 -3.80328e-07 1.96054e-16)
(2.03053e-06 -2.78e-07 2.22777e-16)
(1.92986e-06 -1.74609e-07 -6.48526e-17)
(1.81865e-06 -7.57647e-08 2.0169e-16)
(1.69777e-06 1.6804e-08 -3.05805e-16)
(1.5696e-06 1.02413e-07 3.08945e-17)
(1.43512e-06 1.81012e-07 -1.28289e-16)
(1.31805e-06 2.2634e-07 4.28151e-16)
(1.20453e-06 2.67676e-07 1.15588e-17)
(1.09291e-06 3.0466e-07 1.74912e-18)
(9.72649e-07 3.48289e-07 -3.62057e-16)
(8.46279e-07 3.85251e-07 1.26634e-16)
(7.28958e-07 4.08e-07 8.95281e-17)
(6.10773e-07 4.49793e-07 5.12767e-16)
(5.14633e-07 4.8738e-07 1.1585e-16)
(4.13972e-07 5.2698e-07 -1.08906e-15)
(3.22057e-07 5.32747e-07 -2.84458e-16)
(2.38176e-07 5.28478e-07 -1.41966e-16)
(1.52951e-07 4.94709e-07 1.9399e-16)
(7.08528e-08 5.32498e-07 3.55136e-16)
(1.43903e-05 -3.95689e-06 -4.31912e-18)
(1.51714e-05 -5.22809e-06 -3.26212e-18)
(1.06579e-05 -5.09916e-06 9.2643e-18)
(9.33255e-06 -4.83788e-06 2.76987e-18)
(8.37766e-06 -5.61082e-06 -5.17836e-18)
(7.60916e-06 -6.10884e-06 -1.67395e-17)
(7.05618e-06 -6.26695e-06 -7.5953e-18)
(6.99846e-06 -6.0821e-06 1.33023e-17)
(8.42567e-06 -5.82869e-06 -8.53146e-18)
(1.19861e-06 -4.96355e-06 -1.11045e-17)
(7.1273e-06 -4.75231e-06 4.241e-18)
(0.000102008 -4.91949e-06 9.34458e-20)
(-7.71606e-05 -4.91346e-06 8.4233e-18)
(1.22424e-05 2.62229e-06 -4.33304e-18)
(-4.02672e-05 -1.22297e-05 -1.52271e-18)
(2.1105e-05 -5.2073e-07 1.99285e-17)
(-2.42425e-05 -6.64771e-06 3.48953e-17)
(-1.30406e-05 -4.47051e-06 -1.08185e-17)
(-1.67911e-05 -4.87413e-06 3.77947e-18)
(-1.36745e-05 -4.36407e-06 1.15127e-17)
(-9.64865e-06 -3.91263e-06 2.06495e-18)
(-3.88465e-06 -3.61714e-06 3.76932e-18)
(2.35203e-06 -3.35643e-06 5.94151e-18)
(7.5943e-06 -3.10396e-06 5.68109e-17)
(1.32844e-05 -1.85528e-06 2.01904e-17)
(1.72253e-05 -7.03314e-07 -4.374e-19)
(1.44377e-05 -6.497e-07 9.064e-18)
(8.94603e-06 -1.15325e-06 1.20113e-18)
(4.40807e-06 -1.68634e-06 1.41973e-17)
(1.72229e-06 -2.12184e-06 -1.93275e-18)
(1.18246e-06 -2.37708e-06 -2.46176e-17)
(1.82088e-06 -2.48399e-06 -2.72973e-17)
(2.50187e-06 -2.49614e-06 1.8165e-17)
(2.65864e-06 -2.50919e-06 8.53089e-18)
(2.874e-06 -2.42431e-06 -2.91674e-18)
(2.70711e-06 -2.29357e-06 -3.01201e-18)
(2.59673e-06 -2.11316e-06 8.39869e-18)
(2.47834e-06 -1.96035e-06 8.83915e-18)
(2.39153e-06 -1.84115e-06 -8.44741e-18)
(2.31456e-06 -1.75394e-06 8.77022e-18)
(2.2457e-06 -1.66893e-06 1.29255e-17)
(2.18069e-06 -1.58338e-06 6.61122e-18)
(2.11693e-06 -1.49322e-06 -4.98461e-18)
(2.054e-06 -1.4138e-06 -1.87308e-18)
(1.9936e-06 -1.33857e-06 -6.03823e-18)
(1.93678e-06 -1.27318e-06 1.63858e-17)
(1.88564e-06 -1.20882e-06 3.21944e-17)
(1.83792e-06 -1.14981e-06 -1.61346e-17)
(1.79675e-06 -1.09028e-06 1.66029e-17)
(1.75813e-06 -1.03904e-06 2.05211e-17)
(1.72604e-06 -9.80724e-07 2.91292e-17)
(1.69557e-06 -9.17225e-07 3.75346e-17)
(1.67026e-06 -8.47733e-07 -1.41534e-18)
(1.644e-06 -7.77581e-07 2.11189e-17)
(1.62012e-06 -7.0453e-07 8.46237e-17)
(1.59418e-06 -6.32386e-07 -2.88218e-17)
(1.56703e-06 -5.58506e-07 -9.74017e-18)
(1.53681e-06 -4.8265e-07 1.52077e-16)
(1.50259e-06 -4.05532e-07 5.02409e-19)
(1.46495e-06 -3.26659e-07 1.2292e-16)
(1.41978e-06 -2.4713e-07 -3.38057e-16)
(1.37044e-06 -1.66647e-07 -1.05922e-16)
(1.31091e-06 -9.00782e-08 -2.16665e-17)
(1.2464e-06 -1.77043e-08 -2.08691e-16)
(1.17279e-06 5.05188e-08 9.67899e-17)
(1.09517e-06 1.14011e-07 6.35257e-17)
(1.0297e-06 1.54276e-07 -5.86235e-18)
(9.56157e-07 1.88047e-07 -1.60237e-16)
(8.91289e-07 2.27228e-07 -8.82238e-17)
(8.11089e-07 2.56972e-07 8.91937e-17)
(7.28825e-07 2.89261e-07 -5.30538e-17)
(6.42052e-07 3.263e-07 -4.10599e-17)
(5.6063e-07 3.66604e-07 5.36258e-16)
(4.70976e-07 4.07951e-07 7.81894e-17)
(3.84704e-07 4.5635e-07 3.72243e-16)
(2.99203e-07 4.73254e-07 4.27196e-16)
(2.21878e-07 4.79424e-07 6.33064e-17)
(1.44798e-07 4.51489e-07 2.74053e-16)
(6.80071e-08 4.92747e-07 8.45756e-17)
(1.67515e-05 -1.36244e-05 -2.50626e-19)
(1.4019e-05 -1.33612e-05 -1.18084e-18)
(8.11837e-06 -1.05802e-05 -1.29208e-18)
(7.05188e-06 -9.1189e-06 -1.61016e-18)
(6.16864e-06 -8.66129e-06 7.39514e-18)
(5.42029e-06 -8.37129e-06 1.50578e-17)
(4.85446e-06 -8.21914e-06 1.04075e-17)
(4.51685e-06 -7.93315e-06 -4.59867e-18)
(4.14916e-06 -7.4721e-06 5.16864e-18)
(3.27545e-06 -6.9895e-06 1.59291e-17)
(3.39329e-06 -6.1471e-06 -5.8982e-18)
(-5.47749e-06 -5.7466e-06 2.18654e-18)
(3.69027e-06 -7.72977e-06 6.87003e-18)
(4.07949e-06 -5.40703e-06 5.05364e-18)
(7.05297e-06 -3.82577e-06 6.26273e-19)
(6.09054e-06 -4.32164e-06 2.23344e-18)
(4.8794e-07 -4.27924e-06 -8.97116e-18)
(-3.25459e-06 -4.19859e-06 9.39091e-18)
(-7.89758e-06 -4.38391e-06 9.47055e-18)
(-1.00022e-05 -4.43512e-06 -9.5448e-18)
(-1.04272e-05 -4.45923e-06 -9.62087e-19)
(-8.44945e-06 -4.27636e-06 3.42016e-18)
(-4.714e-06 -3.97867e-06 -9.63776e-18)
(-4.363e-07 -3.70474e-06 -3.93216e-17)
(4.54716e-06 -3.11632e-06 -3.34733e-17)
(9.81034e-06 -2.3073e-06 1.88587e-17)
(1.26911e-05 -1.73746e-06 -1.38514e-19)
(1.24017e-05 -1.54836e-06 3.41004e-18)
(9.95274e-06 -1.63591e-06 -2.71281e-17)
(6.32517e-06 -1.91365e-06 -3.44513e-17)
(3.15509e-06 -2.21778e-06 -1.58428e-18)
(1.78954e-06 -2.2396e-06 4.50874e-17)
(1.62185e-06 -1.7716e-06 -1.78426e-17)
(-1.20596e-06 -2.73942e-06 -1.29085e-17)
(2.78503e-06 -2.69513e-06 -2.48538e-18)
(1.55191e-06 -2.71633e-06 6.1356e-18)
(1.96453e-06 -2.44897e-06 -7.88357e-18)
(1.91213e-06 -2.27292e-06 -4.54498e-19)
(1.88353e-06 -2.08715e-06 5.0186e-18)
(1.82244e-06 -1.9567e-06 -2.26548e-19)
(1.77996e-06 -1.85518e-06 6.24633e-18)
(1.73485e-06 -1.77315e-06 -3.38725e-19)
(1.68702e-06 -1.68879e-06 3.30685e-18)
(1.63709e-06 -1.59816e-06 -4.79895e-19)
(1.58751e-06 -1.49691e-06 6.10526e-18)
(1.53836e-06 -1.39739e-06 -2.2599e-19)
(1.4936e-06 -1.29891e-06 -1.81396e-17)
(1.45117e-06 -1.21265e-06 -1.18396e-17)
(1.41516e-06 -1.12557e-06 -4.06856e-18)
(1.38281e-06 -1.04073e-06 2.26866e-17)
(1.3592e-06 -9.52251e-07 5.45062e-17)
(1.33799e-06 -8.73525e-07 -2.83222e-18)
(1.32342e-06 -7.92197e-07 -3.15051e-17)
(1.30909e-06 -7.18464e-07 2.11631e-17)
(1.29966e-06 -6.4445e-07 4.56264e-17)
(1.28912e-06 -5.74154e-07 -5.9171e-17)
(1.28182e-06 -5.024e-07 9.77891e-17)
(1.27211e-06 -4.33672e-07 5.16426e-17)
(1.26184e-06 -3.63232e-07 1.26367e-17)
(1.24793e-06 -2.9281e-07 1.82656e-16)
(1.22912e-06 -2.21351e-07 7.42594e-17)
(1.20547e-06 -1.50399e-07 -1.63562e-16)
(1.17211e-06 -8.28687e-08 1.63341e-16)
(1.13402e-06 -1.88664e-08 1.11085e-16)
(1.08495e-06 4.19387e-08 -1.69018e-16)
(1.03328e-06 1.00509e-07 2.13736e-17)
(9.72485e-07 1.31937e-07 -6.06085e-17)
(9.27426e-07 1.71752e-07 -1.39932e-16)
(8.78236e-07 1.94887e-07 -6.27143e-17)
(8.16533e-07 2.25248e-07 3.12428e-17)
(7.54766e-07 2.57062e-07 8.91033e-17)
(6.7725e-07 2.85594e-07 -9.96265e-17)
(6.00111e-07 3.30088e-07 -4.09946e-16)
(5.10059e-07 3.73882e-07 -1.06302e-16)
(4.21924e-07 4.23822e-07 1.96599e-16)
(3.26185e-07 4.46348e-07 -2.16243e-16)
(2.4158e-07 4.52194e-07 -3.47907e-16)
(1.58582e-07 4.20062e-07 -2.05662e-16)
(7.59834e-08 4.52719e-07 -3.34944e-16)
(7.16313e-06 -1.2356e-05 1.08094e-18)
(3.84377e-06 -1.20518e-05 5.43612e-18)
(8.49721e-07 -9.67057e-06 -6.39445e-19)
(6.62686e-07 -8.21642e-06 -2.31903e-18)
(4.21878e-07 -7.3103e-06 -4.47251e-18)
(2.27946e-07 -6.60053e-06 -5.83448e-18)
(1.21646e-07 -6.23631e-06 -5.50392e-18)
(1.29226e-07 -6.00364e-06 -4.19306e-18)
(2.49806e-07 -5.74551e-06 -2.30855e-18)
(2.56398e-07 -5.32472e-06 8.95886e-19)
(6.61376e-07 -4.78607e-06 1.00326e-17)
(2.2508e-06 -4.29423e-06 5.95599e-19)
(-1.10553e-06 -3.65346e-06 -5.61091e-19)
(8.61213e-07 -3.17555e-06 -8.5093e-18)
(7.21523e-07 -3.23024e-06 4.50311e-19)
(2.56431e-06 -2.75446e-06 -1.84394e-18)
(2.12218e-06 -2.59078e-06 -1.32335e-17)
(2.14237e-06 -2.34945e-06 -3.80933e-18)
(8.33756e-08 -2.34588e-06 -6.20785e-19)
(-2.18e-06 -2.42258e-06 6.34963e-18)
(-4.39804e-06 -2.63294e-06 5.09653e-18)
(-5.65574e-06 -2.86251e-06 -5.21093e-18)
(-5.52792e-06 -3.10015e-06 -9.70963e-18)
(-3.9149e-06 -3.17824e-06 -9.84442e-18)
(-9.88257e-07 -3.07403e-06 2.48248e-17)
(2.79174e-06 -2.68517e-06 3.36769e-18)
(6.33817e-06 -2.21238e-06 -2.65459e-17)
(8.7481e-06 -1.80405e-06 -8.65329e-18)
(9.60225e-06 -1.51812e-06 4.22236e-18)
(9.02855e-06 -1.32857e-06 2.2171e-17)
(9.01839e-06 -8.45704e-07 3.34201e-17)
(1.50367e-05 1.1261e-06 -1.69478e-17)
(1.71026e-05 1.97716e-06 8.29821e-18)
(-5.69454e-05 -1.4583e-05 2.63878e-17)
(3.20596e-05 4.37897e-07 1.49507e-17)
(-5.74077e-06 -3.2126e-06 -1.39503e-17)
(2.09553e-06 -2.12564e-06 -6.35804e-18)
(1.09947e-06 -1.9682e-06 -6.21057e-18)
(1.04881e-06 -1.70397e-06 -1.49056e-18)
(1.08427e-06 -1.54087e-06 -6.20965e-18)
(1.0907e-06 -1.42699e-06 1.9388e-18)
(1.05496e-06 -1.35053e-06 4.55224e-19)
(1.02614e-06 -1.28594e-06 -2.59911e-19)
(9.96309e-07 -1.22378e-06 5.47046e-18)
(9.63095e-07 -1.14864e-06 8.82326e-19)
(9.31806e-07 -1.073e-06 -3.49824e-19)
(9.00512e-07 -9.95107e-07 1.98423e-18)
(8.73795e-07 -9.2001e-07 -6.53949e-18)
(8.49627e-07 -8.41088e-07 -2.30825e-18)
(8.30146e-07 -7.71621e-07 -9.73505e-18)
(8.13499e-07 -7.01893e-07 -3.72288e-17)
(8.01681e-07 -6.39529e-07 -1.14249e-17)
(7.93757e-07 -5.77258e-07 1.42192e-17)
(7.89889e-07 -5.22052e-07 -4.53324e-17)
(7.91286e-07 -4.64871e-07 -6.16837e-18)
(7.95234e-07 -4.15735e-07 -2.32317e-17)
(8.03629e-07 -3.66581e-07 6.01926e-17)
(8.12286e-07 -3.22187e-07 -4.04411e-17)
(8.23927e-07 -2.76336e-07 -7.71665e-17)
(8.32774e-07 -2.33672e-07 -6.69556e-17)
(8.41499e-07 -1.89215e-07 7.39169e-17)
(8.44624e-07 -1.46637e-07 1.36073e-16)
(8.43961e-07 -1.04719e-07 1.07769e-16)
(8.36944e-07 -6.41702e-08 -1.15568e-17)
(8.23704e-07 -2.18905e-08 -2.82576e-17)
(8.05154e-07 2.05335e-08 -2.83172e-17)
(7.81934e-07 5.03942e-08 -1.61568e-16)
(7.59729e-07 7.4556e-08 1.17746e-16)
(7.29854e-07 9.62083e-08 -1.0012e-16)
(7.04262e-07 1.18222e-07 1.41496e-17)
(6.57477e-07 1.39685e-07 2.48035e-16)
(6.16335e-07 1.70828e-07 1.74154e-16)
(5.56701e-07 2.1271e-07 -1.82498e-16)
(4.91705e-07 2.57427e-07 2.15606e-16)
(4.14357e-07 3.15285e-07 -3.95393e-16)
(3.31406e-07 3.50132e-07 -3.47202e-16)
(2.49641e-07 3.68997e-07 2.91954e-17)
(1.67953e-07 3.5421e-07 1.85401e-16)
(8.25632e-08 3.97097e-07 -6.10419e-16)
(-2.72941e-06 -6.66686e-06 -1.76917e-18)
(-3.14523e-06 -6.43056e-06 3.04736e-18)
(-2.90975e-06 -5.6408e-06 1.86443e-18)
(-2.46751e-06 -4.75182e-06 -1.90809e-18)
(-2.12695e-06 -4.14575e-06 -1.12041e-18)
(-1.81525e-06 -3.67355e-06 1.90982e-18)
(-1.51665e-06 -3.44606e-06 5.05239e-18)
(-1.2237e-06 -3.32744e-06 -2.86656e-18)
(-9.43721e-07 -3.18714e-06 -1.25584e-18)
(-6.38387e-07 -2.92409e-06 -3.08207e-18)
(-4.99164e-07 -2.582e-06 -3.68398e-18)
(-4.16822e-07 -2.26287e-06 -2.96424e-18)
(-1.98025e-07 -1.92539e-06 7.32087e-18)
(1.07926e-07 -1.69501e-06 -2.98453e-19)
(7.25903e-07 -1.51364e-06 -2.36541e-18)
(1.2707e-06 -1.34948e-06 3.52145e-18)
(1.75338e-06 -1.18293e-06 -2.3852e-18)
(1.7812e-06 -1.05363e-06 -2.53983e-19)
(1.28229e-06 -1.02027e-06 7.37318e-18)
(3.4911e-08 -1.14709e-06 -5.90538e-18)
(-1.88552e-06 -1.53468e-06 1.03549e-19)
(-2.5593e-06 -1.93054e-06 6.50475e-18)
(-1.84467e-06 -1.79555e-06 1.48868e-17)
(-2.13849e-06 -2.38485e-06 -5.75548e-18)
(-3.64922e-07 -2.21414e-06 -2.87368e-17)
(1.5852e-06 -2.0759e-06 1.50856e-17)
(3.76486e-06 -1.82979e-06 1.16861e-17)
(5.58822e-06 -1.54318e-06 7.97016e-18)
(6.52587e-06 -1.29083e-06 2.05002e-17)
(6.10232e-06 -1.16072e-06 -5.89206e-18)
(5.33622e-08 -2.354e-06 -1.24019e-18)
(-3.66582e-05 -1.0543e-05 1.22215e-17)
(3.54412e-05 3.14271e-06 -9.15555e-18)
(1.35095e-05 3.15719e-06 -4.76761e-18)
(-3.85364e-06 -3.38514e-06 7.64304e-18)
(4.70454e-06 -8.60458e-07 -4.24741e-19)
(-2.21065e-07 -1.25621e-06 5.04313e-18)
(7.01885e-08 -1.30993e-06 5.1439e-18)
(9.70389e-07 -1.129e-06 6.57552e-18)
(7.01226e-07 -1.06018e-06 -2.85038e-19)
(7.31961e-07 -1.00142e-06 -3.65404e-18)
(7.46272e-07 -9.76641e-07 3.10582e-18)
(7.36189e-07 -9.51472e-07 -4.40059e-18)
(7.16289e-07 -9.17028e-07 -3.98424e-18)
(7.00621e-07 -8.78016e-07 -2.25149e-18)
(6.78753e-07 -8.26848e-07 -9.10811e-19)
(6.65906e-07 -7.74717e-07 1.74486e-18)
(6.49536e-07 -7.22229e-07 2.50354e-18)
(6.42519e-07 -6.68949e-07 -1.00729e-17)
(6.3267e-07 -6.1068e-07 -1.18729e-17)
(6.31541e-07 -5.55389e-07 -1.40138e-17)
(6.27957e-07 -4.96054e-07 1.55653e-17)
(6.3258e-07 -4.38833e-07 -2.37237e-18)
(6.35565e-07 -3.84454e-07 6.59341e-18)
(6.44191e-07 -3.36385e-07 -3.50912e-20)
(6.52195e-07 -2.89882e-07 -6.17538e-17)
(6.62995e-07 -2.50329e-07 -1.15678e-16)
(6.73588e-07 -2.12687e-07 1.93913e-17)
(6.83395e-07 -1.79483e-07 5.38829e-17)
(6.93439e-07 -1.46272e-07 1.68054e-17)
(6.98863e-07 -1.16124e-07 9.48122e-17)
(7.04383e-07 -8.5624e-08 -1.17509e-16)
(7.02345e-07 -5.6373e-08 1.17977e-17)
(7.00293e-07 -2.52305e-08 6.13469e-17)
(6.8755e-07 8.31958e-09 2.92638e-17)
(6.74417e-07 3.15722e-08 1.23767e-17)
(6.55497e-07 5.14203e-08 5.25046e-17)
(6.44693e-07 6.61599e-08 1.13323e-16)
(6.19605e-07 8.37719e-08 9.23574e-17)
(5.97209e-07 1.01556e-07 -5.18304e-17)
(5.65438e-07 1.2634e-07 -2.17896e-16)
(5.25669e-07 1.57238e-07 1.00448e-16)
(4.73629e-07 1.99406e-07 -4.90228e-17)
(4.10207e-07 2.49658e-07 1.90212e-16)
(3.33827e-07 2.87902e-07 3.42159e-16)
(2.54663e-07 3.10684e-07 5.76308e-16)
(1.72148e-07 3.01327e-07 -2.07331e-16)
(8.4982e-08 3.44655e-07 1.12915e-15)
(-1.55667e-06 -3.67285e-06 2.06006e-18)
(-1.49726e-06 -3.41379e-06 -2.68206e-18)
(-4.96848e-07 -3.45176e-06 -8.70318e-19)
(-9.31346e-08 -2.88033e-06 3.91715e-18)
(2.49463e-07 -2.51189e-06 3.3623e-18)
(5.46406e-07 -2.14735e-06 1.51701e-18)
(7.96983e-07 -1.92522e-06 -2.62577e-18)
(9.97383e-07 -1.82169e-06 1.39074e-19)
(1.15291e-06 -1.76848e-06 3.80881e-18)
(1.28796e-06 -1.68527e-06 1.50547e-18)
(1.40505e-06 -1.54053e-06 -1.67719e-18)
(1.36544e-06 -1.34824e-06 7.82913e-19)
(1.35496e-06 -1.15411e-06 -2.36256e-18)
(1.26647e-06 -1.01282e-06 9.92926e-19)
(1.27981e-06 -9.10005e-07 1.30784e-18)
(1.37758e-06 -8.37361e-07 1.86415e-18)
(1.64798e-06 -7.57873e-07 -1.67686e-18)
(1.91476e-06 -6.78628e-07 2.66986e-18)
(2.07171e-06 -6.35186e-07 -4.11946e-18)
(1.83184e-06 -7.91213e-07 2.52055e-18)
(-6.60819e-07 -1.882e-06 3.58659e-19)
(-6.66031e-06 8.37018e-07 1.2677e-18)
(7.33234e-06 2.93229e-07 -4.11789e-18)
(-5.06787e-06 -2.80609e-06 -6.32098e-18)
(3.4726e-06 -4.25552e-07 1.2389e-17)
(4.32535e-07 -1.56299e-06 3.6223e-18)
(1.08403e-06 -1.57821e-06 -1.52206e-17)
(2.30708e-06 -1.48125e-06 -4.06159e-18)
(3.4268e-06 -1.35235e-06 -4.46297e-18)
(4.82563e-06 -1.05686e-06 -6.92246e-18)
(8.7077e-06 -1.63931e-07 -2.55066e-18)
(2.04457e-05 2.97115e-06 -1.35085e-17)
(-1.77708e-05 -2.08037e-06 -7.49167e-18)
(-1.94604e-05 -8.09016e-06 -4.33326e-18)
(3.7738e-05 4.28406e-06 -2.96847e-18)
(-1.81364e-05 1.30886e-06 -1.92238e-18)
(-5.60257e-06 -1.43812e-06 -2.50909e-18)
(5.0481e-06 -2.90156e-07 -2.22795e-18)
(6.0107e-07 -7.42421e-07 -3.53411e-18)
(-8.43094e-09 -8.54462e-07 -9.41785e-18)
(5.48092e-07 -7.85895e-07 2.69377e-18)
(5.02728e-07 -8.00977e-07 -1.11346e-18)
(5.04549e-07 -7.87934e-07 4.51901e-19)
(4.97399e-07 -7.69126e-07 1.42774e-18)
(4.83838e-07 -7.34979e-07 -1.9752e-18)
(4.6415e-07 -6.899e-07 7.95743e-19)
(4.48439e-07 -6.35343e-07 -7.63991e-19)
(4.33688e-07 -5.79505e-07 1.43306e-18)
(4.2714e-07 -5.23605e-07 9.23867e-18)
(4.22188e-07 -4.72236e-07 5.71186e-18)
(4.24353e-07 -4.19181e-07 5.48534e-18)
(4.27223e-07 -3.69859e-07 -5.10576e-18)
(4.34797e-07 -3.19893e-07 1.93159e-17)
(4.41398e-07 -2.77171e-07 -3.13791e-18)
(4.51791e-07 -2.35426e-07 3.4065e-17)
(4.60894e-07 -2.01645e-07 2.99607e-17)
(4.72471e-07 -1.68876e-07 6.4706e-17)
(4.83081e-07 -1.42222e-07 4.79464e-17)
(4.94965e-07 -1.15607e-07 3.6055e-17)
(5.06321e-07 -9.29721e-08 1.41824e-17)
(5.17127e-07 -7.02608e-08 -6.52756e-17)
(5.27528e-07 -5.03329e-08 2.24852e-17)
(5.34796e-07 -2.99867e-08 6.88063e-18)
(5.41098e-07 -1.01648e-08 3.88924e-17)
(5.41257e-07 1.42674e-08 4.92339e-17)
(5.37078e-07 2.93324e-08 3.53761e-17)
(5.30451e-07 4.28124e-08 -8.02099e-18)
(5.28598e-07 5.47492e-08 6.90541e-17)
(5.18346e-07 6.60158e-08 1.72117e-17)
(5.0862e-07 8.07022e-08 -1.02501e-16)
(4.91388e-07 9.56372e-08 -1.00672e-16)
(4.6857e-07 1.1948e-07 1.3308e-16)
(4.3332e-07 1.4837e-07 6.52715e-17)
(3.84994e-07 1.92387e-07 1.27226e-16)
(3.2115e-07 2.26572e-07 -5.56825e-17)
(2.4977e-07 2.49569e-07 -4.12619e-16)
(1.71454e-07 2.47859e-07 3.75625e-18)
(8.59358e-08 2.88073e-07 2.81225e-16)
(3.56235e-06 -2.97625e-06 -4.1288e-19)
(4.43939e-06 -2.92587e-06 1.41176e-18)
(4.36482e-06 -2.94508e-06 2.48646e-18)
(4.35004e-06 -2.55833e-06 -1.02934e-18)
(4.31941e-06 -2.32198e-06 -5.12342e-19)
(4.2577e-06 -2.01805e-06 -5.76901e-19)
(4.16619e-06 -1.77081e-06 -4.25809e-19)
(4.05044e-06 -1.61497e-06 4.10701e-18)
(3.91335e-06 -1.54107e-06 -7.5796e-19)
(3.76264e-06 -1.50439e-06 -1.82442e-18)
(3.60157e-06 -1.45582e-06 4.35322e-18)
(3.42618e-06 -1.37215e-06 -1.23554e-19)
(3.23943e-06 -1.26084e-06 -1.53477e-18)
(3.02031e-06 -1.15157e-06 -4.30425e-18)
(2.78572e-06 -1.0649e-06 1.20037e-18)
(2.56584e-06 -1.00101e-06 9.99524e-19)
(2.42698e-06 -9.48049e-07 9.42125e-20)
(2.41173e-06 -8.95428e-07 -2.43541e-18)
(2.78013e-06 -8.541e-07 -5.78007e-19)
(6.68156e-06 -8.64297e-07 -6.24048e-21)
(6.84889e-05 1.28156e-08 9.20079e-19)
(-6.96414e-05 -3.18859e-06 2.48424e-18)
(2.28584e-05 2.63964e-06 -1.02172e-19)
(-4.01075e-05 -6.21799e-06 1.90552e-18)
(3.73592e-05 6.02814e-06 -7.65071e-21)
(-1.24128e-05 -3.98973e-06 -3.67421e-18)
(1.83014e-07 -1.04499e-06 8.1028e-18)
(2.66684e-07 -1.46406e-06 5.02088e-19)
(1.91555e-07 -1.64573e-06 -8.39439e-18)
(1.59075e-06 -1.40111e-06 6.57945e-19)
(1.65649e-06 -1.34547e-06 -8.39045e-18)
(-3.08209e-06 -2.53518e-06 5.14211e-18)
(-3.55823e-06 -4.36825e-06 5.25989e-18)
(1.42352e-05 5.91057e-07 4.41432e-18)
(5.011e-05 1.22442e-05 -3.36398e-18)
(-3.11949e-05 -2.54624e-06 3.67469e-18)
(-2.10378e-05 -7.45463e-06 4.51372e-19)
(7.58187e-06 -1.25566e-06 6.04313e-19)
(1.48844e-06 -6.6733e-07 -5.50324e-18)
(-9.86419e-07 -1.03553e-06 7.86218e-19)
(4.8426e-07 -6.28663e-07 -2.43944e-18)
(2.70044e-07 -6.83169e-07 -2.09947e-18)
(3.15917e-07 -6.56819e-07 3.00795e-18)
(3.35563e-07 -6.53292e-07 -1.57561e-18)
(3.42986e-07 -6.29525e-07 2.67333e-18)
(3.43957e-07 -5.90333e-07 5.9516e-20)
(3.39947e-07 -5.36484e-07 3.44839e-19)
(3.35617e-07 -4.79642e-07 8.76669e-19)
(3.29824e-07 -4.21578e-07 -2.00944e-18)
(3.27841e-07 -3.67586e-07 4.8168e-18)
(3.26764e-07 -3.14252e-07 -2.37298e-18)
(3.29044e-07 -2.66895e-07 3.07586e-18)
(3.31435e-07 -2.23239e-07 6.7826e-18)
(3.35854e-07 -1.85383e-07 2.42784e-18)
(3.40393e-07 -1.51415e-07 6.38788e-18)
(3.46565e-07 -1.22738e-07 -1.03742e-17)
(3.53542e-07 -9.67059e-08 3.97171e-17)
(3.61652e-07 -7.48082e-08 -1.75668e-17)
(3.71258e-07 -5.46167e-08 -2.31905e-17)
(3.81193e-07 -3.7172e-08 -3.08374e-17)
(3.92893e-07 -2.10855e-08 5.97716e-17)
(4.03629e-07 -7.37339e-09 -2.59171e-17)
(4.15358e-07 5.09173e-09 5.29118e-17)
(4.23905e-07 1.73078e-08 3.73374e-17)
(4.31995e-07 3.16832e-08 -1.29832e-17)
(4.31131e-07 4.24191e-08 -2.18607e-17)
(4.3399e-07 5.10793e-08 -4.95696e-17)
(4.36401e-07 5.82614e-08 -5.55838e-17)
(4.36651e-07 6.51206e-08 -1.12306e-16)
(4.32456e-07 7.41823e-08 2.89691e-17)
(4.26144e-07 8.29219e-08 1.53042e-16)
(4.12616e-07 9.56764e-08 8.98815e-18)
(3.89921e-07 1.15624e-07 -3.27175e-17)
(3.54046e-07 1.44713e-07 -1.72207e-16)
(3.02358e-07 1.73669e-07 1.59909e-17)
(2.39133e-07 1.9396e-07 -2.06746e-16)
(1.67328e-07 1.93529e-07 1.59702e-17)
(8.42499e-08 2.31197e-07 -8.00885e-16)
(7.3191e-06 -3.80879e-06 -3.5989e-19)
(8.58379e-06 -3.98172e-06 2.54377e-19)
(6.81528e-06 -3.35741e-06 4.30276e-21)
(6.36842e-06 -2.97108e-06 -5.6961e-19)
(5.95843e-06 -2.8358e-06 -4.23134e-19)
(5.55371e-06 -2.63491e-06 -2.62803e-19)
(5.15588e-06 -2.42351e-06 7.61497e-20)
(4.77451e-06 -2.20513e-06 -3.51346e-19)
(4.4157e-06 -2.01745e-06 -6.55036e-19)
(4.08302e-06 -1.87039e-06 1.46344e-18)
(3.7787e-06 -1.75609e-06 -1.97299e-18)
(3.50064e-06 -1.65212e-06 -1.43252e-20)
(3.25029e-06 -1.54696e-06 3.82728e-19)
(3.01592e-06 -1.43994e-06 1.52748e-18)
(2.78878e-06 -1.33998e-06 6.83711e-19)
(2.56365e-06 -1.25336e-06 -5.58321e-19)
(2.36057e-06 -1.18245e-06 9.90989e-19)
(2.21004e-06 -1.12122e-06 1.70893e-19)
(2.15905e-06 -1.06362e-06 1.12077e-18)
(2.21538e-06 -1.00685e-06 -1.22271e-19)
(-4.54105e-06 -1.33364e-06 -5.08459e-19)
(1.33792e-06 -3.68462e-06 -3.42639e-19)
(3.13698e-05 -1.75875e-06 1.16324e-18)
(-3.60295e-05 3.71189e-06 7.52678e-19)
(6.72342e-05 5.32246e-06 1.59997e-18)
(-6.75105e-05 -1.29599e-05 2.18583e-18)
(2.79061e-05 3.26894e-06 -5.60046e-20)
(-4.88417e-06 -2.52447e-06 -2.43212e-18)
(-2.54307e-06 -1.8341e-06 6.54543e-18)
(6.93348e-07 -1.32098e-06 -2.37161e-18)
(4.42272e-07 -1.28519e-06 6.50534e-18)
(1.52082e-06 -1.11827e-06 1.85423e-19)
(1.81821e-06 -7.6381e-07 1.87476e-18)
(8.17672e-06 1.87412e-06 -5.66926e-18)
(-1.21582e-05 -1.34465e-06 3.56116e-18)
(-1.18164e-05 -5.90669e-06 -5.65611e-19)
(3.60247e-06 -1.6374e-06 3.72933e-18)
(4.2172e-06 -3.01441e-07 -2.03262e-18)
(2.39088e-05 3.98249e-06 3.98759e-18)
(-1.37427e-05 -2.13107e-06 2.29638e-18)
(3.0771e-06 5.01213e-07 -1.18323e-18)
(-1.42257e-07 -3.9484e-07 5.06967e-19)
(3.37075e-07 -2.77321e-07 -5.08257e-18)
(2.94761e-07 -3.51755e-07 1.23125e-19)
(3.14012e-07 -3.66457e-07 2.89666e-19)
(3.18208e-07 -3.71884e-07 -2.66803e-19)
(3.20161e-07 -3.58266e-07 2.32069e-19)
(3.20138e-07 -3.3332e-07 -4.887e-19)
(3.18234e-07 -3.00349e-07 8.29686e-19)
(3.15619e-07 -2.66669e-07 -5.31599e-19)
(3.12847e-07 -2.328e-07 2.69261e-18)
(3.1064e-07 -2.00793e-07 5.24068e-19)
(3.0927e-07 -1.67918e-07 -8.26639e-18)
(3.08481e-07 -1.38155e-07 2.66603e-18)
(3.08627e-07 -1.08867e-07 -6.93926e-18)
(3.09537e-07 -8.31229e-08 6.09916e-18)
(3.11775e-07 -5.82358e-08 -2.00999e-17)
(3.15161e-07 -3.68669e-08 -3.26975e-17)
(3.20212e-07 -1.68315e-08 -3.23177e-17)
(3.26604e-07 -1.48662e-10 1.27031e-17)
(3.34562e-07 1.48623e-08 -2.1524e-17)
(3.43433e-07 2.61988e-08 1.40824e-17)
(3.52911e-07 3.51052e-08 6.52957e-18)
(3.6182e-07 4.17371e-08 -4.40825e-17)
(3.69351e-07 5.02484e-08 -4.01424e-17)
(3.71615e-07 5.67406e-08 4.0772e-17)
(3.74691e-07 6.29747e-08 6.34082e-18)
(3.80403e-07 6.67284e-08 -3.57479e-17)
(3.81754e-07 6.93275e-08 5.61401e-17)
(3.81571e-07 7.28313e-08 8.35987e-18)
(3.77582e-07 7.56511e-08 -6.61573e-19)
(3.69116e-07 8.07124e-08 -9.22396e-17)
(3.52688e-07 8.81102e-08 -7.20233e-17)
(3.25421e-07 1.07974e-07 1.39161e-16)
(2.80622e-07 1.26461e-07 1.72645e-17)
(2.26197e-07 1.40582e-07 1.38455e-16)
(1.59294e-07 1.43121e-07 -1.10024e-18)
(8.09536e-08 1.72421e-07 2.68658e-16)
(6.56811e-06 -4.91762e-06 -4.19989e-19)
(7.50396e-06 -5.18537e-06 -2.26768e-19)
(5.05698e-06 -4.08625e-06 -5.42937e-19)
(4.49426e-06 -3.64126e-06 2.00607e-19)
(3.97727e-06 -3.42293e-06 3.22224e-19)
(3.4971e-06 -3.22536e-06 1.31704e-19)
(3.0553e-06 -3.04644e-06 4.42823e-19)
(2.65595e-06 -2.85589e-06 -8.83575e-19)
(2.30116e-06 -2.65784e-06 -3.0799e-19)
(1.99203e-06 -2.47013e-06 -8.3478e-19)
(1.72828e-06 -2.30148e-06 6.82793e-20)
(1.50848e-06 -2.15307e-06 2.64084e-19)
(1.33035e-06 -2.02054e-06 3.5634e-19)
(1.1897e-06 -1.89824e-06 -3.06555e-20)
(1.07886e-06 -1.78126e-06 -1.50721e-18)
(9.87638e-07 -1.66894e-06 -1.91138e-19)
(9.11547e-07 -1.56351e-06 8.15699e-20)
(8.59967e-07 -1.46534e-06 -8.06115e-20)
(8.70842e-07 -1.37688e-06 -6.40699e-19)
(1.12041e-06 -1.31053e-06 -1.43989e-18)
(2.28761e-06 -1.29984e-06 -5.39612e-19)
(-3.32671e-07 -1.10349e-06 6.74928e-19)
(-7.15468e-06 -5.79465e-07 9.13612e-19)
(5.21917e-06 -1.53932e-06 -3.01167e-19)
(-2.47146e-06 -3.01551e-06 -1.68139e-18)
(6.28674e-06 -8.62709e-08 -6.4749e-19)
(2.69846e-06 -1.29842e-06 -4.53194e-19)
(-5.54024e-09 -1.34303e-06 2.94468e-18)
(1.49681e-07 -1.18985e-06 -3.5317e-18)
(2.28514e-07 -1.11289e-06 6.37492e-20)
(3.61377e-08 -1.01672e-06 -1.1828e-18)
(7.46773e-08 -9.28635e-07 -3.50006e-18)
(1.3789e-07 -7.18418e-07 -2.00127e-18)
(-1.9977e-06 -8.15645e-07 3.51415e-18)
(-1.65119e-06 -1.50495e-06 -2.13704e-19)
(3.41361e-06 2.91533e-07 -2.15175e-18)
(7.27609e-07 -9.44681e-09 -3.83178e-18)
(1.46605e-05 2.79258e-06 -1.0513e-18)
(-9.31877e-06 -1.21602e-06 2.27108e-19)
(1.58283e-06 2.13991e-06 4.04582e-19)
(-4.47906e-06 3.83374e-06 3.30157e-18)
(1.4742e-06 -1.33303e-06 -9.18963e-20)
(-9.76438e-08 -1.45445e-07 1.35164e-18)
(3.92344e-07 -3.28465e-07 1.60006e-18)
(3.12277e-07 -2.59293e-07 -2.53597e-19)
(3.3726e-07 -2.66577e-07 2.95502e-19)
(3.33504e-07 -2.57665e-07 -1.24177e-19)
(3.33143e-07 -2.44655e-07 -9.86182e-20)
(3.31845e-07 -2.24206e-07 -6.56783e-19)
(3.31423e-07 -2.00949e-07 -1.15763e-18)
(3.30558e-07 -1.76808e-07 -1.10003e-18)
(3.30013e-07 -1.53453e-07 -2.29312e-18)
(3.29407e-07 -1.2955e-07 2.18104e-18)
(3.29434e-07 -1.058e-07 3.81015e-18)
(3.29591e-07 -8.12543e-08 -6.682e-18)
(3.30017e-07 -5.79274e-08 1.2899e-18)
(3.3056e-07 -3.47293e-08 -4.30786e-18)
(3.31377e-07 -1.39388e-08 7.87212e-18)
(3.32828e-07 5.66563e-09 3.19059e-18)
(3.34948e-07 2.23187e-08 5.59634e-18)
(3.38218e-07 3.68636e-08 -5.76213e-18)
(3.42171e-07 4.72637e-08 -1.80972e-17)
(3.46961e-07 5.40689e-08 -2.59287e-17)
(3.51539e-07 5.74343e-08 3.31834e-17)
(3.55622e-07 6.14389e-08 1.95508e-17)
(3.55598e-07 6.48575e-08 -1.0421e-17)
(3.55848e-07 6.93441e-08 2.31676e-17)
(3.58923e-07 7.03874e-08 6.29276e-18)
(3.58245e-07 6.96237e-08 8.94285e-18)
(3.56111e-07 6.93202e-08 -9.92265e-18)
(3.50955e-07 6.71201e-08 4.60855e-17)
(3.4208e-07 6.52874e-08 -2.55243e-18)
(3.27646e-07 6.65792e-08 7.87443e-17)
(3.00762e-07 6.99272e-08 4.1354e-17)
(2.62652e-07 8.18436e-08 -1.48098e-17)
(2.14276e-07 9.06567e-08 -1.44501e-17)
(1.52531e-07 9.00191e-08 1.17478e-17)
(8.03714e-08 1.14673e-07 -2.65558e-16)
(2.65836e-06 -4.04207e-06 -5.92228e-21)
(2.86625e-06 -4.29732e-06 -1.28289e-19)
(1.04691e-06 -3.29557e-06 1.0545e-20)
(6.62603e-07 -3.05262e-06 1.39024e-19)
(2.93916e-07 -2.94339e-06 -8.76002e-20)
(-3.53504e-08 -2.81955e-06 -1.3422e-19)
(-3.1882e-07 -2.69947e-06 -9.41834e-20)
(-5.57483e-07 -2.55899e-06 2.64823e-19)
(-7.53186e-07 -2.40359e-06 2.57546e-19)
(-9.0889e-07 -2.24718e-06 2.18188e-19)
(-1.02699e-06 -2.10392e-06 1.33398e-20)
(-1.10988e-06 -1.97873e-06 -9.11849e-20)
(-1.1591e-06 -1.87056e-06 2.46619e-20)
(-1.17753e-06 -1.77273e-06 -1.34374e-19)
(-1.16765e-06 -1.67894e-06 2.65665e-19)
(-1.13504e-06 -1.58445e-06 -1.21112e-19)
(-1.0858e-06 -1.48947e-06 3.63738e-20)
(-1.02356e-06 -1.39681e-06 -1.23931e-19)
(-9.41982e-07 -1.31101e-06 -5.40441e-19)
(-8.24322e-07 -1.23657e-06 5.47498e-20)
(-7.67132e-07 -1.18128e-06 3.51294e-19)
(-5.43624e-07 -1.18637e-06 -3.95824e-19)
(1.22461e-06 -1.17497e-06 -4.90313e-19)
(-2.49943e-06 -9.1694e-07 -3.66543e-19)
(2.10764e-06 -3.8397e-07 5.37178e-20)
(-1.78652e-06 -1.17373e-06 2.20179e-19)
(-2.57299e-07 -8.92802e-07 4.24513e-19)
(6.33519e-07 -8.24452e-07 -9.69818e-19)
(9.87059e-09 -8.54478e-07 2.06148e-19)
(4.75382e-07 -7.18872e-07 8.66318e-19)
(1.76144e-07 -6.93724e-07 -9.08559e-19)
(5.8054e-08 -6.28352e-07 1.9467e-18)
(-5.88345e-08 -5.74562e-07 3.00852e-18)
(1.95289e-07 -5.16392e-07 -9.28867e-19)
(3.02119e-06 2.93158e-07 -2.81819e-18)
(1.58359e-06 3.83716e-07 1.14964e-18)
(-4.78512e-06 -1.01521e-06 3.25621e-19)
(-5.096e-06 -1.16988e-06 8.79936e-19)
(2.75977e-05 7.06496e-06 -1.322e-19)
(7.09961e-05 3.09036e-05 -3.66411e-19)
(-0.000114004 -2.3907e-05 3.49389e-20)
(2.99903e-05 -1.54455e-05 4.13401e-19)
(-5.5666e-06 1.0676e-06 9.51404e-19)
(1.59285e-06 -7.78962e-07 -5.43656e-19)
(2.59056e-07 -1.25475e-07 1.29781e-19)
(4.1983e-07 -1.62517e-07 2.26282e-19)
(3.73823e-07 -1.31848e-07 -1.4688e-19)
(3.75636e-07 -1.29417e-07 7.73683e-21)
(3.73103e-07 -1.21323e-07 -1.21983e-20)
(3.72576e-07 -1.12103e-07 2.37081e-19)
(3.72058e-07 -1.01819e-07 -6.12443e-19)
(3.72072e-07 -9.16506e-08 1.29378e-18)
(3.71603e-07 -7.99246e-08 1.60418e-18)
(3.71446e-07 -6.74708e-08 -3.46137e-18)
(3.71174e-07 -5.31238e-08 1.7147e-18)
(3.7146e-07 -3.81596e-08 -1.0297e-18)
(3.71741e-07 -2.13837e-08 3.06622e-18)
(3.72442e-07 -4.77147e-09 5.29992e-18)
(3.733e-07 1.21173e-08 4.75403e-18)
(3.74592e-07 2.74531e-08 -2.24854e-18)
(3.76312e-07 4.11309e-08 1.36829e-18)
(3.78355e-07 5.07264e-08 7.86591e-18)
(3.80616e-07 5.64812e-08 -6.09109e-18)
(3.8227e-07 5.79117e-08 -1.08866e-17)
(3.83082e-07 5.84459e-08 -5.50207e-18)
(3.81414e-07 5.82593e-08 1.01606e-17)
(3.76627e-07 6.08644e-08 -1.54205e-17)
(3.75285e-07 6.01929e-08 1.27023e-17)
(3.69606e-07 5.78527e-08 6.89468e-19)
(3.62132e-07 5.4589e-08 -5.61197e-18)
(3.5144e-07 4.92808e-08 -3.3916e-17)
(3.37941e-07 4.41551e-08 -1.32718e-17)
(3.17229e-07 3.36098e-08 -2.75993e-17)
(2.89761e-07 3.26915e-08 -6.02124e-17)
(2.54958e-07 3.90371e-08 -7.6526e-18)
(2.076e-07 3.8883e-08 4.82055e-17)
(1.51162e-07 4.04289e-08 -4.8356e-19)
(7.76631e-08 5.47691e-08 4.83342e-17)
(-2.6901e-06 -1.93738e-06 -8.8025e-21)
(-3.2093e-06 -1.88566e-06 -3.13569e-20)
(-3.32821e-06 -1.58206e-06 1.45543e-21)
(-3.32299e-06 -1.46807e-06 -5.01892e-21)
(-3.30982e-06 -1.42498e-06 2.6455e-21)
(-3.27329e-06 -1.38187e-06 1.47593e-20)
(-3.21544e-06 -1.34709e-06 6.14451e-20)
(-3.14089e-06 -1.30614e-06 2.50448e-20)
(-3.05326e-06 -1.26033e-06 -4.64716e-21)
(-2.95606e-06 -1.21567e-06 3.74363e-20)
(-2.85148e-06 -1.17559e-06 -3.02524e-20)
(-2.74153e-06 -1.13935e-06 -3.26095e-20)
(-2.62701e-06 -1.10243e-06 -1.40141e-19)
(-2.50867e-06 -1.06199e-06 9.92904e-20)
(-2.38659e-06 -1.0169e-06 1.03651e-19)
(-2.26118e-06 -9.67429e-07 -1.79657e-20)
(-2.13379e-06 -9.15146e-07 -1.31573e-20)
(-2.0071e-06 -8.63027e-07 8.831e-20)
(-1.88073e-06 -8.14689e-07 1.28399e-19)
(-1.7451e-06 -7.73676e-07 6.6184e-20)
(-1.58185e-06 -7.43435e-07 -2.54498e-20)
(-1.49702e-06 -7.2543e-07 7.99387e-20)
(-1.48177e-06 -6.87839e-07 2.02996e-20)
(-1.56932e-06 -6.45825e-07 7.2876e-20)
(-8.19795e-07 -5.59659e-07 3.52107e-20)
(-1.09479e-06 -5.95439e-07 -4.87812e-20)
(-6.58606e-07 -4.99642e-07 -7.63677e-20)
(-6.2316e-07 -4.75367e-07 3.57113e-19)
(-4.43564e-07 -4.04733e-07 2.79083e-19)
(-1.31379e-07 -3.39898e-07 -3.28136e-19)
(-1.42754e-07 -2.92715e-07 -1.73205e-20)
(-7.45305e-08 -2.34598e-07 2.93202e-20)
(-3.50984e-08 -2.06218e-07 -7.66325e-19)
(7.19196e-08 -1.11566e-07 -1.37851e-18)
(-7.68761e-08 1.46649e-08 1.8432e-18)
(-8.21745e-08 -9.01266e-08 1.34461e-18)
(3.50368e-08 -1.58239e-07 8.5581e-19)
(1.69402e-06 5.32704e-07 -1.38099e-19)
(1.62543e-07 1.00353e-06 1.41528e-19)
(-3.72698e-05 -8.33895e-06 -4.85662e-19)
(1.3536e-05 -6.58455e-06 -6.30442e-19)
(2.29614e-05 4.61022e-06 -3.05223e-19)
(1.86283e-06 8.45636e-07 -5.89049e-19)
(9.17e-07 2.70296e-07 -1.04778e-19)
(4.8652e-07 1.64213e-07 -1.20126e-19)
(4.94711e-07 8.71126e-08 -1.44067e-19)
(4.53499e-07 4.80068e-08 8.00768e-20)
(4.462e-07 1.58704e-08 9.57722e-20)
(4.45335e-07 -7.02206e-09 1.36055e-20)
(4.50103e-07 -2.33307e-08 4.55167e-20)
(4.57169e-07 -3.28799e-08 -2.70955e-21)
(4.67117e-07 -3.71578e-08 -3.09403e-19)
(4.78542e-07 -3.71215e-08 -1.0284e-18)
(4.91662e-07 -3.34456e-08 5.81875e-19)
(5.04985e-07 -2.63521e-08 -5.17615e-19)
(5.18615e-07 -1.65435e-08 7.69749e-20)
(5.31065e-07 -4.61871e-09 1.00023e-19)
(5.41936e-07 7.75028e-09 -1.41276e-18)
(5.49756e-07 1.98999e-08 1.10005e-19)
(5.54163e-07 3.00405e-08 -1.34917e-18)
(5.54472e-07 3.80606e-08 -1.66637e-19)
(5.50696e-07 4.24569e-08 -2.20721e-18)
(5.43118e-07 4.3176e-08 5.51967e-18)
(5.31986e-07 4.0166e-08 -1.09994e-18)
(5.18663e-07 3.54878e-08 2.96061e-18)
(5.04313e-07 3.02228e-08 -4.88497e-18)
(4.84939e-07 3.07915e-08 4.3565e-18)
(4.69557e-07 2.89757e-08 1.55679e-19)
(4.4737e-07 2.62477e-08 2.95593e-18)
(4.21821e-07 2.2643e-08 1.02583e-17)
(3.92944e-07 1.84032e-08 -1.09121e-18)
(3.61049e-07 1.15518e-08 2.2842e-18)
(3.2629e-07 6.61152e-09 -3.3712e-18)
(2.92591e-07 4.78213e-09 -3.15646e-18)
(2.50464e-07 8.9918e-09 7.13793e-18)
(2.02828e-07 9.75143e-09 -3.72252e-17)
(1.41417e-07 9.59165e-09 -7.40445e-18)
(7.75492e-08 1.6956e-08 8.53335e-17)
)
;

boundaryField
{
    inlet
    {
        type            calculated;
        value           nonuniform List<vector> 
27
(
(-9.49893e-08 0.603869 -7.39662e-16)
(2.0479e-10 0.576213 -7.61666e-16)
(3.88652e-08 0.553748 1.22431e-15)
(6.00268e-08 0.541111 -1.89477e-15)
(7.97345e-08 0.52964 -1.06215e-15)
(9.1811e-08 0.516278 2.6612e-15)
(9.84833e-08 0.502352 -6.44686e-16)
(1.0113e-07 0.488882 8.89299e-16)
(1.01011e-07 0.475749 2.69295e-16)
(9.96489e-08 0.462706 -1.50212e-15)
(9.66552e-08 0.449642 4.72832e-16)
(9.30843e-08 0.436561 8.39012e-17)
(8.93603e-08 0.423388 -1.26747e-16)
(8.60709e-08 0.409945 1.8108e-16)
(8.23866e-08 0.395968 -3.41119e-16)
(7.75968e-08 0.380876 2.54884e-16)
(7.08123e-08 0.363902 3.55136e-16)
(6.80626e-08 0.34434 8.45756e-17)
(7.59455e-08 0.331831 -3.34944e-16)
(8.2609e-08 0.323286 -6.10419e-16)
(8.49429e-08 0.312672 1.12915e-15)
(8.59719e-08 0.299697 2.81225e-16)
(8.4242e-08 0.284701 -8.00885e-16)
(8.09505e-08 0.264754 2.68658e-16)
(8.03531e-08 0.236361 -2.65558e-16)
(7.7658e-08 0.176461 4.83342e-17)
(7.75492e-08 0.083894 8.53335e-17)
)
;
    }
    outlet
    {
        type            calculated;
        value           nonuniform List<vector> 
78
(
(-0.0167552 -1.93739e-06 -8.8025e-21)
(-0.0168413 -1.88556e-06 -3.13569e-20)
(-0.0169302 -1.58204e-06 1.45543e-21)
(-0.0170236 -1.46797e-06 -5.01892e-21)
(-0.0171218 -1.42496e-06 2.6455e-21)
(-0.0172253 -1.38177e-06 1.47593e-20)
(-0.0173348 -1.34708e-06 6.14451e-20)
(-0.0174509 -1.30605e-06 2.50448e-20)
(-0.0175737 -1.26033e-06 -4.64716e-21)
(-0.0177032 -1.21558e-06 3.74363e-20)
(-0.0178405 -1.17558e-06 -3.02524e-20)
(-0.017987 -1.13927e-06 -3.26095e-20)
(-0.0181434 -1.10242e-06 -1.40141e-19)
(-0.0183109 -1.06191e-06 9.92904e-20)
(-0.0184906 -1.01689e-06 1.03651e-19)
(-0.0186839 -9.67346e-07 -1.79657e-20)
(-0.018893 -9.15133e-07 -1.31573e-20)
(-0.0191202 -8.62944e-07 8.831e-20)
(-0.0193678 -8.14676e-07 1.28399e-19)
(-0.0196397 -7.73594e-07 6.6184e-20)
(-0.0199399 -7.43421e-07 -2.54498e-20)
(-0.0202723 -7.25349e-07 7.99387e-20)
(-0.0206373 -6.87826e-07 2.02996e-20)
(-0.02103 -6.45747e-07 7.2876e-20)
(-0.0214431 -5.59647e-07 3.52107e-20)
(-0.0218853 -5.95364e-07 -4.87812e-20)
(-0.0224056 -4.99633e-07 -7.63677e-20)
(-0.023133 -4.75297e-07 3.57113e-19)
(-0.0242781 -4.04728e-07 2.79083e-19)
(-0.0260637 -3.39834e-07 -3.28136e-19)
(-0.0285317 -2.92712e-07 -1.73205e-20)
(-0.0312815 -2.3454e-07 2.93202e-20)
(-0.0333716 -2.06218e-07 -7.66325e-19)
(-0.03357 -1.11515e-07 -1.37851e-18)
(-0.0308417 1.46625e-08 1.8432e-18)
(-0.024809 -9.00815e-08 1.34461e-18)
(-0.0160026 -1.58243e-07 8.5581e-19)
(-0.00585401 5.32741e-07 -1.38099e-19)
(0.00363327 1.00352e-06 1.41528e-19)
(0.0105178 -8.33892e-06 -4.85662e-19)
(0.0138775 -6.58455e-06 -6.30442e-19)
(0.0138474 4.61024e-06 -3.05223e-19)
(0.0117511 8.45633e-07 -5.89049e-19)
(0.00912668 2.70311e-07 -1.04778e-19)
(0.0068547 1.64211e-07 -1.20126e-19)
(0.00513165 8.71239e-08 -1.44067e-19)
(0.00379292 4.80056e-08 8.00768e-20)
(0.00265738 1.58802e-08 9.57722e-20)
(0.00165245 -7.02159e-09 1.36055e-20)
(0.000778186 -2.33199e-08 4.55167e-20)
(4.29735e-05 -3.28753e-08 -2.70955e-21)
(-0.000560657 -3.71452e-08 -3.09403e-19)
(-0.0010508 -3.71142e-08 -1.0284e-18)
(-0.00144588 -3.34321e-08 5.81875e-19)
(-0.0017617 -2.63422e-08 -5.17615e-19)
(-0.0020126 -1.65306e-08 7.69749e-20)
(-0.00221166 -4.60856e-09 1.00023e-19)
(-0.00237032 7.76098e-09 -1.41276e-18)
(-0.00249824 1.99085e-08 1.10005e-19)
(-0.00260227 3.00485e-08 -1.34917e-18)
(-0.00268933 3.80672e-08 -1.66637e-19)
(-0.00275843 4.24623e-08 -2.20721e-18)
(-0.00281923 4.31808e-08 5.51967e-18)
(-0.00284783 4.01694e-08 -1.09994e-18)
(-0.0028757 3.54916e-08 2.96061e-18)
(-0.00279453 3.02262e-08 -4.88497e-18)
(-0.00285821 3.07947e-08 4.3565e-18)
(-0.00275648 2.89771e-08 1.55679e-19)
(-0.00303589 2.62492e-08 2.95593e-18)
(-0.00251753 2.26439e-08 1.02583e-17)
(-0.00361689 1.84037e-08 -1.09121e-18)
(-0.00146484 1.15531e-08 2.2842e-18)
(-0.00557301 6.61226e-09 -3.3712e-18)
(0.00194699 4.78395e-09 -3.15646e-18)
(-0.011611 8.99305e-09 7.13793e-18)
(0.0102811 9.75216e-09 -3.72252e-17)
(-0.0301399 9.59181e-09 -7.40445e-18)
(0.0268934 1.6956e-08 8.53335e-17)
)
;
    }
    walls
    {
        type            calculated;
        value           nonuniform List<vector> 0();
    }
    frontAndBack
    {
        type            empty;
    }
    procBoundary7to3
    {
        type            processor;
        value           nonuniform List<vector> 
16
(
(-3.6243e-05 2.09206e-05 -7.58901e-17)
(-3.72359e-05 2.68883e-05 -1.36774e-17)
(-3.23771e-05 2.56298e-05 -1.24918e-17)
(-2.0042e-05 1.82205e-05 6.81347e-18)
(-2.88073e-06 6.36897e-06 4.92443e-19)
(1.27864e-05 -4.45714e-06 2.71327e-18)
(1.79796e-05 -1.46619e-05 9.35511e-18)
(9.48957e-06 -1.29982e-05 -2.26199e-18)
(-2.46316e-06 -7.27022e-06 9.6402e-19)
(-2.46316e-06 -7.27022e-06 9.6402e-19)
(-3.01581e-06 -3.58133e-06 4.09764e-18)
(3.65097e-06 -3.40092e-06 2.12846e-19)
(9.85273e-06 -5.35959e-06 4.59622e-19)
(1.00608e-05 -6.83774e-06 9.89353e-20)
(5.27534e-06 -5.6637e-06 1.52323e-19)
(-2.5092e-06 -2.30684e-06 1.05498e-19)
)
;
    }
    procBoundary7to6
    {
        type            processor;
        value           nonuniform List<vector> 
91
(
(-7.30401e-08 1.06217e-06 4.6862e-16)
(-1.45012e-07 4.55461e-07 4.28202e-16)
(-1.45012e-07 4.55461e-07 4.28202e-16)
(4.32902e-08 7.50655e-07 6.99688e-17)
(4.32902e-08 7.50655e-07 6.99688e-17)
(1.41021e-07 6.90931e-07 -1.34457e-17)
(1.41021e-07 6.90931e-07 -1.34457e-17)
(1.40286e-07 8.49507e-07 -1.42926e-15)
(1.72975e-07 7.801e-07 9.72572e-16)
(1.72975e-07 7.801e-07 9.72572e-16)
(1.445e-07 1.09325e-06 -1.35828e-16)
(1.74447e-07 9.56782e-07 -8.67068e-16)
(1.74447e-07 9.56782e-07 -8.67068e-16)
(2.72202e-07 1.77881e-06 -1.17377e-15)
(2.22908e-07 1.58183e-06 3.46879e-17)
(1.97339e-07 1.35427e-06 -5.81029e-16)
(1.97339e-07 1.35427e-06 -5.81029e-16)
(6.80868e-07 2.2628e-06 -2.28237e-16)
(5.53403e-07 2.02038e-06 -7.64068e-16)
(4.58511e-07 1.86511e-06 2.06169e-16)
(4.58511e-07 1.86511e-06 2.06169e-16)
(1.94985e-06 2.96475e-06 1.75352e-15)
(1.57465e-06 2.73218e-06 4.69008e-16)
(1.26176e-06 2.54519e-06 1.30492e-15)
(1.03083e-06 2.36093e-06 -1.99328e-16)
(1.03083e-06 2.36093e-06 -1.99328e-16)
(4.97029e-06 2.40455e-06 -1.25977e-16)
(4.37986e-06 2.49315e-06 2.93242e-17)
(3.8015e-06 2.57632e-06 -4.62559e-17)
(3.20934e-06 2.6242e-06 -1.04362e-15)
(2.68995e-06 2.59878e-06 4.81723e-16)
(2.68995e-06 2.59878e-06 4.81723e-16)
(8.80307e-06 -3.40164e-07 2.29034e-16)
(8.29792e-06 1.60906e-07 3.19269e-16)
(7.75671e-06 5.6206e-07 -1.92767e-17)
(7.19213e-06 8.8957e-07 2.20447e-16)
(6.63687e-06 1.14884e-06 2.2475e-16)
(6.06163e-06 1.36212e-06 4.69452e-17)
(5.55421e-06 1.52388e-06 1.9993e-17)
(5.55421e-06 1.52388e-06 1.9993e-17)
(6.19093e-06 -5.38346e-06 -2.36388e-18)
(6.79834e-06 -5.26655e-06 -9.4771e-18)
(7.34094e-06 -5.07668e-06 -5.90678e-18)
(7.79846e-06 -4.85046e-06 -3.63259e-17)
(8.18346e-06 -4.53428e-06 -2.95926e-17)
(8.46102e-06 -4.19854e-06 -5.25639e-17)
(8.65857e-06 -3.78423e-06 1.32444e-16)
(8.75137e-06 -3.34964e-06 -3.31279e-17)
(8.76605e-06 -2.87379e-06 7.3124e-17)
(8.67532e-06 -2.40462e-06 1.36034e-16)
(8.51156e-06 -1.92663e-06 -6.98031e-17)
(8.25481e-06 -1.44419e-06 -2.62324e-16)
(8.25481e-06 -1.44419e-06 -2.62324e-16)
(-4.02248e-05 5.81297e-06 2.42944e-18)
(-2.68467e-05 1.22509e-06 -1.46698e-17)
(3.46791e-06 -4.58836e-07 -6.96556e-17)
(-2.15281e-05 -5.77399e-06 -5.12604e-17)
(3.60809e-06 7.43515e-06 1.88035e-17)
(-3.4374e-05 -1.73433e-06 -2.06132e-18)
(-3.23436e-07 7.95509e-07 -1.80771e-17)
(1.87113e-05 3.23949e-07 9.85009e-18)
(3.15363e-05 1.26562e-06 5.16351e-17)
(3.81011e-05 2.51393e-06 8.00438e-18)
(3.99069e-05 3.59537e-06 -4.9068e-17)
(3.5546e-05 3.9856e-06 -2.70463e-19)
(2.40594e-05 3.41597e-06 -2.06812e-17)
(6.18528e-06 1.92906e-06 -3.99559e-17)
(-1.50155e-05 -2.25209e-07 -8.10953e-18)
(-3.46397e-05 -2.54057e-06 4.2607e-17)
(-4.87591e-05 -4.77772e-06 1.64374e-17)
(-5.38521e-05 -6.02192e-06 -8.18212e-17)
(-5.23299e-05 -6.56012e-06 -7.50628e-17)
(-9.96193e-05 -1.92751e-05 1.48198e-17)
(-0.000309205 -5.87321e-05 8.43274e-17)
(0.000485492 5.16609e-05 -4.09001e-17)
(-8.181e-05 2.55838e-05 -4.14609e-17)
(-6.38596e-05 9.20282e-06 1.05245e-16)
(1.82737e-05 1.06931e-05 -4.89196e-17)
(2.36617e-06 1.78974e-06 -5.68312e-17)
(-7.58151e-07 5.02043e-07 5.31134e-18)
(1.33944e-06 -2.86724e-07 -4.05555e-18)
(1.85327e-06 -1.21642e-06 -5.61186e-17)
(2.32639e-06 -1.82091e-06 2.10105e-17)
(2.75358e-06 -2.27541e-06 3.8118e-19)
(3.10395e-06 -2.5355e-06 -3.03363e-17)
(3.49221e-06 -2.75022e-06 1.32362e-17)
(3.8932e-06 -2.93653e-06 1.95503e-17)
(4.34803e-06 -3.14327e-06 3.02115e-17)
(4.78904e-06 -3.37343e-06 -1.15658e-17)
(5.22636e-06 -3.47191e-06 8.6069e-18)
(5.22636e-06 -3.47191e-06 8.6069e-18)
)
;
    }
}


// ************************************************************************* //
