/*--------------------------------*- C++ -*----------------------------------*\
| =========                 |                                                 |
| \\      /  F ield         | OpenFOAM: The Open Source CFD Toolbox           |
|  \\    /   O peration     | Version:  2306                                  |
|   \\  /    A nd           | Website:  www.openfoam.com                      |
|    \\/     M anipulation  |                                                 |
\*---------------------------------------------------------------------------*/
FoamFile
{
    version     2.0;
    format      ascii;
    arch        "LSB;label=32;scalar=64";
    class       volVectorField;
    location    "325";
    object      U;
}
// * * * * * * * * * * * * * * * * * * * * * * * * * * * * * * * * * * * * * //

dimensions      [0 1 -1 0 0 0 0];

internalField   nonuniform List<vector> 
1340
(
(17.8938 14.0923 -4.02449e-18)
(17.3011 13.3891 5.85601e-17)
(16.7583 12.6515 1.77744e-16)
(16.2304 11.7719 -3.80273e-16)
(15.7274 10.7724 -7.78238e-16)
(18.602 13.4355 1.56225e-17)
(18.0462 12.7919 6.70171e-17)
(17.5362 12.1181 -2.01055e-16)
(17.0353 11.3133 -7.60525e-18)
(16.5535 10.3973 4.40516e-16)
(16.158 9.42137 -8.76343e-16)
(19.2324 12.8378 -1.08251e-17)
(18.709 12.2467 -4.74088e-17)
(18.228 11.6289 -2.57505e-17)
(17.7515 10.8894 1.74098e-16)
(17.2896 10.0467 -4.61978e-17)
(16.9054 9.14954 5.40984e-16)
(16.598 8.18603 9.23399e-16)
(19.7963 12.2907 1.0245e-17)
(19.3019 11.7462 1.72718e-17)
(18.8467 11.1777 7.36128e-17)
(18.3927 10.4961 -2.70089e-16)
(17.9496 9.71814 -2.1901e-16)
(17.5768 8.8904 -4.95717e-16)
(17.2729 7.99942 -6.9869e-16)
(17.0567 7.0615 6.31955e-16)
(20.3032 11.7872 9.63217e-18)
(19.8349 11.2842 7.57896e-18)
(19.4031 10.7598 -3.95663e-17)
(18.9698 10.1298 2.33885e-16)
(18.5445 9.40955 5.01541e-16)
(18.1831 8.64345 3.44993e-17)
(17.8841 7.81705 1.29579e-15)
(17.6649 6.94611 -4.95016e-16)
(17.5385 6.08467 -7.59909e-16)
(20.7606 11.3218 1.29292e-17)
(20.3161 10.8562 -2.56358e-17)
(19.9058 10.3711 -2.06184e-17)
(19.4916 9.78751 -3.30287e-17)
(19.0831 9.11909 4.15229e-16)
(18.7331 8.40823 -5.62979e-16)
(18.4399 7.63987 1.83254e-16)
(18.2197 6.82919 1.23734e-17)
(18.0855 6.02716 -1.82547e-15)
(18.0357 5.26529 5.66914e-16)
(21.1749 10.8897 -1.09527e-17)
(20.7521 10.4582 2.10187e-17)
(20.3615 10.0086 1.53873e-16)
(19.9653 9.46679 4.15965e-17)
(19.5728 8.84524 -2.5763e-16)
(19.2341 8.18411 2.45928e-16)
(18.9473 7.46821 -4.77444e-18)
(18.7277 6.71219 9.31805e-16)
(18.588 5.96398 1.37988e-16)
(18.527 5.25339 -1.58442e-16)
(21.5512 10.4874 -3.20581e-18)
(21.1485 10.0869 -5.94172e-18)
(20.7761 9.66941 -1.28386e-16)
(20.3967 9.16561 -2.77784e-16)
(20.0195 8.58661 -4.13547e-16)
(19.6919 7.97053 7.36627e-16)
(19.4121 7.30234 -7.77194e-16)
(19.1941 6.59606 1.99961e-16)
(19.0509 5.89689 5.01074e-16)
(18.9813 5.23302 2.47635e-16)
(18.9779 4.60701 3.44543e-16)
(21.894 10.1117 1.86343e-17)
(21.51 9.7394 4.24371e-17)
(21.1545 9.35129 1.36559e-16)
(20.7909 8.88216 -3.50665e-17)
(20.4282 8.342 1.57019e-16)
(20.1115 7.76695 -7.4817e-16)
(19.8389 7.14236 6.54759e-16)
(19.6237 6.48155 9.32553e-16)
(19.4783 5.82726 1.73385e-17)
(19.4022 5.20616 5.71765e-16)
(19.388 4.62065 2.83648e-16)
(22.207 9.7599 -2.12552e-17)
(21.8404 9.41351 3.58451e-17)
(21.5007 9.05221 -1.21655e-16)
(21.152 8.6149 -1.30462e-16)
(20.8032 8.11035 -1.4681e-17)
(20.4973 7.5728 6.74341e-16)
(20.2321 6.98825 -9.46286e-17)
(20.0201 6.36922 -6.18303e-16)
(19.8739 5.75609 -6.16139e-16)
(19.793 5.17431 -1.93202e-15)
(19.7699 4.62608 4.5145e-16)
(19.7961 4.11901 1.25009e-15)
(22.4933 9.42971 1.16792e-17)
(22.143 9.10719 9.18714e-18)
(21.8182 8.77054 1.33091e-16)
(21.4836 8.36248 2.84807e-16)
(21.1481 7.89069 -1.40491e-16)
(20.8528 7.38761 -5.14002e-16)
(20.595 6.83992 7.73724e-17)
(20.3869 6.25937 -7.68593e-16)
(20.2408 5.6842 3.90578e-16)
(20.1562 5.13866 7.25328e-16)
(20.1261 4.62484 -6.27744e-16)
(20.1422 4.14998 -6.89124e-16)
(22.7556 9.11925 -1.25667e-17)
(22.4207 8.81876 6.24667e-17)
(22.1099 8.5048 -4.04086e-17)
(21.7888 8.12372 -3.83231e-17)
(21.466 7.68213 -1.33258e-16)
(21.181 7.2109 -4.05884e-16)
(20.9307 6.69725 -2.17911e-16)
(20.7269 6.15227 -6.65516e-17)
(20.5815 5.61218 2.97824e-16)
(20.4944 5.10012 4.35461e-16)
(20.4587 4.61811 8.20721e-16)
(20.4663 4.17306 -2.19413e-16)
(22.9964 8.8268 -1.10017e-17)
(22.676 8.54671 -8.66361e-17)
(22.3785 8.25371 -6.88383e-17)
(22.0702 7.89758 -6.23719e-17)
(21.7597 7.48395 -4.94894e-17)
(21.4845 7.04217 2.3745e-16)
(21.2418 6.56007 -1.21806e-15)
(21.0425 6.04803 1.03581e-16)
(20.8985 5.54046 1.81752e-15)
(20.8098 5.05945 4.10338e-16)
(20.7695 4.60695 -1.43845e-15)
(20.7701 4.18956 -9.97959e-16)
(20.8037 3.81343 2.1912e-16)
(23.2177 8.55091 1.3158e-17)
(22.9111 8.28972 -2.33251e-17)
(22.6261 8.01618 1.18492e-16)
(22.3301 7.68314 -4.11085e-16)
(22.0313 7.29546 -3.66875e-16)
(21.7658 6.88103 -1.92255e-16)
(21.5305 6.4282 4.57032e-16)
(21.3359 5.94681 7.79528e-16)
(21.1938 5.46946 -7.99502e-16)
(21.1042 5.01727 7.35058e-16)
(21.0603 4.59214 -4.57775e-18)
(21.055 4.20045 -2.68279e-16)
(21.0808 3.84811 9.16664e-16)
(23.4212 8.29029 -1.0273e-17)
(23.1277 8.04666 -3.2966e-17)
(22.8547 7.79117 8.57275e-17)
(22.5703 7.47961 1.82368e-16)
(22.2829 7.11606 3.58666e-16)
(22.0268 6.72705 2.62804e-16)
(21.7989 6.30147 8.81576e-16)
(21.6092 5.8486 -1.48447e-15)
(21.4693 5.39941 1.29276e-16)
(21.3792 4.97404 -3.07236e-16)
(21.3326 4.5744 6.98713e-16)
(21.3224 4.20661 2.11386e-16)
(21.3415 3.87637 5.14861e-16)
(21.3839 3.57844 1.86294e-16)
(23.6087 8.04378 1.13923e-17)
(23.3276 7.81654 5.19323e-17)
(23.0659 7.57781 -1.54353e-16)
(22.7928 7.28622 7.8234e-17)
(22.5163 6.94518 3.42294e-16)
(22.2693 6.57986 -1.00194e-16)
(22.0487 6.1797 -4.55431e-16)
(21.8639 5.75345 1.10764e-15)
(21.7265 5.3305 -9.93192e-16)
(21.6365 4.93014 8.40627e-16)
(21.5877 4.55425 -3.22795e-16)
(21.5734 4.20871 -4.3008e-16)
(21.5867 3.89903 -7.5173e-16)
(21.6219 3.62023 1.01707e-16)
(23.7814 7.81039 -9.21876e-19)
(23.5122 7.59842 1.4452e-17)
(23.2614 7.37533 -9.47104e-17)
(22.999 7.10235 2.08932e-16)
(22.7331 6.7823 -3.29036e-16)
(22.4949 6.43909 4.47047e-16)
(22.2814 6.06268 4.59707e-16)
(22.1017 5.6613 -4.75975e-16)
(21.9669 5.2629 -7.927e-17)
(21.8774 4.8859 1e-16)
(21.8269 4.53217 -3.84555e-16)
(21.8092 4.20739 5.29036e-16)
(21.8176 3.91684 3.22897e-16)
(21.8464 3.65581 4.582e-17)
(23.9406 7.58923 -1.64663e-18)
(23.6828 7.39149 1.35071e-17)
(23.4424 7.18298 -4.2265e-18)
(23.1904 6.92739 -1.17883e-16)
(22.9346 6.62696 -3.61582e-16)
(22.7049 6.30443 -2.86572e-16)
(22.4984 5.95025 -4.69984e-16)
(22.3238 5.57215 2.21177e-16)
(22.1919 5.19672 7.56815e-17)
(22.1031 4.84155 -1.27875e-15)
(22.0514 4.50853 -2.2118e-16)
(22.0309 4.20312 -4.85263e-16)
(22.035 3.9304 9.06361e-16)
(22.0583 3.68591 -9.63816e-16)
(22.0968 3.46502 -3.17422e-16)
(24.0876 7.37947 1.20992e-17)
(23.8406 7.19503 4.9699e-17)
(23.6101 7.00015 1.18993e-16)
(23.368 6.76081 1.54041e-16)
(23.122 6.47874 2.85219e-16)
(22.9007 6.17557 2.78913e-16)
(22.7011 5.8422 -8.87914e-16)
(22.5315 5.48594 -4.32826e-16)
(22.4026 5.13202 7.51959e-16)
(22.3147 4.79731 1.37548e-15)
(22.2622 4.48366 6.99042e-16)
(22.2392 4.19633 -1.64688e-16)
(22.2397 3.94025 -2.2794e-16)
(22.2582 3.71115 1.07038e-15)
(22.2909 3.50463 -2.24965e-16)
(24.2232 7.18039 9.46427e-18)
(23.9866 7.00839 -1.57101e-17)
(23.7656 6.82625 -4.98651e-17)
(23.5331 6.60211 -7.90868e-17)
(23.2966 6.33724 -7.49445e-16)
(23.0833 6.05222 -1.50545e-16)
(22.8904 5.73837 4.55374e-16)
(22.7258 5.40258 4.06701e-16)
(22.6 5.06887 -1.13792e-15)
(22.5133 4.75333 2.20296e-16)
(22.4603 4.45781 -1.1318e-16)
(22.4353 4.18739 9.2922e-18)
(22.4326 3.9468 -3.73403e-16)
(22.4469 3.73203 -5.81172e-16)
(22.4743 3.53887 2.10305e-17)
(24.3484 6.99135 -4.48851e-18)
(24.1218 6.83097 2.68022e-17)
(23.91 6.66075 4.21413e-17)
(23.6867 6.45084 1.88548e-17)
(23.4593 6.20211 1.07561e-16)
(23.2538 5.93411 6.71194e-16)
(23.0675 5.63859 -4.26199e-16)
(22.9079 5.32204 3.25131e-16)
(22.7851 5.00729 1.16811e-15)
(22.6998 4.70973 -9.48723e-16)
(22.6464 4.43121 8.23816e-16)
(22.6198 4.17661 5.75164e-16)
(22.6144 3.9505 9.05525e-16)
(22.625 3.74905 -1.45937e-16)
(22.6478 3.56831 -3.7028e-16)
(22.6803 3.40564 -3.97251e-16)
(24.464 6.81173 -1.25361e-20)
(24.247 6.66223 -8.66147e-17)
(24.044 6.50317 1.32379e-16)
(23.8295 6.30659 -5.39855e-17)
(23.611 6.07301 5.51838e-16)
(23.4131 5.821 -3.9305e-16)
(23.2331 5.54269 7.7678e-17)
(23.0784 5.24422 1.16463e-15)
(22.9589 4.9473 -1.42135e-15)
(22.875 4.66662 6.01044e-16)
(22.8215 4.40404 -9.77846e-16)
(22.7936 4.16424 -1.18339e-15)
(22.7857 3.95164 -5.56105e-16)
(22.793 3.76263 2.36694e-16)
(22.8119 3.59342 5.75692e-16)
(22.8396 3.44151 2.30069e-16)
(24.3629 6.50168 -3.12844e-17)
(24.1684 6.35307 -4.5303e-17)
(23.9625 6.16899 -3.02774e-17)
(23.7525 5.94964 -3.72928e-16)
(23.5619 5.71264 6.65234e-16)
(23.3883 5.45052 -3.55732e-16)
(23.2384 5.16905 -1.45979e-15)
(23.122 4.88888 1.39042e-15)
(23.0396 4.62407 1.97325e-16)
(22.9863 4.37645 4.40078e-16)
(22.9572 4.15052 5.2772e-16)
(22.9473 3.95055 -8.52774e-17)
(22.9518 3.77311 9.53335e-17)
(22.967 3.61462 -5.75203e-16)
(22.9905 3.47267 3.07427e-16)
(23.0209 3.34328 -5.76148e-16)
(24.4704 6.34885 -1.98291e-17)
(24.284 6.21003 6.44101e-17)
(24.0864 6.03768 -2.57168e-16)
(23.8846 5.8317 7.93302e-17)
(23.7012 5.60882 -6.38619e-16)
(23.5336 5.36191 1.55891e-16)
(23.3885 5.09646 3.7931e-17)
(23.2752 4.83206 -4.91604e-17)
(23.1945 4.58216 -2.26031e-16)
(23.1414 4.34856 1.17647e-15)
(23.1114 4.13563 -1.26435e-16)
(23.0997 3.94745 1.02681e-15)
(23.1016 3.78081 -3.39189e-16)
(23.1137 3.63228 3.31601e-16)
(23.1334 3.49958 -2.48092e-16)
(23.1595 3.3789 4.32443e-16)
(24.5699 6.20333 -9.15558e-17)
(24.3914 6.0737 -1.19726e-17)
(24.2017 5.91234 4.13977e-16)
(24.0079 5.71894 1.49887e-17)
(23.8314 5.50932 3.82721e-16)
(23.6698 5.27675 -5.17337e-16)
(23.5294 5.02636 8.58187e-17)
(23.4193 4.7768 -2.64266e-16)
(23.3402 4.54093 2.10136e-16)
(23.2875 4.32051 -6.36675e-16)
(23.2568 4.11976 -3.57581e-16)
(23.2436 3.94262 -1.12196e-15)
(23.2433 3.78602 3.44666e-16)
(23.2525 3.64675 1.3193e-16)
(23.2689 3.52263 -1.15373e-16)
(23.2911 3.40999 -1.21441e-16)
(24.6622 6.06472 6.71632e-17)
(24.4912 5.9437 1.49059e-16)
(24.3093 5.79267 -1.75344e-16)
(24.1231 5.61111 -5.37015e-16)
(23.9534 5.41396 7.88796e-17)
(23.7975 5.19487 -1.40866e-16)
(23.6617 4.95868 4.76512e-16)
(23.5547 4.72311 6.90622e-16)
(23.4774 4.50042 -4.87297e-16)
(23.4252 4.29239 -7.31402e-16)
(23.394 4.10306 1.43501e-15)
(23.3794 3.93622 6.52203e-16)
(23.3771 3.789 -2.07973e-16)
(23.3838 3.65833 1.01405e-16)
(23.3972 3.54216 5.41684e-16)
(23.416 3.43697 4.3875e-16)
(23.4395 3.33995 6.41543e-17)
(24.7477 5.93268 -1.50358e-17)
(24.5839 5.81973 -1.65544e-16)
(24.4095 5.6784 2.16924e-17)
(24.2308 5.50796 8.12773e-16)
(24.0676 5.32256 -6.83139e-16)
(23.9173 5.11617 8.12669e-17)
(23.786 4.89335 -4.27084e-17)
(23.6822 4.67095 -4.58557e-16)
(23.6067 4.46067 1.35206e-15)
(23.5551 4.26427 2.80705e-17)
(23.5234 4.08565 -1.36153e-15)
(23.5077 3.92845 3.6178e-16)
(23.5037 3.78997 -6.26091e-16)
(23.5081 3.66729 -5.26421e-16)
(23.5189 3.55848 -2.12515e-16)
(23.5346 3.46019 9.07069e-17)
(23.5547 3.3697 5.97531e-17)
(24.8269 5.80688 -4.03888e-17)
(24.6702 5.70149 1.05532e-16)
(24.5029 5.56926 1.01541e-16)
(24.3315 5.40929 -8.44034e-16)
(24.1746 5.23494 6.90714e-16)
(24.0298 5.04051 -2.71871e-16)
(23.9029 4.83029 9.89567e-16)
(23.8022 4.62029 6.79913e-16)
(23.7285 4.4217 -1.95861e-15)
(23.6775 4.23624 -8.96698e-16)
(23.6456 4.06766 3.78294e-16)
(23.6289 3.91947 -1.35104e-16)
(23.6234 3.78913 4.21774e-16)
(23.6258 3.6739 -3.40369e-16)
(23.6342 3.57191 -8.83732e-17)
(23.6473 3.47998 -6.96261e-17)
(23.6642 3.39553 -7.2985e-17)
(24.9003 5.68699 1.35034e-18)
(24.7503 5.5887 1.13522e-16)
(24.5901 5.46501 -1.69441e-16)
(24.4256 5.31489 4.35872e-16)
(24.2748 5.15094 -2.63977e-16)
(24.1354 4.96777 4.76449e-16)
(24.0129 4.76944 -9.33273e-16)
(23.9152 4.57113 -1.09301e-16)
(23.8433 4.38352 1.61428e-15)
(23.7931 4.20834 -1.16336e-16)
(23.7611 4.04919 -2.44386e-16)
(23.7436 3.90944 -6.26569e-17)
(23.7366 3.78669 5.76595e-16)
(23.7374 3.67837 3.08463e-16)
(23.7437 3.5827 -3.15653e-16)
(23.7543 3.49666 4.77888e-16)
(23.7685 3.41777 5.3361e-17)
(23.786 3.34415 -3.88435e-16)
(24.9683 5.57272 -1.10574e-17)
(24.8249 5.48109 -1.82302e-16)
(24.6714 5.36542 4.27369e-17)
(24.5136 5.22457 3.60173e-17)
(24.3688 5.07041 -3.07093e-16)
(24.2347 4.89786 -3.508e-16)
(24.1163 4.71071 -4.60619e-16)
(24.0217 4.52342 -1.13598e-15)
(23.9516 4.34617 6.13268e-16)
(23.9022 4.18065 1.2183e-15)
(23.8702 4.03033 4.25323e-16)
(23.852 3.89847 4.56178e-17)
(23.8439 3.78282 1.94639e-16)
(23.8431 3.68091 2.96973e-16)
(23.8475 3.59111 -3.79512e-16)
(23.856 3.51051 -9.42147e-17)
(23.8678 3.43675 3.68639e-16)
(23.8825 3.36803 -1.25822e-17)
(25.0313 5.46382 4.15197e-17)
(24.8942 5.37843 -5.81845e-17)
(24.7472 5.27029 9.57093e-18)
(24.596 5.13815 -1.87319e-16)
(24.457 4.99321 6.68763e-16)
(24.3279 4.83065 1.06219e-15)
(24.2137 4.65407 -4.21166e-16)
(24.1221 4.47715 1.7441e-16)
(24.0539 4.30964 -4.48955e-16)
(24.0054 4.1532 -1.09515e-15)
(23.9734 4.01118 -4.98664e-16)
(23.9546 3.88671 -3.07962e-16)
(23.9455 3.77766 -5.57242e-16)
(23.9433 3.68173 1.73728e-16)
(23.9461 3.59736 2.68204e-16)
(23.9527 3.52179 4.57896e-17)
(23.9623 3.45277 -1.91667e-16)
(23.9746 3.38857 -4.08225e-16)
(25.0897 5.36002 -4.7132e-17)
(24.9586 5.28048 1.07062e-16)
(24.818 5.1794 -1.724e-16)
(24.6731 5.05546 -2.1612e-16)
(24.5397 4.9192 -4.2582e-16)
(24.4155 4.76606 2.89299e-17)
(24.3055 4.59942 1.09979e-15)
(24.2168 4.43228 -5.05365e-16)
(24.1504 4.27395 1.58991e-17)
(24.1028 4.12605 -2.6483e-16)
(24.071 3.99181 5.8685e-16)
(24.0518 3.87425 1.07921e-16)
(24.0418 3.77138 -4.59847e-16)
(24.0384 3.681 5.21971e-16)
(24.0397 3.60166 1.0623e-16)
(24.0447 3.53074 -3.02638e-16)
(24.0524 3.46609 5.81965e-16)
(24.0626 3.40605 -5.04796e-16)
(24.0752 3.3489 8.20364e-17)
(25.1437 5.26109 -9.02259e-17)
(25.0185 5.18702 6.83692e-17)
(24.884 5.09258 2.11869e-16)
(24.7453 4.97635 1.50975e-16)
(24.6173 4.84826 4.27504e-16)
(24.498 4.70399 -6.24973e-16)
(24.3919 4.54672 -1.67324e-15)
(24.3062 4.3888 1.37215e-16)
(24.2417 4.23911 -1.24493e-16)
(24.195 4.09924 8.71359e-16)
(24.1634 3.9723 1.02088e-15)
(24.1439 3.86121 -2.45916e-16)
(24.1331 3.76409 4.53518e-16)
(24.1286 3.67889 -4.11534e-16)
(24.1287 3.60422 -6.48521e-16)
(24.1322 3.53759 -1.90698e-16)
(24.1382 3.47697 -2.5063e-17)
(24.1465 3.42077 5.64787e-16)
(24.157 3.36733 -7.37267e-18)
(25.1937 5.1668 5.42566e-17)
(25.0742 5.09786 -1.60355e-16)
(24.9456 5.00964 -2.1611e-17)
(24.8128 4.90067 -2.49434e-16)
(24.6902 4.78025 1.84443e-16)
(24.5755 4.64434 6.41988e-16)
(24.4734 4.49591 1.313e-15)
(24.3905 4.34668 -3.80009e-16)
(24.3279 4.20512 -6.13775e-17)
(24.2822 4.0728 -8.41397e-16)
(24.2509 3.95272 -2.57388e-16)
(24.2311 3.84768 3.98048e-17)
(24.2198 3.75593 -7.63748e-16)
(24.2144 3.67554 -5.3229e-17)
(24.2134 3.6052 4.66854e-16)
(24.2155 3.54255 4.38334e-16)
(24.2201 3.48565 -3.09786e-16)
(24.2268 3.43299 -3.10903e-16)
(24.2354 3.38296 1.67923e-16)
(25.24 5.07694 -1.23477e-17)
(25.1259 5.0128 7.34409e-17)
(25.0031 4.93042 -2.63381e-16)
(24.8761 4.82826 -7.99887e-17)
(24.7586 4.71508 2.09605e-16)
(24.6485 4.58704 -4.34805e-16)
(24.5502 4.44693 -5.40113e-16)
(24.4702 4.30589 -1.20901e-16)
(24.4095 4.17199 8.36731e-16)
(24.3649 4.04677 -2.82428e-16)
(24.3339 3.93312 6.84375e-17)
(24.314 3.83375 -5.92478e-16)
(24.3021 3.74703 3.52484e-16)
(24.2959 3.67111 2.83356e-16)
(24.2939 3.60479 -2.70081e-16)
(24.2949 3.54582 2.6878e-16)
(24.2982 3.49235 1.2062e-16)
(24.3034 3.44295 -3.65506e-16)
(24.3104 3.39608 3.31765e-16)
(24.3194 3.35037 5.61257e-17)
(25.2828 4.9913 3.65622e-18)
(25.1741 4.93167 -1.3583e-17)
(25.0568 4.85476 6.53887e-17)
(24.9354 4.75901 2.01475e-16)
(24.8228 4.65262 -2.93985e-16)
(24.7173 4.53199 -4.68273e-16)
(24.6227 4.39974 9.91423e-16)
(24.5456 4.26641 1.07078e-15)
(24.4866 4.13971 2.86771e-16)
(24.4431 4.02118 -2.98232e-16)
(24.4126 3.91357 3.14918e-16)
(24.3926 3.81951 6.3034e-16)
(24.3802 3.73747 -7.0209e-16)
(24.3734 3.66573 2.15084e-16)
(24.3706 3.60314 7.99793e-16)
(24.3706 3.54758 -6.06424e-16)
(24.3728 3.49728 -1.95745e-16)
(24.3767 3.45089 1.74307e-16)
(24.3823 3.40692 -1.29425e-16)
(24.3896 3.36406 3.14431e-16)
(25.3224 4.90971 -3.4651e-18)
(25.2188 4.85428 -3.77618e-17)
(25.1069 4.7825 2.23809e-16)
(24.9909 4.69278 5.15548e-17)
(24.8832 4.59279 3.21065e-16)
(24.782 4.47914 -3.32263e-16)
(24.6912 4.35428 -3.51623e-16)
(24.6168 4.22821 -3.38708e-16)
(24.5597 4.10831 -1.27076e-15)
(24.5173 3.99605 7.71156e-16)
(24.4872 3.89412 -8.81299e-16)
(24.4672 3.80503 -5.60933e-16)
(24.4546 3.72737 4.03881e-16)
(24.4472 3.65952 -1.05858e-16)
(24.4436 3.6004 -2.30717e-17)
(24.4427 3.54799 -5.19568e-17)
(24.444 3.50064 -1.51789e-16)
(24.4468 3.45702 -2.7709e-16)
(24.4512 3.41573 3.63107e-16)
(24.4571 3.37551 -3.99173e-16)
(25.3591 4.83197 -2.05606e-17)
(25.2603 4.78049 1.17005e-16)
(25.1537 4.71351 3.10552e-17)
(25.043 4.62944 -4.12299e-16)
(24.94 4.53547 2.24541e-16)
(24.8431 4.4284 8.32848e-16)
(24.7558 4.31051 -6.19229e-16)
(24.6842 4.19129 4.99997e-16)
(24.629 4.07777 1.79941e-15)
(24.5876 3.97142 2.97636e-17)
(24.5581 3.87481 4.76e-16)
(24.5382 3.79039 -1.62643e-16)
(24.5253 3.71683 -2.70329e-16)
(24.5174 3.6526 -4.39995e-17)
(24.5132 3.5967 1.16935e-16)
(24.5116 3.54723 8.16763e-16)
(24.512 3.50258 -2.32383e-17)
(24.5139 3.46153 -3.41779e-16)
(24.5172 3.42272 2.75453e-16)
(24.5219 3.38493 -1.25588e-16)
(24.5281 3.34708 6.59748e-17)
(25.3929 4.75792 1.53387e-17)
(25.299 4.71012 -7.24799e-17)
(25.1974 4.64765 -7.32041e-17)
(25.0918 4.5689 5.91664e-16)
(24.9934 4.48059 -2.17554e-16)
(24.9006 4.3797 1.95909e-16)
(24.8169 4.26837 -1.20372e-16)
(24.748 4.1556 -1.85231e-15)
(24.6946 4.0481 -1.5826e-16)
(24.6544 3.9473 6.78317e-16)
(24.6254 3.8557 4.20281e-16)
(24.6056 3.77565 -4.64851e-16)
(24.5925 3.70592 1.93142e-16)
(24.5843 3.64508 -3.25163e-17)
(24.5796 3.59218 -1.87115e-16)
(24.5774 3.54543 2.76928e-16)
(24.577 3.5033 -1.9005e-16)
(24.5781 3.46462 5.16911e-16)
(24.5805 3.4281 -3.589e-16)
(24.5842 3.39256 1.30719e-16)
(24.5892 3.35697 -7.98077e-17)
(25.4242 4.6874 -2.26384e-17)
(25.3349 4.64305 6.04721e-17)
(25.2382 4.58479 -4.27971e-17)
(25.1375 4.51103 -4.80519e-16)
(25.0436 4.42804 -4.67475e-16)
(24.9549 4.33298 -1.20619e-15)
(24.8747 4.22783 1.42312e-15)
(24.8084 4.12113 6.16118e-16)
(24.7569 4.0193 3.89827e-16)
(24.7178 3.92373 -1.4186e-15)
(24.6894 3.83683 -6.12303e-16)
(24.6698 3.76088 -5.94668e-16)
(24.6566 3.69473 3.08951e-16)
(24.6481 3.63705 -1.34303e-16)
(24.6429 3.58695 -1.75753e-16)
(24.6402 3.54273 1.92396e-16)
(24.6392 3.50293 -4.29826e-16)
(24.6397 3.46646 1.14413e-16)
(24.6413 3.43206 -1.55284e-16)
(24.644 3.3986 -1.51756e-16)
(24.648 3.36509 3.15841e-16)
(25.453 4.62025 -2.19446e-17)
(25.3682 4.57912 8.41405e-17)
(25.2764 4.5248 7.41213e-17)
(25.1804 4.45573 2.19475e-16)
(25.0909 4.37775 7.31334e-16)
(25.0062 4.28817 6.76404e-16)
(24.9294 4.18883 -2.5838e-16)
(24.8657 4.08786 2.93759e-16)
(24.8159 3.99137 -4.2137e-16)
(24.778 3.90071 1.08021e-16)
(24.7502 3.81823 9.05012e-16)
(24.7309 3.74613 5.9276e-16)
(24.7177 3.68334 -1.31472e-16)
(24.7089 3.62862 -3.48016e-16)
(24.7034 3.58113 -4.55671e-17)
(24.7003 3.53925 1.81821e-16)
(24.6988 3.50163 -2.63274e-16)
(24.6986 3.46719 2.86742e-17)
(24.6996 3.43476 -2.09697e-16)
(24.7016 3.40324 -7.04615e-17)
(24.7047 3.37167 8.93709e-17)
(25.4797 4.55633 -1.57201e-17)
(25.3992 4.51821 3.38029e-18)
(25.312 4.46759 -8.1014e-17)
(25.2207 4.40291 -3.54291e-17)
(25.1354 4.32963 -1.95861e-16)
(25.0546 4.24521 4.04772e-16)
(24.9811 4.15136 -1.04554e-15)
(24.9199 4.05577 8.7471e-16)
(24.872 3.9643 2.15633e-16)
(24.8352 3.87827 -6.01555e-16)
(24.8081 3.79994 7.1169e-16)
(24.789 3.73146 -3.56338e-16)
(24.7759 3.67182 1.2825e-16)
(24.767 3.61986 3.6043e-16)
(24.7612 3.57481 1.28351e-16)
(24.7577 3.53513 -8.4742e-17)
(24.7558 3.49953 3.34353e-16)
(24.7552 3.46698 -4.68871e-16)
(24.7556 3.43637 2.8524e-16)
(24.757 3.40665 -1.55177e-17)
(24.7593 3.37688 2.17236e-16)
(24.7628 3.34608 -2.26529e-16)
(25.5043 4.4955 -1.12631e-17)
(25.428 4.46019 5.03719e-17)
(25.3453 4.41302 3.39081e-17)
(25.2586 4.35247 1.28436e-16)
(25.1774 4.28361 -1.94383e-16)
(25.1003 4.20404 -6.45366e-16)
(25.0301 4.11535 8.52989e-16)
(24.9714 4.02484 -4.48651e-16)
(24.9253 3.93809 -4.75743e-16)
(24.8897 3.85642 1.27819e-15)
(24.8632 3.782 -1.09641e-15)
(24.8445 3.71691 -2.12059e-16)
(24.8314 3.66023 6.8962e-16)
(24.8225 3.61086 -7.71871e-16)
(24.8165 3.56809 1.67555e-16)
(24.8127 3.53046 -2.6265e-16)
(24.8105 3.49674 5.72368e-17)
(24.8095 3.46596 7.76107e-17)
(24.8094 3.43704 -4.45024e-17)
(24.8103 3.40899 -1.55085e-16)
(24.812 3.3809 -8.93129e-18)
(24.8147 3.35182 2.76208e-16)
(25.527 4.43762 3.36915e-17)
(25.4548 4.40493 -3.00139e-17)
(25.3764 4.36099 8.19071e-17)
(25.2941 4.30433 1.41342e-16)
(25.2169 4.23962 9.0547e-17)
(25.1436 4.16461 8.98899e-16)
(25.0765 4.08077 -1.21128e-16)
(25.0203 3.99504 -3.0624e-16)
(24.9759 3.91275 4.73309e-16)
(24.9414 3.83518 -1.72569e-15)
(24.9157 3.76444 9.19116e-16)
(24.8974 3.70254 5.68079e-16)
(24.8845 3.64863 -1.09181e-16)
(24.8755 3.6017 7.44825e-16)
(24.8694 3.56107 -6.83545e-16)
(24.8655 3.52535 4.07694e-16)
(24.863 3.49338 5.03003e-16)
(24.8616 3.46424 -4.15259e-16)
(24.8612 3.43691 -3.62865e-17)
(24.8616 3.41041 -9.39644e-17)
(24.8627 3.38389 1.70502e-16)
(24.8648 3.3564 -7.63773e-17)
(25.5479 4.38257 3.37875e-17)
(25.4796 4.35234 -2.4946e-17)
(25.4055 4.31142 -5.61274e-17)
(25.3274 4.25838 -3.28146e-16)
(25.2542 4.19758 3.32984e-17)
(25.1845 4.12687 -7.18088e-16)
(25.1206 4.04759 -7.51451e-16)
(25.0667 3.96636 -3.77315e-16)
(25.024 3.88827 -7.41941e-16)
(24.9907 3.81455 -1.13479e-17)
(24.9658 3.74728 -3.99723e-16)
(24.9479 3.68838 -3.41661e-16)
(24.9352 3.63709 -1.01703e-16)
(24.9263 3.59245 -4.95939e-16)
(24.9201 3.55381 4.22801e-17)
(24.916 3.51989 1.41104e-16)
(24.9133 3.48956 -3.26518e-16)
(24.9117 3.46195 -1.0518e-16)
(24.9109 3.43609 3.50891e-16)
(24.9109 3.41104 -1.07795e-16)
(24.9117 3.38597 1.9835e-16)
(24.9132 3.35999 7.53367e-17)
(25.5672 4.33023 -1.68529e-17)
(25.5027 4.30228 -3.59754e-18)
(25.4327 4.26419 -7.67627e-17)
(25.3588 4.21456 -2.06078e-16)
(25.2894 4.15743 -2.42532e-16)
(25.2232 4.09075 9.0913e-17)
(25.1623 4.01577 6.89781e-16)
(25.1108 3.93878 1.72759e-15)
(25.0697 3.86464 -7.20403e-16)
(25.0377 3.79456 -4.18752e-17)
(25.0135 3.73054 2.47399e-16)
(24.9961 3.67448 -4.35302e-17)
(24.9837 3.62565 -6.98954e-17)
(24.9748 3.58315 -4.33223e-16)
(24.9687 3.5464 -2.80543e-16)
(24.9645 3.51415 5.00362e-16)
(24.9616 3.48535 -1.44299e-16)
(24.9598 3.45918 -4.70628e-17)
(24.9588 3.43468 1.29248e-18)
(24.9585 3.41099 -2.73042e-18)
(24.9588 3.38728 -8.08517e-17)
(24.9599 3.3627 -3.04376e-16)
(24.9619 3.33621 8.74391e-17)
(25.5849 4.28048 -1.55401e-17)
(25.5242 4.25467 5.87768e-17)
(25.4582 4.21921 1.91403e-16)
(25.3883 4.17279 1.14272e-16)
(25.3227 4.1191 -1.97465e-16)
(25.2599 4.05621 -4.24355e-16)
(25.2019 3.98527 3.75089e-16)
(25.1527 3.91228 -1.21487e-15)
(25.1133 3.84186 1.96383e-15)
(25.0825 3.7752 5.11113e-16)
(25.0591 3.71426 -6.10937e-16)
(25.0422 3.66087 1.394e-16)
(25.0301 3.61435 9.56754e-16)
(25.0214 3.57387 -6.79794e-16)
(25.0152 3.53888 2.08348e-17)
(25.0109 3.50821 1.63546e-16)
(25.0079 3.48084 2.20721e-16)
(25.0059 3.456 -2.37278e-17)
(25.0047 3.43279 -3.36208e-16)
(25.0041 3.41035 5.1591e-16)
(25.0041 3.38792 -4.03355e-16)
(25.0048 3.36465 3.22606e-16)
(25.0064 3.33954 4.23378e-18)
(25.6013 4.23322 -3.97254e-17)
(25.5442 4.2094 9.40744e-17)
(25.482 4.1764 -5.58342e-18)
(25.4161 4.13299 -8.53724e-17)
(25.3541 4.08253 -5.21722e-17)
(25.2947 4.02321 8.55725e-16)
(25.2396 3.95607 -2.32454e-16)
(25.1925 3.88685 5.83433e-16)
(25.1548 3.81992 -2.01042e-15)
(25.1252 3.75649 -3.98353e-16)
(25.1027 3.69845 9.08692e-16)
(25.0863 3.64758 5.571e-17)
(25.0745 3.60324 -1.8187e-16)
(25.0659 3.56465 -7.50878e-16)
(25.0598 3.53131 8.35931e-16)
(25.0554 3.50211 -2.6576e-17)
(25.0523 3.47609 -2.98694e-16)
(25.0501 3.4525 -3.0039e-17)
(25.0487 3.43048 7.2178e-17)
(25.0479 3.40922 -9.63688e-17)
(25.0476 3.38797 3.28989e-16)
(25.048 3.36593 -4.11143e-16)
(25.049 3.34212 2.245e-16)
(25.6163 4.18833 -5.22378e-18)
(25.5627 4.16637 7.76374e-18)
(25.5044 4.13567 -1.08363e-16)
(25.4423 4.09508 -2.43221e-16)
(25.3838 4.04766 2.35087e-16)
(25.3277 3.99169 -1.08061e-15)
(25.2753 3.92812 5.35946e-16)
(25.2304 3.86246 -4.61859e-17)
(25.1944 3.79883 4.88166e-16)
(25.166 3.73843 -1.52135e-16)
(25.1444 3.68312 6.0079e-16)
(25.1285 3.63462 -2.8105e-16)
(25.1169 3.59232 4.16924e-16)
(25.1084 3.55552 8.03219e-17)
(25.1023 3.52373 3.53058e-16)
(25.0979 3.49591 -2.35897e-16)
(25.0947 3.47114 -2.57946e-16)
(25.0924 3.44871 2.00132e-16)
(25.0908 3.42781 -1.78889e-16)
(25.0898 3.40765 1.1401e-16)
(25.0892 3.38751 -1.53429e-16)
(25.0893 3.36663 3.33328e-16)
(25.09 3.34404 -1.75047e-16)
(25.6301 4.14572 -5.34847e-18)
(25.58 4.1255 1.18462e-17)
(25.5253 4.09694 -1.25799e-16)
(25.4669 4.059 5.31223e-16)
(25.412 4.01444 -1.94064e-16)
(25.3591 3.96161 1.14214e-15)
(25.3092 3.9014 7.29492e-16)
(25.2665 3.8391 1.24347e-16)
(25.2322 3.77856 9.96913e-16)
(25.205 3.72102 3.24307e-17)
(25.1842 3.66829 -8.37123e-16)
(25.1688 3.622 -6.56324e-16)
(25.1574 3.58163 -4.1292e-16)
(25.149 3.5465 4.85926e-16)
(25.1429 3.51617 -1.8962e-17)
(25.1384 3.48963 4.96594e-16)
(25.1351 3.46604 -4.7545e-16)
(25.1326 3.4447 6.22417e-18)
(25.1309 3.42483 -9.01239e-17)
(25.1297 3.4057 -1.42503e-16)
(25.129 3.38661 6.15257e-18)
(25.1287 3.3668 -9.41334e-17)
(25.1291 3.34537 1.14793e-16)
(25.6429 4.10528 4.15893e-17)
(25.596 4.08668 -6.9909e-17)
(25.5449 4.06012 2.83865e-16)
(25.4902 4.02469 -5.38109e-16)
(25.4386 3.9828 1.96243e-16)
(25.3888 3.93292 -1.34408e-15)
(25.3415 3.87589 -6.61258e-16)
(25.3009 3.81676 5.04719e-16)
(25.2683 3.75912 -1.09525e-15)
(25.2423 3.70425 4.54471e-16)
(25.2222 3.65394 8.12556e-17)
(25.2072 3.60974 5.05132e-17)
(25.196 3.57117 -2.37959e-16)
(25.1876 3.5376 -2.68332e-16)
(25.1815 3.50863 8.44807e-17)
(25.1769 3.48331 3.5329e-16)
(25.1735 3.46081 -3.03034e-16)
(25.171 3.4405 4.03662e-16)
(25.1691 3.42162 -1.64172e-16)
(25.1677 3.40345 9.96085e-17)
(25.1668 3.38534 -2.43997e-16)
(25.1664 3.36655 3.00521e-16)
(25.1665 3.3462 -5.07223e-17)
(25.1672 3.32377 -1.51441e-16)
(25.6545 4.06693 -2.30491e-17)
(25.6109 4.04985 4.0502e-17)
(25.5633 4.02515 -4.24613e-17)
(25.5121 3.99208 -1.8271e-16)
(25.4639 3.95269 -4.08424e-17)
(25.417 3.9056 8.44166e-16)
(25.3721 3.85155 3.546e-16)
(25.3337 3.79543 -1.28863e-15)
(25.3028 3.74048 -5.93574e-16)
(25.2779 3.68811 3.72484e-16)
(25.2584 3.64007 -5.30392e-16)
(25.2437 3.59783 8.41075e-16)
(25.2326 3.56095 1.22268e-16)
(25.2243 3.52885 1.04198e-16)
(25.2181 3.50116 -1.34538e-17)
(25.2135 3.47697 7.46341e-17)
(25.21 3.45552 -7.21972e-16)
(25.2074 3.43617 2.07738e-16)
(25.2055 3.41821 8.09289e-17)
(25.204 3.40095 8.96745e-17)
(25.203 3.38376 -1.76696e-16)
(25.2024 3.36593 1.87354e-16)
(25.2022 3.34661 6.65544e-17)
(25.2027 3.32529 -5.78796e-17)
(25.6652 4.03058 -1.15524e-17)
(25.6248 4.0149 -2.81381e-17)
(25.5806 3.99196 1.075e-16)
(25.5328 3.96111 1.66372e-16)
(25.4879 3.92407 2.94845e-16)
(25.4439 3.87959 7.55352e-17)
(25.4013 3.82837 5.08771e-17)
(25.3651 3.7751 2.8469e-16)
(25.3358 3.72262 1.65735e-15)
(25.3118 3.67257 8.2758e-17)
(25.2927 3.62667 6.79925e-16)
(25.2782 3.58627 -7.12464e-16)
(25.2673 3.55097 -1.35008e-16)
(25.259 3.52025 1.16582e-16)
(25.2529 3.49377 -3.70634e-17)
(25.2483 3.47067 1.45123e-16)
(25.2448 3.4502 -6.6757e-17)
(25.2422 3.43176 4.64566e-16)
(25.2401 3.41467 -4.94671e-16)
(25.2386 3.39827 3.1166e-16)
(25.2375 3.38194 -5.02408e-16)
(25.2367 3.36502 3.32128e-16)
(25.2364 3.34667 -2.55608e-16)
(25.2366 3.3264 -9.55153e-17)
(25.6751 3.99614 2.01985e-17)
(25.6377 3.98178 -1.02396e-17)
(25.5968 3.96046 -2.64395e-16)
(25.5524 3.93173 1.36056e-16)
(25.5107 3.89687 -5.67034e-16)
(25.4694 3.85488 1.67369e-16)
(25.4291 3.80632 -1.53943e-17)
(25.3952 3.75576 1.24714e-15)
(25.3673 3.70551 -1.99836e-15)
(25.344 3.65762 3.68781e-16)
(25.3252 3.61373 -7.08064e-16)
(25.311 3.57506 5.41215e-16)
(25.3002 3.54125 -2.62815e-16)
(25.292 3.51185 -2.60722e-16)
(25.286 3.48652 1.53415e-16)
(25.2814 3.46444 -2.40301e-17)
(25.2779 3.4449 -1.13419e-18)
(25.2753 3.42732 1.49305e-17)
(25.2732 3.41105 3.14994e-16)
(25.2716 3.39545 -2.18418e-19)
(25.2704 3.37994 -2.91282e-17)
(25.2695 3.36386 -1.821e-16)
(25.269 3.34642 2.38453e-17)
(25.269 3.32714 3.46003e-17)
(25.6841 3.96351 -4.59797e-17)
(25.6497 3.95039 -3.42147e-17)
(25.6121 3.9306 2.814e-17)
(25.5709 3.90386 -4.7519e-16)
(25.5324 3.87105 3.45834e-16)
(25.4936 3.83141 -5.51978e-16)
(25.4556 3.78536 -7.33035e-16)
(25.424 3.73739 -7.89791e-16)
(25.3974 3.68913 1.12066e-15)
(25.3745 3.64325 -9.41163e-16)
(25.356 3.60127 5.48216e-16)
(25.342 3.56424 3.53909e-16)
(25.3314 3.53184 -4.01071e-17)
(25.3234 3.50367 1.64457e-16)
(25.3174 3.47943 -4.11055e-19)
(25.3129 3.45831 2.15557e-16)
(25.3094 3.43964 -1.1934e-17)
(25.3067 3.42286 -3.26785e-16)
(25.3046 3.40735 -4.78774e-17)
(25.3029 3.39251 8.64657e-17)
(25.3016 3.37775 -6.48727e-17)
(25.3006 3.36246 -5.50366e-18)
(25.2999 3.34588 5.69425e-17)
(25.2996 3.32753 4.62232e-17)
(25.6923 3.93263 2.3605e-17)
(25.6609 3.92064 -2.59444e-17)
(25.6264 3.90229 6.23279e-17)
(25.5885 3.87745 5.44546e-16)
(25.5529 3.84653 8.11078e-16)
(25.5165 3.80915 1.87543e-16)
(25.4808 3.76545 4.05922e-16)
(25.4515 3.72 -2.02446e-16)
(25.4259 3.67343 9.48334e-16)
(25.4033 3.62945 -8.66395e-16)
(25.3851 3.58931 1.84295e-16)
(25.3714 3.55382 -1.01963e-16)
(25.3611 3.52274 -1.87654e-16)
(25.3533 3.49574 -1.59646e-16)
(25.3473 3.47251 -2.0395e-16)
(25.3428 3.45229 1.45093e-16)
(25.3392 3.43442 -1.09395e-16)
(25.3365 3.41839 -3.24759e-17)
(25.3342 3.40359 -8.89948e-17)
(25.3324 3.38943 2.59515e-16)
(25.331 3.37538 2.1823e-16)
(25.3298 3.36083 -2.08957e-17)
(25.3289 3.34504 -5.78593e-17)
(25.3284 3.32757 -1.20027e-16)
(25.6999 3.90338 -2.46201e-18)
(25.6713 3.89246 -7.37219e-17)
(25.6399 3.87547 1.30796e-16)
(25.6051 3.85246 -3.88614e-16)
(25.5726 3.82332 -9.73642e-16)
(25.5384 3.78814 3.46207e-17)
(25.5049 3.74665 -1.34333e-15)
(25.4779 3.70369 3.06693e-16)
(25.4527 3.65823 -2.58624e-16)
(25.4304 3.61604 -2.727e-16)
(25.4127 3.57776 1.7001e-16)
(25.3994 3.54373 1.03587e-16)
(25.3893 3.51389 -4.05117e-16)
(25.3815 3.48797 3.15731e-16)
(25.3755 3.46569 -3.54629e-16)
(25.3708 3.44631 -3.31905e-16)
(25.3672 3.42919 7.57409e-16)
(25.3643 3.41385 -7.4378e-16)
(25.3619 3.39971 7.68335e-17)
(25.36 3.3862 1.97565e-16)
(25.3583 3.37281 -3.44425e-17)
(25.357 3.35895 -1.26991e-16)
(25.3559 3.34391 -2.84863e-16)
(25.3551 3.32726 2.56608e-16)
(25.3548 3.30956 1.66215e-18)
(25.7068 3.87566 7.45479e-18)
(25.6811 3.86575 4.71086e-17)
(25.6526 3.85007 -4.41605e-18)
(25.621 3.82882 -1.28321e-16)
(25.5913 3.80136 7.81738e-16)
(25.5593 3.76837 -3.05463e-16)
(25.5282 3.72898 4.99316e-16)
(25.5032 3.68855 -2.47876e-16)
(25.4781 3.64351 1.91915e-17)
(25.4559 3.60304 8.96942e-16)
(25.4387 3.56664 1.91912e-17)
(25.4259 3.53398 4.85979e-16)
(25.4158 3.50525 8.11282e-16)
(25.4078 3.48032 -1.14531e-15)
(25.4017 3.45891 6.45301e-16)
(25.3969 3.44029 -5.30975e-16)
(25.393 3.42387 1.65251e-16)
(25.39 3.40917 -3.38135e-16)
(25.3875 3.39564 3.12532e-16)
(25.3854 3.38274 4.57265e-17)
(25.3836 3.36996 8.57135e-19)
(25.382 3.35675 -3.00979e-16)
(25.3807 3.34242 1.54219e-16)
(25.3797 3.32655 -5.85511e-17)
(25.3792 3.30967 -1.9521e-16)
(25.7121 3.85347 2.96516e-17)
(25.6888 3.84421 2.12894e-17)
(25.6629 3.82924 7.04625e-17)
(25.6342 3.80894 2.54244e-16)
(25.6075 3.78218 -3.27008e-16)
(25.5781 3.75022 4.66614e-16)
(25.5507 3.71168 -4.24203e-16)
(25.5297 3.67281 1.39848e-15)
(25.5054 3.62888 -1.55905e-15)
(25.4811 3.59091 6.44467e-16)
(25.4628 3.55675 -7.80464e-16)
(25.4493 3.52548 2.91801e-16)
(25.4386 3.4978 -7.26216e-16)
(25.43 3.47377 2.22796e-16)
(25.4233 3.45312 -2.77325e-16)
(25.4181 3.43516 5.83696e-16)
(25.414 3.41931 -1.50777e-17)
(25.4106 3.40515 -2.53836e-16)
(25.4079 3.39212 4.66927e-16)
(25.4055 3.37971 -3.70958e-16)
(25.4035 3.36743 2.61117e-16)
(25.4018 3.35474 -2.65808e-16)
(25.4002 3.34097 2.25009e-16)
(25.3989 3.32572 -6.24286e-18)
(25.3981 3.30951 -2.71402e-16)
(25.7163 3.8356 -1.78506e-17)
(25.695 3.82673 5.14124e-17)
(25.6714 3.8121 -2.0472e-18)
(25.6456 3.79217 -9.03928e-17)
(25.622 3.76546 8.84345e-17)
(25.5959 3.73392 -6.95426e-16)
(25.5733 3.69547 3.0876e-16)
(25.5572 3.65716 -2.60479e-16)
(25.534 3.61387 3.23542e-16)
(25.506 3.57902 -1.49937e-16)
(25.4852 3.54731 1.35446e-15)
(25.4703 3.51756 1.85947e-16)
(25.4585 3.49101 3.3469e-17)
(25.4489 3.4679 4.1665e-16)
(25.4414 3.44798 -5.8906e-16)
(25.4357 3.43062 1.69892e-16)
(25.4311 3.4153 -8.24346e-17)
(25.4274 3.40161 1.49003e-16)
(25.4243 3.38901 1.63287e-16)
(25.4217 3.37702 -1.15631e-16)
(25.4194 3.36515 -5.4446e-17)
(25.4174 3.35289 1.33787e-16)
(25.4155 3.33958 2.19563e-16)
(25.414 3.32484 -1.08791e-16)
(25.4129 3.30917 -7.08441e-17)
(25.7205 3.81739 4.30651e-18)
(25.7012 3.80893 -3.83033e-18)
(25.68 3.79472 1.51504e-17)
(25.6571 3.77527 -4.84501e-17)
(25.6365 3.74874 1.04225e-17)
(25.6135 3.7179 6.36483e-16)
(25.5957 3.6796 -3.20555e-17)
(25.5834 3.64192 4.84344e-16)
(25.5613 3.59974 -2.78484e-16)
(25.53 3.56753 -3.20059e-16)
(25.5067 3.53785 -9.11182e-16)
(25.4905 3.50945 5.39371e-16)
(25.4777 3.48397 -2.75409e-16)
(25.4672 3.46173 -6.36948e-16)
(25.4591 3.44253 -6.09647e-17)
(25.4528 3.42578 2.67541e-18)
(25.4478 3.41099 9.36709e-17)
(25.4438 3.39776 5.7553e-18)
(25.4404 3.3856 -1.43807e-16)
(25.4375 3.37403 -6.39799e-17)
(25.435 3.36259 -7.39281e-17)
(25.4328 3.35077 -1.02117e-16)
(25.4307 3.33793 6.76179e-17)
(25.4288 3.32371 -3.24934e-17)
(25.4274 3.3086 1.75573e-16)
(25.7245 3.79902 -2.64558e-17)
(25.7074 3.791 1.38866e-17)
(25.6886 3.7773 -9.18448e-17)
(25.6686 3.75844 2.69281e-17)
(25.6509 3.73225 -3.77916e-16)
(25.6309 3.70244 -7.05466e-16)
(25.6177 3.66432 7.01645e-16)
(25.608 3.62765 -5.82812e-16)
(25.5871 3.58647 -2.0516e-15)
(25.553 3.55638 1.23309e-16)
(25.5272 3.52843 5.32758e-16)
(25.5098 3.50125 7.2923e-17)
(25.4961 3.47675 -3.57792e-16)
(25.4849 3.45535 4.17357e-16)
(25.4761 3.43685 -4.29957e-16)
(25.4693 3.42068 6.12945e-16)
(25.464 3.40641 -5.56775e-16)
(25.4596 3.39364 -4.05116e-17)
(25.456 3.38192 -8.18858e-17)
(25.4529 3.37077 3.12987e-17)
(25.4502 3.35975 6.42116e-17)
(25.4477 3.34837 1.31903e-16)
(25.4454 3.33601 1.58097e-17)
(25.4433 3.32232 2.65599e-17)
(25.4417 3.30777 -2.12648e-17)
(25.7284 3.78054 8.88173e-18)
(25.7135 3.77299 -6.78418e-17)
(25.6972 3.75991 1.63938e-16)
(25.68 3.74174 1.4527e-16)
(25.665 3.7161 2.53076e-16)
(25.648 3.68764 4.9884e-16)
(25.6391 3.64966 8.8812e-16)
(25.6308 3.61457 -4.39395e-16)
(25.6108 3.57411 7.61426e-16)
(25.5746 3.54558 -1.68504e-16)
(25.5466 3.51908 -5.80255e-16)
(25.5279 3.49294 -3.00552e-16)
(25.5135 3.46931 2.41656e-16)
(25.5016 3.44869 3.95814e-17)
(25.4923 3.43087 2.58036e-16)
(25.4852 3.41531 -4.52312e-16)
(25.4795 3.40155 5.19446e-16)
(25.4749 3.38925 -4.56413e-17)
(25.4711 3.37796 1.34634e-16)
(25.4678 3.36723 -4.00236e-16)
(25.4649 3.35663 6.22514e-17)
(25.4623 3.34568 -4.75725e-17)
(25.4598 3.3338 -2.60177e-17)
(25.4575 3.32063 -9.9251e-17)
(25.4556 3.30665 9.04703e-17)
(25.7322 3.76201 -9.79204e-18)
(25.7195 3.75497 6.894e-17)
(25.7056 3.74263 -8.79921e-17)
(25.6912 3.72525 -1.54155e-16)
(25.6788 3.70045 -1.59686e-16)
(25.6647 3.67365 -2.30726e-17)
(25.6596 3.63581 -8.22878e-16)
(25.6515 3.60305 9.73783e-16)
(25.6324 3.56278 6.10392e-16)
(25.5945 3.53517 4.74979e-16)
(25.5647 3.50983 6.61096e-16)
(25.5449 3.48462 -5.56028e-16)
(25.5299 3.46175 2.3828e-16)
(25.5175 3.44181 -3.47575e-16)
(25.5078 3.42462 7.52081e-16)
(25.5003 3.40962 -6.66697e-16)
(25.4945 3.39639 8.10408e-17)
(25.4898 3.38458 2.20514e-16)
(25.4858 3.37374 -2.62339e-16)
(25.4824 3.36344 2.04826e-16)
(25.4793 3.35327 -6.44727e-18)
(25.4765 3.34277 9.84887e-18)
(25.4738 3.33136 -6.88461e-17)
(25.4714 3.31872 -2.2358e-16)
(25.4693 3.3053 1.85368e-18)
(25.7358 3.7435 1.49411e-17)
(25.7252 3.73701 3.45328e-17)
(25.7138 3.72553 2.88748e-17)
(25.7022 3.70908 -1.17648e-16)
(25.6922 3.68547 -2.95908e-16)
(25.681 3.66061 2.66971e-16)
(25.679 3.623 -1.52877e-16)
(25.67 3.59355 -2.06285e-16)
(25.6516 3.55269 4.5336e-17)
(25.6126 3.52519 -7.1284e-16)
(25.5814 3.50066 4.19496e-16)
(25.5609 3.47627 -7.24129e-16)
(25.5455 3.45417 -2.73256e-17)
(25.5328 3.43493 5.3473e-16)
(25.5227 3.4183 -7.04442e-16)
(25.5149 3.40376 -2.05187e-16)
(25.5088 3.39094 7.7078e-16)
(25.5039 3.37953 -1.43228e-16)
(25.4998 3.3691 -1.55308e-16)
(25.4963 3.35922 2.38875e-16)
(25.4931 3.34947 -2.44884e-16)
(25.4902 3.33941 2.80348e-16)
(25.4873 3.32849 -1.60192e-16)
(25.4846 3.31638 -2.17274e-17)
(25.4822 3.30353 6.20498e-17)
(25.7391 3.72501 -1.09452e-17)
(25.7306 3.71915 1.38225e-18)
(25.7217 3.70866 2.5034e-17)
(25.7126 3.69333 -6.31904e-17)
(25.7049 3.67138 2.89089e-16)
(25.6966 3.64869 -1.76946e-16)
(25.6968 3.61161 1.69135e-17)
(25.686 3.58664 -1.72693e-16)
(25.6689 3.54423 4.26451e-16)
(25.6295 3.51587 -8.41726e-16)
(25.5971 3.49154 -1.915e-17)
(25.5758 3.4676 4.19275e-16)
(25.5601 3.44619 -4.64512e-16)
(25.5474 3.42781 -3.11419e-17)
(25.5372 3.41202 -2.05888e-16)
(25.5292 3.39813 1.23291e-16)
(25.5228 3.38576 -2.727e-17)
(25.5175 3.37465 -5.40446e-17)
(25.513 3.36445 8.4315e-17)
(25.5092 3.35477 5.35945e-17)
(25.5057 3.34524 -4.86537e-17)
(25.5025 3.33545 -1.19685e-16)
(25.4993 3.32483 7.25909e-17)
(25.4962 3.31309 -3.39299e-19)
(25.4934 3.30064 1.34991e-16)
(25.4911 3.28824 -6.70815e-17)
(25.7421 3.70655 1.30184e-17)
(25.7358 3.7014 -5.87475e-18)
(25.7291 3.69208 -3.35864e-17)
(25.7225 3.67812 -1.15442e-16)
(25.7168 3.65843 -2.82561e-16)
(25.7112 3.63802 2.42378e-16)
(25.7121 3.60212 1.09418e-16)
(25.6996 3.58302 2.10156e-16)
(25.6848 3.53788 4.74065e-16)
(25.6459 3.5079 8.21321e-17)
(25.6127 3.48312 3.12985e-16)
(25.5902 3.45879 -9.62191e-17)
(25.5734 3.43719 2.26768e-16)
(25.5598 3.41905 -6.67306e-16)
(25.5492 3.40394 9.40982e-16)
(25.5412 3.39101 -3.20114e-16)
(25.5348 3.37968 -1.40296e-16)
(25.5295 3.36953 3.51132e-16)
(25.5248 3.36012 -2.22005e-16)
(25.5204 3.35108 7.7324e-18)
(25.5164 3.34206 -3.19308e-17)
(25.5126 3.3327 2.94748e-16)
(25.5087 3.32252 -2.7606e-16)
(25.5049 3.31122 -2.27888e-17)
(25.5013 3.29924 2.24005e-16)
(25.4981 3.2873 -7.70192e-17)
(25.7448 3.68811 6.40592e-18)
(25.7406 3.68375 -2.53941e-17)
(25.7361 3.67577 8.01899e-17)
(25.7316 3.66357 -1.02564e-16)
(25.7276 3.6467 3.8404e-16)
(25.724 3.62862 -1.83485e-16)
(25.7242 3.59536 -2.99832e-16)
(25.7109 3.58361 3.26248e-16)
(25.6998 3.53373 -8.22918e-16)
(25.6621 3.5018 5.69337e-16)
(25.6287 3.4769 -6.27507e-16)
(25.6051 3.45249 1.0504e-15)
(25.5864 3.43039 -7.18245e-16)
(25.5702 3.41117 -2.40722e-17)
(25.557 3.39469 1.34988e-16)
(25.5468 3.38059 -3.41147e-16)
(25.5391 3.36856 4.96125e-16)
(25.5332 3.35826 -1.53052e-16)
(25.5284 3.34915 -2.27019e-17)
(25.5241 3.34069 1.93665e-16)
(25.5201 3.33239 -9.81382e-17)
(25.5159 3.32377 -4.30467e-16)
(25.5115 3.31424 1.71476e-16)
(25.5068 3.30353 -6.45716e-18)
(25.5024 3.29224 -4.65708e-17)
(25.4985 3.28126 1.12996e-16)
(25.747 3.66959 -4.8793e-18)
(25.7445 3.66614 2.00321e-17)
(25.742 3.65971 -3.50375e-17)
(25.7394 3.64973 1.97841e-17)
(25.737 3.63623 1.43239e-16)
(25.7349 3.62078 -2.87299e-16)
(25.7341 3.59298 2.97709e-17)
(25.7225 3.58921 5.76245e-17)
(25.7145 3.5316 6.21986e-16)
(25.676 3.49491 -7.01622e-16)
(25.6406 3.46851 4.73884e-16)
(25.6157 3.44581 -3.55746e-16)
(25.5967 3.42731 6.36226e-16)
(25.5807 3.41158 -9.99018e-16)
(25.5667 3.39714 9.28357e-17)
(25.5543 3.38318 3.04237e-16)
(25.5435 3.36961 4.51863e-16)
(25.5343 3.35664 -4.50965e-16)
(25.5267 3.3443 -2.94387e-17)
(25.5206 3.33249 -1.48236e-16)
(25.5156 3.32105 2.44744e-16)
(25.5113 3.30966 -4.60537e-16)
(25.5071 3.2979 4.56593e-17)
(25.5023 3.28543 2.74669e-16)
(25.497 3.27232 6.16951e-17)
(25.4917 3.25905 -7.84439e-17)
(25.7484 3.65061 3.26994e-17)
(25.7471 3.64825 4.02498e-17)
(25.7459 3.64378 5.53935e-17)
(25.7449 3.6368 -1.94416e-16)
(25.7442 3.62747 2.30142e-16)
(25.7441 3.61599 -1.2514e-16)
(25.7443 3.59738 -2.45625e-16)
(25.7377 3.59932 2.62498e-16)
(25.7309 3.53431 5.54671e-18)
(25.6882 3.48416 -3.41869e-16)
(25.6458 3.44391 7.44945e-16)
(25.6132 3.41275 4.08815e-16)
(25.5893 3.39245 -1.07544e-15)
(25.5731 3.38126 7.05169e-16)
(25.5635 3.37612 -1.44883e-16)
(25.5583 3.37412 -1.25445e-16)
(25.555 3.37348 2.59968e-16)
(25.5518 3.37316 -7.00618e-17)
(25.5478 3.37242 -1.59115e-16)
(25.5427 3.37093 -3.8094e-16)
(25.5367 3.36839 2.68675e-16)
(25.5302 3.3646 2.14873e-16)
(25.5237 3.3592 -1.30553e-16)
(25.5186 3.35238 -1.02494e-16)
(25.5157 3.34558 1.40003e-17)
(25.5141 3.34 -1.55777e-17)
(25.7493 3.63039 2.18956e-17)
(25.7487 3.6295 9.06796e-17)
(25.7483 3.62779 -9.43883e-17)
(25.7482 3.6251 1.08748e-16)
(25.7487 3.62151 -2.30327e-16)
(25.75 3.61683 2.05826e-16)
(25.7523 3.61044 -1.00109e-16)
(25.7519 3.61224 2.01312e-16)
(25.7488 3.55854 -6.31568e-16)
(25.7129 3.50419 -2.36737e-16)
(25.6735 3.44695 9.52056e-16)
(25.6366 3.3915 1.27488e-16)
(25.6026 3.34265 -1.21248e-15)
(25.5725 3.30173 8.96888e-16)
(25.5492 3.26845 3.34666e-16)
(25.5336 3.24125 -3.26824e-16)
(25.5252 3.21869 8.71912e-17)
(25.5232 3.19936 -4.98901e-16)
(25.5259 3.18198 -7.17545e-17)
(25.5317 3.1656 5.47994e-16)
(25.5392 3.1494 -9.35525e-16)
(25.5472 3.13261 4.22726e-16)
(25.5539 3.11432 2.91779e-16)
(25.5564 3.09431 2.26263e-16)
(25.5545 3.07384 -3.29936e-16)
(25.5517 3.05425 -2.71273e-17)
)
;

boundaryField
{
    inlet
    {
        type            freestreamVelocity;
        freestreamValue uniform (25.75 3.62 0);
        value           nonuniform List<vector> 
26
(
(25.75 3.62005 1.06609e-19)
(25.75 3.62005 4.41513e-19)
(25.75 3.62004 -4.59569e-19)
(25.75 3.62002 5.29479e-19)
(25.75 3.62001 -1.12142e-18)
(25.75 3.61998 1.00212e-18)
(25.75 3.61995 -4.87398e-19)
(25.75 3.61996 9.80127e-19)
(25.7495 3.59352 -2.72137e-16)
(25.734 3.57005 -1.02103e-16)
(25.717 3.54529 4.11018e-16)
(25.701 3.52126 5.50915e-17)
(25.6862 3.50005 -5.24389e-16)
(25.6732 3.48226 3.8817e-16)
(25.663 3.46776 1.44925e-16)
(25.6562 3.4559 -1.41597e-16)
(25.6526 3.44606 3.77913e-17)
(25.6516 3.43762 -2.16317e-16)
(25.6528 3.43002 -3.11224e-17)
(25.6553 3.42285 2.37762e-16)
(25.6585 3.41575 -4.06037e-16)
(25.662 3.40839 1.83534e-16)
(25.6648 3.40037 1.26728e-16)
(25.6659 3.39159 9.83109e-17)
(25.665 3.3826 -1.43412e-16)
(25.6638 3.374 -1.17957e-17)
)
;
    }
    outlet
    {
        type            freestreamVelocity;
        freestreamValue nonuniform List<vector> 0();
        value           nonuniform List<vector> 0();
    }
    walls
    {
        type            noSlip;
    }
    frontAndBack
    {
        type            empty;
    }
    procBoundary0to1
    {
        type            processor;
        value           nonuniform List<vector> 
94
(
(14.7935 11.1746 -4.67362e-16)
(15.3208 9.70605 -7.70773e-16)
(15.3208 9.70605 -7.70773e-16)
(15.8489 8.37569 -1.40178e-15)
(15.8489 8.37569 -1.40178e-15)
(16.3876 7.1735 7.09302e-17)
(16.3876 7.1735 7.09302e-17)
(16.9414 6.13422 -1.71337e-15)
(16.9414 6.13422 -1.71337e-15)
(17.5032 5.26644 1.03699e-16)
(17.5032 5.26644 1.03699e-16)
(18.0626 4.547 -8.61378e-17)
(18.5371 4.58327 4.05986e-16)
(18.5371 4.58327 4.05986e-16)
(19.031 4.02735 7.18895e-16)
(19.4263 4.07875 5.43101e-16)
(19.4263 4.07875 5.43101e-16)
(19.8624 3.65998 1.22793e-15)
(20.1957 3.72068 2.16486e-17)
(20.5091 3.77136 -8.67747e-17)
(20.5091 3.77136 -8.67747e-17)
(20.8642 3.4729 -5.26642e-16)
(21.1316 3.52966 4.48029e-16)
(21.1316 3.52966 4.48029e-16)
(21.4454 3.30763 -1.03626e-16)
(21.6747 3.36729 -9.97964e-18)
(21.8916 3.41948 -5.72645e-17)
(21.8916 3.41948 -5.72645e-17)
(22.1477 3.26483 2.11805e-16)
(22.3348 3.31788 -6.21415e-17)
(22.5122 3.36461 -2.24693e-16)
(22.5122 3.36461 -2.24693e-16)
(22.7212 3.2567 1.40142e-16)
(22.8749 3.3027 1.26986e-16)
(22.8749 3.3027 1.26986e-16)
(23.0578 3.22325 -2.31618e-16)
(23.1914 3.26715 3.5462e-16)
(23.3185 3.30589 1.05223e-16)
(23.3185 3.30589 1.05223e-16)
(23.4676 3.249 3.51746e-16)
(23.5788 3.28499 1.41271e-17)
(23.6848 3.31658 -4.1294e-16)
(23.6848 3.31658 -4.1294e-16)
(23.8069 3.27387 -8.06412e-17)
(23.9003 3.30249 1.08634e-16)
(23.9897 3.32739 2.32573e-17)
(23.9897 3.32739 2.32573e-17)
(24.0905 3.29313 1.11696e-16)
(24.1699 3.31518 2.78358e-16)
(24.2462 3.33416 1.9783e-16)
(24.2462 3.33416 1.9783e-16)
(24.3305 3.30465 9.09738e-17)
(24.3989 3.32117 2.88722e-16)
(24.4647 3.33523 8.98467e-17)
(24.4647 3.33523 8.98467e-17)
(24.5362 3.3081 2.03291e-16)
(24.5958 3.32025 2.22223e-16)
(24.6534 3.33048 1.82894e-16)
(24.7091 3.33903 1.34246e-17)
(24.7091 3.33903 1.34246e-17)
(24.7678 3.3131 -9.42305e-17)
(24.8188 3.32062 1.44202e-16)
(24.8681 3.32687 -3.84207e-16)
(24.9158 3.33203 -3.18575e-17)
(24.9158 3.33203 -3.18575e-17)
(24.9651 3.30723 8.17661e-17)
(25.0089 3.31202 2.2434e-16)
(25.0511 3.31598 6.16971e-17)
(25.0915 3.3192 -2.78059e-18)
(25.1302 3.32177 -8.17545e-17)
(25.1302 3.32177 -8.17545e-17)
(25.1688 3.29995 -2.36005e-16)
(25.2039 3.30263 -1.33695e-17)
(25.2375 3.30485 -6.21061e-17)
(25.2696 3.30664 -6.45488e-17)
(25.3 3.30801 -2.27184e-17)
(25.3284 3.30898 -5.95449e-17)
(25.3284 3.30898 -5.95449e-17)
(25.3552 3.29173 6.80698e-17)
(25.3792 3.2927 -1.54415e-16)
(25.3978 3.29323 -5.30974e-17)
(25.4123 3.29344 -6.16231e-17)
(25.4266 3.29344 1.06909e-16)
(25.4407 3.29319 -9.31024e-17)
(25.4544 3.29265 -6.76566e-18)
(25.4678 3.29188 -2.17399e-16)
(25.4804 3.29071 -3.84703e-17)
(25.4804 3.29071 -3.84703e-17)
(25.4893 3.27617 -7.0177e-17)
(25.4955 3.27564 3.53743e-17)
(25.4952 3.27089 2.4209e-17)
(25.487 3.24586 1.90577e-17)
(25.5132 3.33559 -5.51074e-17)
(25.5504 3.03581 -2.11053e-17)
)
;
    }
    procBoundary0to4
    {
        type            processor;
        value           nonuniform List<vector> 
72
(
(18.5697 14.7744 -5.33568e-19)
(19.2329 14.06 1.4078e-17)
(19.8239 13.4114 1.20204e-17)
(20.353 12.8189 -1.82968e-17)
(20.8286 12.2747 2.68781e-17)
(21.2578 11.7725 3.84488e-18)
(21.6464 11.3072 -5.46049e-17)
(21.9992 10.8745 2.41744e-17)
(22.3202 10.4709 -2.15297e-17)
(22.613 10.0936 2.39294e-17)
(22.8804 9.73989 -5.21348e-18)
(23.125 9.40771 -4.01693e-17)
(23.3491 9.09515 9.74998e-20)
(23.5547 8.80061 4.97793e-18)
(23.7433 8.52265 2.52846e-17)
(23.9166 8.26002 -1.81784e-17)
(24.0759 8.01161 1.97245e-17)
(24.2224 7.77645 2.30289e-17)
(24.3571 7.55363 -4.66231e-17)
(24.481 7.34236 1.21108e-17)
(24.595 7.14191 4.27026e-18)
(24.6999 6.95163 1.20205e-17)
(24.5707 6.64099 -7.58056e-19)
(24.5707 6.64099 -7.58056e-19)
(24.6693 6.47862 6.29236e-18)
(24.7604 6.32416 -2.71612e-18)
(24.8444 6.17719 -3.84216e-18)
(24.9221 6.03731 -6.4659e-18)
(24.9937 5.90416 1.19126e-18)
(25.0598 5.77739 -2.10345e-18)
(25.1207 5.65669 5.01419e-18)
(25.1769 5.54176 -5.31792e-18)
(25.2287 5.43233 -8.32745e-18)
(25.2764 5.32812 -5.22925e-18)
(25.3203 5.2289 -9.86997e-18)
(25.3607 5.13443 1.22417e-17)
(25.3978 5.04449 -2.63106e-18)
(25.4319 4.95888 6.82724e-19)
(25.4632 4.87739 -4.25631e-19)
(25.4919 4.79985 -4.69541e-18)
(25.5182 4.72607 -1.28371e-18)
(25.5423 4.65588 2.33062e-19)
(25.5643 4.58913 -1.05896e-18)
(25.5844 4.52567 -1.5159e-18)
(25.6028 4.46534 2.23541e-18)
(25.6195 4.40802 -7.29129e-19)
(25.6347 4.35356 -6.05273e-18)
(25.6485 4.30185 1.33295e-18)
(25.661 4.25276 -3.31608e-18)
(25.6723 4.20618 2.33886e-18)
(25.6825 4.16199 1.7636e-18)
(25.6917 4.1201 5.14271e-19)
(25.6999 4.0804 1.21136e-18)
(25.7073 4.04279 -3.98673e-18)
(25.7139 4.00718 1.80734e-18)
(25.7197 3.97348 -2.27325e-18)
(25.7249 3.94159 5.67274e-19)
(25.7294 3.91141 -1.06906e-18)
(25.7333 3.88282 -4.99281e-18)
(25.7362 3.85998 1.70932e-18)
(25.7384 3.84163 -2.76724e-19)
(25.7405 3.82292 5.47706e-20)
(25.7424 3.80404 4.42576e-19)
(25.7441 3.78505 1.0406e-18)
(25.7456 3.76601 -3.33497e-18)
(25.7469 3.74698 -5.16764e-20)
(25.7479 3.72799 1.12299e-19)
(25.7487 3.70901 -7.94648e-19)
(25.7493 3.69005 1.66317e-18)
(25.7496 3.67102 -4.71185e-18)
(25.7498 3.65152 -2.50628e-18)
(25.7499 3.63072 9.03675e-18)
)
;
    }
    procBoundary0to5
    {
        type            processor;
        value           nonuniform List<vector> 4((17.092 14.8197 -1.39017e-17) (16.4572 14.0482 8.58667e-18) (15.8771 13.2366 1.22461e-16) (15.3193 12.2706 -4.233e-17));
    }
}


// ************************************************************************* //
